0, 1001365, 0, 0, 0, 0.0,
1, 991352, 10011, 2, 0, 0.0,
2, 980927, 10423, 10013, 0, 5343704832.0,
3, 972244, 19067, 10052, 0, 10186251776.0,
4, 965113, 25890, 10374, 0, 14625939456.0,
5, 958961, 30989, 11441, 2, 18975848448.0,
6, 953042, 34702, 13620, 13, 23755482112.0,
7, 946928, 37353, 17034, 55, 29561517056.0,
8, 940161, 39583, 21413, 166, 36891783168.0,
9, 932735, 41759, 26459, 391, 46019217408.0,
10, 924553, 44257, 31807, 786, 57062268928.0,
11, 915815, 46894, 37252, 1364, 69907836928.0,
12, 906767, 49721, 42787, 2134, 84400951296.0,
13, 897212, 52625, 48416, 3094, 100446093312.0,
14, 887451, 55646, 54208, 4229, 117936652288.0,
15, 877282, 58364, 60186, 5535, 136851890176.0,
16, 866757, 61165, 66353, 7044, 157150715904.0,
17, 855809, 63965, 72751, 8799, 178812313600.0,
18, 844596, 66657, 79256, 10852, 201705832448.0,
19, 833050, 69172, 85867, 13210, 225844535296.0,
20, 821224, 71612, 92486, 15941, 251086954496.0,
21, 809107, 74164, 99051, 19064, 277312094208.0,
22, 796743, 76569, 105540, 22613, 304466001920.0,
23, 784072, 78888, 111953, 26517, 332255510528.0,
24, 771247, 80954, 118306, 30850, 360809578496.0,
25, 758100, 83051, 124642, 35551, 390091898880.0,
26, 744945, 85039, 130821, 40544, 419622010880.0,
27, 731446, 86943, 137044, 45903, 449406631936.0,
28, 717731, 88931, 143179, 51560, 479615139840.0,
29, 704174, 90501, 149177, 57542, 510086283264.0,
30, 690446, 92252, 155210, 63759, 540685336576.0,
31, 676556, 93677, 161040, 70232, 571333902336.0,
32, 662535, 94851, 166780, 77012, 602191364096.0,
33, 648771, 96081, 172482, 84075, 633002852352.0,
34, 634867, 97061, 178104, 91339, 663734845440.0,
35, 621021, 98041, 183566, 98875, 694446522368.0,
36, 607186, 98862, 188959, 106545, 724923252736.0,
37, 593553, 99524, 194172, 114384, 755082395648.0,
38, 579715, 100096, 199382, 122538, 785023729664.0,
39, 565738, 100678, 204213, 130832, 814554480640.0,
40, 552225, 101097, 208971, 139262, 843771445248.0,
41, 538562, 101423, 213717, 147874, 872917204992.0,
42, 525101, 101394, 218280, 156544, 901542248448.0,
43, 512066, 101353, 222648, 165278, 929607909376.0,
44, 498948, 101403, 226868, 174163, 956892938240.0,
45, 486218, 101074, 230907, 183156, 984025989120.0,
46, 473704, 100757, 234856, 192241, 1010433425408.0,
47, 461230, 100352, 238661, 201440, 1036304252928.0,
48, 449035, 99741, 242188, 210474, 1061713444864.0,
49, 436833, 99159, 245613, 219707, 1086307237888.0,
50, 424969, 98375, 248928, 228956, 1110355410944.0,
51, 413479, 97592, 252046, 238165, 1133656801280.0,
52, 402260, 96513, 255132, 247400, 1156185980928.0,
53, 390968, 95619, 257960, 256626, 1178110853120.0,
54, 380322, 94526, 260633, 265887, 1199133360128.0,
55, 369687, 93555, 263083, 275008, 1219555622912.0,
56, 359548, 92401, 265305, 284089, 1239260856320.0,
57, 349522, 91117, 267581, 293118, 1258353131520.0,
58, 339951, 89843, 269609, 301998, 1276660744192.0,
59, 330869, 88332, 271618, 310725, 1294069596160.0,
60, 322022, 87017, 273192, 319457, 1310942494720.0,
61, 312881, 85501, 274770, 328156, 1326729527296.0,
62, 304399, 83946, 276247, 336683, 1341780393984.0,
63, 296147, 82363, 277654, 345026, 1356343279616.0,
64, 288363, 80816, 278801, 353362, 1369897500672.0,
65, 280911, 79330, 279999, 361539, 1382656049152.0,
66, 273645, 77501, 280746, 369532, 1394528681984.0,
67, 266329, 75976, 281596, 377463, 1405486301184.0,
68, 259756, 74222, 282204, 385186, 1415967604736.0,
69, 253431, 72660, 282733, 392603, 1425756323840.0,
70, 247282, 70908, 283277, 399855, 1434904625152.0,
71, 241403, 69305, 283551, 407060, 1443316826112.0,
72, 235885, 67624, 283771, 414028, 1451057676288.0,
73, 230571, 65940, 283928, 420787, 1458048729088.0,
74, 225626, 64209, 283925, 427487, 1464449564672.0,
75, 221066, 62478, 283921, 433950, 1470239145984.0,
76, 216614, 60836, 283660, 440233, 1475275784192.0,
77, 212296, 59241, 283485, 446246, 1479941881856.0,
78, 208150, 57636, 283175, 452150, 1483934072832.0,
79, 204437, 56051, 282741, 457872, 1487134130176.0,
80, 201297, 54374, 282364, 463370, 1490052644864.0,
81, 198097, 52832, 281707, 468703, 1492345618432.0,
82, 195275, 51355, 281106, 473800, 1494032973824.0,
83, 192259, 49785, 280521, 478703, 1495040917504.0,
84, 189734, 48299, 279831, 483376, 1495644307456.0,
85, 187437, 46976, 278980, 487967, 1495634608128.0,
86, 185132, 45510, 278234, 492440, 1495237591040.0,
87, 183245, 44136, 277275, 496570, 1494501359616.0,
88, 181682, 42716, 276448, 500523, 1493538111488.0,
89, 180160, 41447, 275637, 504241, 1492181712896.0,
90, 178612, 40143, 274798, 507851, 1490519851008.0,
91, 176984, 39016, 273925, 511257, 1488564977664.0,
92, 175994, 37847, 273029, 514480, 1485904150528.0,
93, 174744, 36705, 272166, 517634, 1483397791744.0,
94, 174047, 35582, 271216, 520496, 1480663236608.0,
95, 173281, 34476, 270369, 523275, 1477409964032.0,
96, 172872, 33300, 269441, 525785, 1474215739392.0,
97, 172567, 32304, 268457, 528047, 1470804787200.0,
98, 172307, 31255, 267505, 530354, 1467863138304.0,
99, 171799, 30355, 266566, 532442, 1464545902592.0,
100, 171809, 29449, 265564, 534394, 1460945158144.0,
101, 172092, 28532, 264610, 536215, 1457082335232.0,
102, 172072, 27667, 263699, 537836, 1452947603456.0,
103, 172298, 26839, 262697, 539399, 1448378761216.0,
104, 172761, 26082, 261820, 540764, 1444294033408.0,
105, 173021, 25346, 261051, 542040, 1440159105024.0,
106, 173489, 24690, 260146, 543045, 1435576893440.0,
107, 173770, 24033, 259406, 544031, 1431442292736.0,
108, 174334, 23432, 258503, 544949, 1427294453760.0,
109, 175122, 22809, 257798, 545876, 1422836629504.0,
110, 175514, 22270, 257071, 546693, 1418427039744.0,
111, 176298, 21694, 256308, 547257, 1414109396992.0,
112, 176900, 21117, 255700, 547746, 1410095579136.0,
113, 177451, 20662, 255087, 547989, 1405858021376.0,
114, 178400, 20206, 254211, 548374, 1401872842752.0,
115, 179423, 19667, 253626, 548564, 1397759672320.0,
116, 180302, 19200, 252999, 548780, 1393937154048.0,
117, 181182, 18787, 252302, 548846, 1389955645440.0,
118, 182067, 18396, 251745, 548888, 1385784606720.0,
119, 183103, 18068, 251077, 548987, 1381982666752.0,
120, 184113, 17752, 250613, 548930, 1378282700800.0,
121, 185186, 17364, 250175, 548830, 1374528536576.0,
122, 186150, 17057, 249559, 548603, 1371007352832.0,
123, 187132, 16759, 248994, 548357, 1367692869632.0,
124, 188229, 16513, 248557, 548089, 1364407091200.0,
125, 189147, 16268, 248105, 547781, 1361215094784.0,
126, 190170, 16025, 247677, 547461, 1357655572480.0,
127, 191093, 15812, 247276, 547152, 1354589798400.0,
128, 191887, 15620, 247089, 546835, 1351732166656.0,
129, 193180, 15386, 246640, 546268, 1348807622656.0,
130, 194029, 15171, 246306, 545849, 1346044166144.0,
131, 195034, 15009, 245976, 545345, 1343173558272.0,
132, 196068, 14867, 245708, 544836, 1340717203456.0,
133, 196945, 14701, 245370, 544327, 1338487472128.0,
134, 198096, 14541, 244975, 543681, 1335983210496.0,
135, 199090, 14369, 244681, 543100, 1333375926272.0,
136, 200112, 14270, 244459, 542488, 1331080200192.0,
137, 200952, 14197, 244259, 541890, 1328767762432.0,
138, 201898, 14058, 244031, 541347, 1326954315776.0,
139, 202906, 13940, 243675, 540792, 1324947144704.0,
140, 203815, 13872, 243529, 540102, 1322934403072.0,
141, 204967, 13729, 243219, 539459, 1320979857408.0,
142, 205812, 13645, 242917, 538881, 1319279198208.0,
143, 206903, 13579, 242647, 538145, 1317495832576.0,
144, 207890, 13511, 242435, 537424, 1315807559680.0,
145, 208675, 13463, 242322, 536874, 1314055520256.0,
146, 209336, 13407, 242219, 536186, 1312493666304.0,
147, 210222, 13364, 242045, 535635, 1310909988864.0,
148, 210853, 13328, 241983, 534933, 1309610803200.0,
149, 211757, 13273, 241887, 534324, 1308324659200.0,
150, 212762, 13203, 241760, 533630, 1307231715328.0,
151, 213418, 13162, 241604, 533143, 1305914376192.0,
152, 214077, 13151, 241510, 532526, 1304832442368.0,
153, 214885, 13104, 241381, 531749, 1304023990272.0,
154, 215861, 13070, 241196, 531165, 1302828810240.0,
155, 216569, 13084, 241156, 530495, 1302004826112.0,
156, 217402, 13027, 241060, 529836, 1301127102464.0,
157, 217924, 12995, 240980, 529218, 1300226768896.0,
158, 218611, 12968, 240754, 528812, 1299257950208.0,
159, 219386, 12969, 240857, 528378, 1298549374976.0,
160, 219886, 12927, 240699, 527694, 1297945657344.0,
161, 220583, 12917, 240654, 527232, 1297017077760.0,
162, 221419, 12879, 240567, 526394, 1296198729728.0,
163, 221997, 12893, 240466, 526056, 1295638200320.0,
164, 222387, 12893, 240546, 525556, 1294843314176.0,
165, 223305, 12882, 240498, 524870, 1294407434240.0,
166, 223575, 12909, 240493, 524479, 1294074839040.0,
167, 223759, 12882, 240469, 524066, 1293476560896.0,
168, 224493, 12854, 240419, 523555, 1292814909440.0,
169, 225267, 12827, 240413, 522975, 1292473729024.0,
170, 225928, 12797, 240336, 522390, 1292190547968.0,
171, 226435, 12775, 240269, 521980, 1291906121728.0,
172, 226938, 12760, 240178, 521436, 1291456020480.0,
173, 227613, 12761, 240206, 520989, 1291040063488.0,
174, 228115, 12739, 240048, 520471, 1290580656128.0,
175, 228524, 12731, 240044, 520056, 1289988079616.0,
176, 228899, 12715, 240127, 519629, 1289725673472.0,
177, 229648, 12735, 240056, 519085, 1289370730496.0,
178, 230016, 12733, 240012, 518760, 1289075818496.0,
179, 229871, 12755, 240096, 518515, 1288938913792.0,
180, 230759, 12751, 240125, 518176, 1288858370048.0,
181, 231094, 12759, 239943, 517674, 1288553299968.0,
182, 231709, 12719, 239928, 517167, 1288223653888.0,
183, 232308, 12717, 239867, 516655, 1287830634496.0,
184, 232629, 12698, 239856, 516224, 1287732854784.0,
185, 233002, 12703, 239817, 515925, 1287396524032.0,
186, 233379, 12682, 239709, 515575, 1287003635712.0,
187, 233443, 12692, 239793, 515235, 1286527254528.0,
188, 234059, 12716, 239690, 515067, 1286500515840.0,
189, 234211, 12723, 239549, 514694, 1286498353152.0,
190, 234526, 12685, 239725, 514420, 1286037831680.0,
191, 234690, 12723, 239710, 514138, 1285924323328.0,
192, 235066, 12689, 239604, 513778, 1286011092992.0,
193, 235290, 12707, 239708, 513489, 1285817499648.0,
194, 235736, 12693, 239645, 513329, 1285774442496.0,
195, 236194, 12686, 239638, 512867, 1285686689792.0,
196, 236609, 12652, 239557, 512518, 1285462753280.0,
197, 236834, 12660, 239431, 512323, 1285419106304.0,
198, 237093, 12684, 239516, 511927, 1285245501440.0,
199, 237527, 12682, 239441, 511701, 1284888199168.0,
200, 237941, 12659, 239387, 511519, 1284634312704.0,
201, 238105, 12696, 239427, 511220, 1284659347456.0,
202, 238589, 12651, 239256, 510878, 1284437114880.0,
203, 238738, 12650, 239296, 510731, 1284116447232.0,
204, 239072, 12662, 239284, 510452, 1283964993536.0,
205, 239166, 12662, 239327, 510211, 1283810197504.0,
206, 239436, 12623, 239260, 509885, 1283728539648.0,
207, 239537, 12670, 239225, 509678, 1283642163200.0,
208, 239748, 12634, 239225, 509466, 1283595436032.0,
209, 240374, 12641, 239128, 509200, 1283495165952.0,
210, 240671, 12633, 239007, 508904, 1283337945088.0,
211, 241114, 12624, 238928, 508741, 1283209953280.0,
212, 240911, 12688, 239070, 508594, 1283281453056.0,
213, 241258, 12676, 239103, 508425, 1283040149504.0,
214, 241272, 12691, 238986, 508269, 1283010396160.0,
215, 241473, 12661, 239017, 507942, 1282853634048.0,
216, 241855, 12678, 238808, 507670, 1282457403392.0,
217, 242100, 12655, 238975, 507536, 1282269446144.0,
218, 242154, 12649, 238812, 507321, 1282401173504.0,
219, 242740, 12676, 238787, 507091, 1282015952896.0,
220, 242878, 12690, 238861, 507067, 1282227699712.0,
221, 242956, 12660, 238956, 506954, 1282017525760.0,
222, 243010, 12676, 238857, 506616, 1281760296960.0,
223, 242944, 12689, 238917, 506648, 1281699938304.0,
224, 243522, 12666, 238932, 506473, 1281599799296.0,
225, 243504, 12644, 238914, 506353, 1281464860672.0,
226, 243753, 12646, 238832, 506053, 1281223819264.0,
227, 243754, 12655, 238977, 505995, 1281003159552.0,
228, 244221, 12647, 238932, 505812, 1281037107200.0,
229, 243982, 12642, 239004, 505678, 1280931528704.0,
230, 244213, 12662, 238850, 505554, 1280891879424.0,
231, 244577, 12617, 238887, 505166, 1280717684736.0,
232, 244560, 12663, 238975, 505193, 1280891092992.0,
233, 244718, 12628, 238888, 504992, 1281038352384.0,
234, 244478, 12669, 238974, 504981, 1281069744128.0,
235, 244906, 12649, 238944, 504837, 1280979894272.0,
236, 244886, 12629, 239026, 504858, 1281075707904.0,
237, 245210, 12642, 238897, 504660, 1281047265280.0,
238, 245507, 12638, 238967, 504498, 1281239678976.0,
239, 245423, 12638, 238869, 504412, 1281289814016.0,
240, 245599, 12651, 238785, 504319, 1281260519424.0,
241, 245822, 12625, 238732, 504095, 1281074855936.0,
242, 245942, 12613, 238773, 504100, 1280882835456.0,
243, 245949, 12634, 238823, 504050, 1280634257408.0,
244, 245737, 12657, 238947, 503909, 1280450953216.0,
245, 246201, 12632, 238891, 503889, 1280189071360.0,
246, 246090, 12658, 238831, 503827, 1280158334976.0,
247, 246564, 12607, 238848, 503586, 1280221380608.0,
248, 246504, 12612, 238809, 503588, 1280384696320.0,
249, 246442, 12656, 238865, 503545, 1280577372160.0,
250, 246713, 12673, 238793, 503323, 1280597819392.0,
251, 247073, 12652, 238817, 503234, 1280620036096.0,
252, 246911, 12686, 238772, 503242, 1280716374016.0,
253, 247110, 12658, 238661, 503002, 1280545849344.0,
254, 247270, 12647, 238699, 502973, 1280443219968.0,
255, 247403, 12631, 238706, 502815, 1280334692352.0,
256, 247518, 12605, 238582, 502838, 1280121634816.0,
257, 247568, 12635, 238479, 502594, 1280156631040.0,
258, 247579, 12638, 238393, 502455, 1279972278272.0,
259, 247597, 12588, 238473, 502496, 1279727370240.0,
260, 247716, 12592, 238376, 502451, 1279254003712.0,
261, 247818, 12606, 238405, 502171, 1278977900544.0,
262, 247912, 12636, 238437, 502235, 1279050645504.0,
263, 248031, 12635, 238525, 502199, 1279156420608.0,
264, 248185, 12630, 238550, 502211, 1279028232192.0,
265, 248234, 12659, 238455, 502064, 1278910988288.0,
266, 248310, 12653, 238539, 502020, 1278626103296.0,
267, 248420, 12616, 238543, 501954, 1278635540480.0,
268, 248569, 12617, 238527, 501798, 1278790991872.0,
269, 248453, 12641, 238561, 501850, 1278647468032.0,
270, 248686, 12632, 238656, 501802, 1278748065792.0,
271, 248830, 12624, 238417, 501526, 1278906335232.0,
272, 248821, 12591, 238395, 501455, 1278838702080.0,
273, 248928, 12641, 238398, 501590, 1278863540224.0,
274, 248815, 12630, 238573, 501393, 1278662148096.0,
275, 248795, 12606, 238485, 501381, 1278643929088.0,
276, 248883, 12633, 238531, 501314, 1278621057024.0,
277, 248997, 12646, 238642, 501279, 1278730371072.0,
278, 249135, 12621, 238513, 501128, 1278497914880.0,
279, 249122, 12648, 238480, 501091, 1278521180160.0,
280, 249694, 12605, 238394, 500939, 1278479761408.0,
281, 249690, 12576, 238332, 500815, 1278631084032.0,
282, 249809, 12614, 238262, 500743, 1278483628032.0,
283, 249875, 12579, 238307, 500684, 1278384668672.0,
284, 249930, 12619, 238295, 500648, 1278242521088.0,
285, 250046, 12572, 238221, 500506, 1277842751488.0,
286, 250178, 12579, 238043, 500379, 1277703749632.0,
287, 250168, 12592, 238144, 500315, 1277526081536.0,
288, 250298, 12584, 238163, 500208, 1277417291776.0,
289, 250408, 12570, 238002, 500164, 1277392191488.0,
290, 250457, 12591, 238001, 500105, 1277353000960.0,
291, 250736, 12604, 237950, 500068, 1277277044736.0,
292, 250403, 12615, 238102, 500199, 1277237002240.0,
293, 250581, 12616, 238166, 500036, 1277155147776.0,
294, 250706, 12609, 238041, 500052, 1277093937152.0,
295, 250755, 12592, 238085, 500055, 1276906962944.0,
296, 250717, 12608, 238120, 499964, 1276885663744.0,
297, 250628, 12610, 238149, 499839, 1277048782848.0,
298, 250732, 12631, 238137, 499781, 1276986327040.0,
299, 250750, 12644, 238165, 499823, 1277100163072.0,
300, 250780, 12613, 238152, 499870, 1276930949120.0,
301, 250646, 12642, 238269, 499790, 1277159931904.0,
302, 250706, 12640, 238223, 499716, 1277238247424.0,
303, 250683, 12627, 238228, 499678, 1277101277184.0,
304, 250812, 12636, 238283, 499691, 1277270622208.0,
305, 250645, 12623, 238294, 499692, 1277244407808.0,
306, 250540, 12636, 238310, 499762, 1277432233984.0,
307, 250380, 12671, 238253, 499846, 1277577986048.0,
308, 250668, 12638, 238220, 499679, 1277515071488.0,
309, 250788, 12591, 238262, 499703, 1277307912192.0,
310, 250851, 12643, 238347, 499793, 1277237395456.0,
311, 250809, 12572, 238282, 499721, 1277136142336.0,
312, 251037, 12597, 238170, 499626, 1277212229632.0,
313, 251170, 12606, 238208, 499695, 1277175332864.0,
314, 251088, 12599, 238198, 499587, 1277380853760.0,
315, 251005, 12605, 238107, 499584, 1277387538432.0,
316, 250954, 12662, 238120, 499624, 1277197352960.0,
317, 250948, 12638, 238076, 499699, 1277273505792.0,
318, 250867, 12651, 238119, 499771, 1277396320256.0,
319, 251275, 12623, 238148, 499443, 1277526212608.0,
320, 251104, 12599, 238206, 499493, 1277227106304.0,
321, 251216, 12611, 238210, 499351, 1277101146112.0,
322, 251202, 12581, 237984, 499486, 1276730408960.0,
323, 251421, 12565, 237939, 499476, 1276716646400.0,
324, 251307, 12578, 238019, 499350, 1276808200192.0,
325, 251496, 12533, 238047, 499245, 1276384116736.0,
326, 251248, 12581, 238062, 499310, 1276341714944.0,
327, 251634, 12553, 238038, 499248, 1276166799360.0,
328, 251553, 12584, 237970, 499200, 1276178071552.0,
329, 251376, 12548, 238026, 499161, 1276136652800.0,
330, 251763, 12584, 237992, 499054, 1275929690112.0,
331, 251517, 12598, 238106, 499062, 1276071182336.0,
332, 251680, 12629, 237995, 499008, 1276193603584.0,
333, 251742, 12602, 237999, 499078, 1276124200960.0,
334, 252111, 12581, 237941, 498805, 1276009447424.0,
335, 252155, 12573, 237923, 498730, 1276027928576.0,
336, 251969, 12589, 237930, 498742, 1276001452032.0,
337, 252140, 12592, 237878, 498744, 1276005449728.0,
338, 252275, 12570, 237880, 498760, 1276009185280.0,
339, 252300, 12599, 237788, 498634, 1275846131712.0,
340, 252119, 12578, 237820, 498679, 1275635826688.0,
341, 252119, 12610, 237813, 498821, 1275281604608.0,
342, 251852, 12612, 237897, 498937, 1275597291520.0,
343, 251753, 12615, 237994, 498914, 1275500888064.0,
344, 252094, 12608, 237814, 498867, 1275362607104.0,
345, 252092, 12579, 237833, 498730, 1275460452352.0,
346, 251992, 12626, 237839, 498750, 1275478278144.0,
347, 252138, 12598, 237805, 498682, 1275490729984.0,
348, 252020, 12614, 237902, 498538, 1275470479360.0,
349, 252132, 12595, 237878, 498540, 1275535294464.0,
350, 251837, 12611, 237956, 498574, 1275429650432.0,
351, 252151, 12624, 237801, 498664, 1275633336320.0,
352, 252140, 12602, 237908, 498758, 1275773648896.0,
353, 252059, 12604, 237947, 498837, 1275803795456.0,
354, 251842, 12619, 237993, 498793, 1275445510144.0,
355, 252059, 12606, 237953, 498827, 1275203223552.0,
356, 252009, 12610, 237932, 498881, 1275130609664.0,
357, 251822, 12622, 237989, 498756, 1275542175744.0,
358, 251914, 12642, 238065, 498726, 1275818409984.0,
359, 251963, 12631, 238025, 498727, 1275813822464.0,
360, 251980, 12588, 238068, 498619, 1275538374656.0,
361, 252269, 12585, 238106, 498648, 1275386986496.0,
362, 252472, 12550, 237869, 498658, 1275503902720.0,
363, 252251, 12571, 237951, 498491, 1275404091392.0,
364, 252422, 12552, 237911, 498446, 1275402387456.0,
365, 252526, 12559, 237850, 498375, 1275623505920.0,
366, 252348, 12583, 237912, 498530, 1275205517312.0,
367, 252243, 12607, 237895, 498562, 1275073724416.0,
368, 252449, 12589, 237890, 498634, 1275013824512.0,
369, 252194, 12583, 237911, 498595, 1274977452032.0,
370, 252330, 12605, 237763, 498595, 1274843365376.0,
371, 252193, 12589, 237824, 498658, 1274828554240.0,
372, 252101, 12587, 237917, 498714, 1275024703488.0,
373, 252354, 12595, 237946, 498640, 1275121958912.0,
374, 252437, 12598, 237922, 498463, 1275207417856.0,
375, 252502, 12614, 238007, 498489, 1274992984064.0,
376, 252242, 12609, 237902, 498488, 1274834911232.0,
377, 252242, 12607, 237836, 498455, 1274749583360.0,
378, 252305, 12567, 237834, 498358, 1274935050240.0,
379, 252453, 12559, 237746, 498269, 1274951696384.0,
380, 252682, 12588, 237777, 498351, 1274736869376.0,
381, 252820, 12597, 237752, 498157, 1274949992448.0,
382, 253009, 12599, 237794, 497953, 1274968670208.0,
383, 252732, 12542, 237761, 498210, 1274831175680.0,
384, 252527, 12583, 237845, 498338, 1274593673216.0,
385, 252467, 12607, 237776, 498383, 1274634108928.0,
386, 252766, 12591, 237760, 498267, 1274823704576.0,
387, 252780, 12608, 237820, 498294, 1274814464000.0,
388, 252834, 12563, 237590, 498272, 1274718388224.0,
389, 252992, 12556, 237606, 498312, 1274655211520.0,
390, 252900, 12575, 237611, 498205, 1274656718848.0,
391, 252950, 12553, 237615, 498161, 1274379894784.0,
392, 252739, 12567, 237613, 498208, 1274378256384.0,
393, 253005, 12570, 237624, 498070, 1274482982912.0,
394, 253018, 12573, 237637, 497989, 1274519683072.0,
395, 252951, 12587, 237692, 498070, 1274374193152.0,
396, 252901, 12612, 237566, 497988, 1274276216832.0,
397, 252992, 12630, 237584, 498009, 1274079805440.0,
398, 253026, 12581, 237691, 498001, 1274372358144.0,
399, 252967, 12613, 237805, 498052, 1274514636800.0,
400, 253189, 12607, 237767, 497956, 1274483572736.0,
401, 253039, 12600, 237883, 497903, 1274258128896.0,
402, 253082, 12600, 237689, 497908, 1274108379136.0,
403, 253171, 12600, 237772, 497917, 1274116440064.0,
404, 252978, 12621, 237869, 497971, 1274261864448.0,
405, 252961, 12624, 237797, 497979, 1274749845504.0,
406, 252816, 12659, 237891, 498100, 1274974830592.0,
407, 252752, 12630, 237992, 498060, 1275179892736.0,
408, 252940, 12581, 237833, 498110, 1275172880384.0,
409, 252634, 12588, 237915, 498147, 1275035189248.0,
410, 252780, 12595, 237853, 498079, 1274860732416.0,
411, 252509, 12576, 237890, 498211, 1274884128768.0,
412, 252980, 12529, 237833, 498193, 1274888978432.0,
413, 252867, 12585, 237784, 498096, 1274845921280.0,
414, 252715, 12586, 237801, 498219, 1274808303616.0,
415, 252823, 12593, 237829, 498211, 1274834649088.0,
416, 253034, 12561, 237800, 498031, 1274858110976.0,
417, 253138, 12597, 237842, 498021, 1274834583552.0,
418, 252862, 12595, 237838, 498108, 1274632667136.0,
419, 253146, 12596, 237815, 498098, 1274931904512.0,
420, 252923, 12593, 237808, 498116, 1274967752704.0,
421, 252937, 12572, 237811, 498115, 1274951106560.0,
422, 253053, 12581, 237868, 498029, 1275103150080.0,
423, 252929, 12581, 237832, 498014, 1275048034304.0,
424, 252902, 12603, 237744, 497979, 1275044233216.0,
425, 253078, 12624, 237674, 497987, 1274998489088.0,
426, 253199, 12599, 237710, 498102, 1275044102144.0,
427, 252961, 12595, 237747, 498105, 1274723762176.0,
428, 252912, 12563, 237776, 498071, 1274571194368.0,
429, 252752, 12575, 237757, 498197, 1274738049024.0,
430, 252735, 12555, 237672, 498341, 1274850639872.0,
431, 252551, 12547, 237672, 498350, 1274672840704.0,
432, 253030, 12557, 237593, 498048, 1274711113728.0,
433, 253353, 12551, 237631, 497991, 1274705281024.0,
434, 253381, 12545, 237595, 497995, 1274561757184.0,
435, 253252, 12538, 237444, 497877, 1274349748224.0,
436, 253433, 12552, 237514, 497784, 1274024034304.0,
437, 253182, 12561, 237597, 497713, 1274025213952.0,
438, 253416, 12593, 237450, 497821, 1273889095680.0,
439, 253429, 12586, 237501, 497765, 1273958957056.0,
440, 253577, 12610, 237519, 497777, 1274091405312.0,
441, 253647, 12556, 237518, 497758, 1273715752960.0,
442, 253406, 12607, 237519, 497782, 1273784369152.0,
443, 253672, 12594, 237489, 497634, 1273751404544.0,
444, 253713, 12600, 237458, 497726, 1273826967552.0,
445, 253718, 12597, 237496, 497699, 1273614368768.0,
446, 253676, 12578, 237549, 497621, 1273624199168.0,
447, 253586, 12585, 237560, 497752, 1273644122112.0,
448, 253639, 12552, 237637, 497686, 1273420578816.0,
449, 253892, 12619, 237594, 497545, 1273251823616.0,
450, 253443, 12572, 237651, 497687, 1273235046400.0,
451, 253615, 12544, 237698, 497616, 1273075335168.0,
452, 253626, 12603, 237730, 497717, 1273030180864.0,
453, 253624, 12598, 237719, 497473, 1273125601280.0,
454, 253687, 12589, 237785, 497655, 1273359368192.0,
455, 253527, 12600, 237668, 497747, 1273422675968.0,
456, 253614, 12580, 237686, 497608, 1273529106432.0,
457, 253742, 12594, 237724, 497553, 1273583501312.0,
458, 253766, 12589, 237835, 497425, 1273765560320.0,
459, 253662, 12584, 237681, 497502, 1273803112448.0,
460, 253702, 12553, 237617, 497508, 1273757827072.0,
461, 253840, 12537, 237619, 497494, 1273720668160.0,
462, 253598, 12547, 237536, 497565, 1273850232832.0,
463, 253557, 12539, 237584, 497635, 1273717260288.0,
464, 253796, 12590, 237582, 497507, 1273650872320.0,
465, 254014, 12535, 237301, 497398, 1273427656704.0,
466, 253840, 12544, 237412, 497465, 1273398034432.0,
467, 254121, 12536, 237190, 497414, 1273473859584.0,
468, 253889, 12584, 237223, 497496, 1273337741312.0,
469, 253869, 12563, 237340, 497663, 1273237209088.0,
470, 254118, 12591, 237304, 497597, 1273321422848.0,
471, 254028, 12614, 237395, 497589, 1273161318400.0,
472, 254013, 12640, 237316, 497643, 1272886657024.0,
473, 253931, 12609, 237365, 497513, 1272680284160.0,
474, 254019, 12597, 237430, 497543, 1272556683264.0,
475, 254282, 12562, 237295, 497382, 1272432689152.0,
476, 254277, 12563, 237310, 497281, 1272525488128.0,
477, 254137, 12579, 237335, 497200, 1272342708224.0,
478, 253944, 12595, 237365, 497314, 1272283791360.0,
479, 253896, 12575, 237444, 497397, 1272432820224.0,
480, 253836, 12607, 237469, 497477, 1272372658176.0,
481, 253734, 12597, 237493, 497547, 1272483610624.0,
482, 253484, 12591, 237564, 497442, 1272675958784.0,
483, 253555, 12568, 237683, 497594, 1272782848000.0,
484, 253698, 12553, 237606, 497518, 1273047547904.0,
485, 253604, 12555, 237575, 497598, 1273256083456.0,
486, 253677, 12564, 237474, 497568, 1273500008448.0,
487, 254007, 12547, 237545, 497568, 1273210142720.0,
488, 254055, 12584, 237485, 497466, 1273206603776.0,
489, 253389, 12553, 237593, 497450, 1273396658176.0,
490, 253524, 12578, 237477, 497466, 1273477464064.0,
491, 253628, 12587, 237531, 497421, 1273443713024.0,
492, 253743, 12543, 237560, 497494, 1273541754880.0,
493, 253488, 12569, 237559, 497496, 1273610305536.0,
494, 253576, 12592, 237653, 497492, 1273406291968.0,
495, 253728, 12578, 237553, 497588, 1273169444864.0,
496, 253577, 12538, 237648, 497505, 1273385451520.0,
497, 253824, 12555, 237429, 497469, 1273374375936.0,
498, 253532, 12591, 237475, 497592, 1273382895616.0,
499, 253789, 12577, 237480, 497457, 1273399214080.0,
500, 253935, 12571, 237275, 497667, 1273278693376.0,
501, 253942, 12565, 237331, 497484, 1273073696768.0,
502, 254271, 12543, 237413, 497564, 1273106137088.0,
503, 254102, 12601, 237397, 497550, 1273131302912.0,
504, 253959, 12578, 237465, 497535, 1273147228160.0,
505, 254080, 12568, 237477, 497442, 1273097289728.0,
506, 254161, 12563, 237461, 497409, 1273036603392.0,
507, 254193, 12558, 237351, 497256, 1272799690752.0,
508, 254231, 12578, 237344, 497272, 1272925585408.0,
509, 254110, 12524, 237386, 497269, 1272717967360.0,
510, 254227, 12551, 237385, 497171, 1272656494592.0,
511, 254083, 12549, 237683, 497168, 1272677793792.0,
512, 254139, 12542, 237487, 497084, 1272624644096.0,
513, 253949, 12567, 237383, 497167, 1272595677184.0,
514, 254272, 12600, 237301, 497210, 1272750538752.0,
515, 254052, 12600, 237315, 497202, 1272707547136.0,
516, 253537, 12655, 237434, 497401, 1272721833984.0,
517, 253662, 12644, 237441, 497273, 1272835080192.0,
518, 253705, 12595, 237431, 497303, 1273154895872.0,
519, 253725, 12558, 237476, 497433, 1273044008960.0,
520, 253825, 12570, 237376, 497277, 1272775835648.0,
521, 254030, 12547, 237419, 497208, 1272584142848.0,
522, 254284, 12559, 237347, 497235, 1272411455488.0,
523, 254375, 12547, 237347, 497190, 1272270815232.0,
524, 254366, 12540, 237406, 497218, 1272358502400.0,
525, 254305, 12573, 237205, 497250, 1272391925760.0,
526, 253943, 12601, 237364, 497364, 1272445337600.0,
527, 254042, 12554, 237395, 497283, 1272386158592.0,
528, 253564, 12618, 237506, 497511, 1272414994432.0,
529, 253957, 12563, 237402, 497398, 1272482627584.0,
530, 254067, 12558, 237324, 497345, 1272554192896.0,
531, 254250, 12587, 237276, 497449, 1272481775616.0,
532, 254164, 12567, 237576, 497296, 1272748244992.0,
533, 254004, 12593, 237618, 497434, 1272843272192.0,
534, 253929, 12608, 237534, 497381, 1272896159744.0,
535, 253775, 12558, 237485, 497478, 1273052004352.0,
536, 253975, 12578, 237399, 497326, 1273171476480.0,
537, 253994, 12574, 237417, 497299, 1272995250176.0,
538, 254026, 12585, 237458, 497408, 1273042305024.0,
539, 254136, 12564, 237531, 497353, 1273059082240.0,
540, 254190, 12602, 237469, 497451, 1272916606976.0,
541, 253941, 12574, 237404, 497303, 1272814239744.0,
542, 254076, 12597, 237559, 497469, 1273031426048.0,
543, 253791, 12581, 237639, 497505, 1272534466560.0,
544, 254006, 12595, 237552, 497332, 1272871976960.0,
545, 253770, 12562, 237469, 497460, 1273144868864.0,
546, 253734, 12565, 237482, 497500, 1273303924736.0,
547, 253970, 12545, 237366, 497271, 1273165578240.0,
548, 254391, 12465, 237265, 497133, 1273097945088.0,
549, 254270, 12511, 237318, 497297, 1272969756672.0,
550, 254312, 12528, 237413, 497173, 1272812797952.0,
551, 254125, 12555, 237346, 497325, 1272889475072.0,
552, 254149, 12571, 237412, 497220, 1272895111168.0,
553, 254222, 12569, 237418, 497147, 1272873811968.0,
554, 254099, 12604, 237414, 497294, 1272930631680.0,
555, 253775, 12608, 237569, 497250, 1272881086464.0,
556, 253906, 12578, 237457, 497348, 1272864702464.0,
557, 253879, 12554, 237527, 497495, 1272835866624.0,
558, 253914, 12556, 237491, 497359, 1272719278080.0,
559, 253866, 12571, 237607, 497390, 1272537874432.0,
560, 254022, 12580, 237677, 497359, 1272570380288.0,
561, 253725, 12551, 237727, 497399, 1272681332736.0,
562, 253951, 12585, 237757, 497309, 1272790056960.0,
563, 254002, 12560, 237687, 497279, 1272923291648.0,
564, 253856, 12583, 237682, 497391, 1273206800384.0,
565, 253847, 12581, 237681, 497366, 1273372213248.0,
566, 253753, 12561, 237629, 497329, 1273482117120.0,
567, 253653, 12576, 237442, 497327, 1273510821888.0,
568, 254166, 12589, 237468, 497233, 1273365659648.0,
569, 253942, 12537, 237464, 497454, 1273333678080.0,
570, 253801, 12563, 237399, 497360, 1273114984448.0,
571, 253752, 12567, 237487, 497410, 1273189957632.0,
572, 253754, 12576, 237428, 497580, 1273050759168.0,
573, 254062, 12587, 237455, 497516, 1273076514816.0,
574, 253801, 12573, 237620, 497410, 1273129992192.0,
575, 253841, 12535, 237506, 497262, 1273177702400.0,
576, 253961, 12526, 237417, 497367, 1273334071296.0,
577, 253969, 12580, 237468, 497393, 1273359040512.0,
578, 253828, 12612, 237466, 497472, 1273400000512.0,
579, 254113, 12561, 237273, 497373, 1273176064000.0,
580, 254226, 12570, 237212, 497208, 1272800411648.0,
581, 254128, 12592, 237323, 497177, 1272537546752.0,
582, 254305, 12553, 237235, 497185, 1272271470592.0,
583, 254301, 12585, 237249, 497181, 1272214519808.0,
584, 254381, 12554, 237230, 497342, 1272092229632.0,
585, 254332, 12551, 237327, 497282, 1272084627456.0,
586, 254274, 12536, 237235, 497208, 1271999299584.0,
587, 254399, 12529, 237258, 497107, 1272262098944.0,
588, 254325, 12531, 237307, 497325, 1272147017728.0,
589, 254318, 12572, 237284, 497230, 1272229986304.0,
590, 254012, 12582, 237414, 497370, 1271991238656.0,
591, 254371, 12556, 237356, 497157, 1272109268992.0,
592, 254490, 12524, 237309, 496987, 1272363352064.0,
593, 254187, 12581, 237306, 497206, 1272242110464.0,
594, 254335, 12542, 237263, 497023, 1272160124928.0,
595, 254324, 12574, 237346, 497044, 1272054153216.0,
596, 254623, 12528, 237099, 496977, 1272153571328.0,
597, 254863, 12511, 237200, 496888, 1272141643776.0,
598, 254830, 12517, 237212, 496873, 1272147607552.0,
599, 254637, 12544, 237250, 496876, 1271999102976.0,
600, 254803, 12573, 237195, 496824, 1272188698624.0,
601, 254916, 12569, 237296, 496691, 1271825104896.0,
602, 254503, 12588, 237372, 496788, 1271583997952.0,
603, 254320, 12549, 237412, 496813, 1271892344832.0,
604, 254413, 12538, 237348, 496949, 1271808458752.0,
605, 254549, 12579, 237292, 496888, 1271585701888.0,
606, 254356, 12583, 237389, 496856, 1271862067200.0,
607, 254275, 12625, 237418, 496943, 1272246960128.0,
608, 254506, 12572, 237422, 496986, 1272486559744.0,
609, 254280, 12559, 237435, 497059, 1272122834944.0,
610, 254441, 12570, 237314, 496924, 1271875698688.0,
611, 254538, 12547, 237305, 496917, 1271922819072.0,
612, 254626, 12528, 237278, 496927, 1272229986304.0,
613, 254317, 12564, 237268, 497083, 1272498290688.0,
614, 254250, 12554, 237353, 497070, 1272407982080.0,
615, 254315, 12580, 237280, 497182, 1272543117312.0,
616, 254450, 12557, 237187, 497078, 1272751194112.0,
617, 254283, 12532, 237374, 497085, 1273007570944.0,
618, 254479, 12585, 237256, 497002, 1272692998144.0,
619, 254675, 12578, 237292, 496902, 1272606687232.0,
620, 254449, 12585, 237331, 496988, 1272364138496.0,
621, 254279, 12596, 237467, 496895, 1272153571328.0,
622, 254504, 12575, 237234, 496892, 1272247484416.0,
623, 254804, 12521, 237281, 497001, 1271949099008.0,
624, 254941, 12535, 237047, 496930, 1271648747520.0,
625, 255094, 12558, 237102, 496934, 1271893524480.0,
626, 254926, 12540, 236974, 496829, 1271851253760.0,
627, 254882, 12517, 237036, 496849, 1271859642368.0,
628, 254746, 12580, 237185, 496764, 1271612768256.0,
629, 254875, 12558, 237152, 496712, 1271345774592.0,
630, 254748, 12595, 237232, 496726, 1271500767232.0,
631, 254615, 12559, 237374, 496977, 1271680663552.0,
632, 254661, 12544, 237284, 497001, 1271396892672.0,
633, 254536, 12584, 237193, 497045, 1271496245248.0,
634, 254740, 12570, 237083, 497006, 1271569252352.0,
635, 254472, 12569, 237269, 497091, 1271787814912.0,
636, 254398, 12588, 237263, 497109, 1271787552768.0,
637, 254483, 12528, 237333, 497143, 1271751901184.0,
638, 254671, 12520, 237205, 497098, 1271455416320.0,
639, 254496, 12536, 237247, 496918, 1271292821504.0,
640, 254431, 12562, 237354, 496728, 1271516561408.0,
641, 254745, 12558, 237331, 496755, 1271526457344.0,
642, 254694, 12602, 237418, 496756, 1271700979712.0,
643, 254694, 12583, 237227, 496956, 1271652220928.0,
644, 254459, 12577, 237326, 496810, 1271815798784.0,
645, 254600, 12555, 237253, 497027, 1271787618304.0,
646, 254690, 12563, 237153, 496863, 1271740694528.0,
647, 254845, 12557, 237068, 496864, 1271834542080.0,
648, 254998, 12509, 237042, 496830, 1272028135424.0,
649, 254967, 12535, 236992, 496757, 1272097800192.0,
650, 254768, 12528, 237026, 496899, 1271971905536.0,
651, 254627, 12549, 237197, 496890, 1271784275968.0,
652, 254821, 12576, 237147, 496878, 1271389356032.0,
653, 254539, 12573, 237197, 496958, 1271168237568.0,
654, 254836, 12545, 237133, 496784, 1271242031104.0,
655, 255051, 12549, 237156, 496910, 1271314513920.0,
656, 254937, 12552, 237199, 496959, 1271517675520.0,
657, 254616, 12590, 237311, 496939, 1271429267456.0,
658, 254550, 12577, 237275, 497000, 1271453908992.0,
659, 254685, 12563, 237132, 496914, 1271271391232.0,
660, 255070, 12574, 237138, 496786, 1271255138304.0,
661, 254882, 12538, 237064, 496763, 1271427694592.0,
662, 254975, 12546, 237195, 496963, 1271601758208.0,
663, 254771, 12547, 237100, 496640, 1271722737664.0,
664, 254561, 12570, 237191, 496870, 1271884546048.0,
665, 254692, 12573, 237254, 496843, 1271805509632.0,
666, 254910, 12566, 237183, 496863, 1271694819328.0,
667, 254837, 12556, 237309, 496772, 1271760027648.0,
668, 254753, 12553, 237207, 496640, 1271856824320.0,
669, 254807, 12553, 237230, 496638, 1271821631488.0,
670, 254818, 12562, 237283, 496679, 1271755833344.0,
671, 254632, 12547, 237331, 496668, 1271808131072.0,
672, 254757, 12559, 237218, 496738, 1271884611584.0,
673, 254893, 12562, 237232, 496683, 1271889002496.0,
674, 254692, 12557, 237273, 496736, 1271837753344.0,
675, 254958, 12517, 237235, 496791, 1271696850944.0,
676, 254930, 12544, 237260, 496914, 1271589961728.0,
677, 254937, 12551, 237118, 496708, 1271659298816.0,
678, 254919, 12573, 237136, 496821, 1271731388416.0,
679, 254619, 12570, 237286, 496804, 1271620894720.0,
680, 254567, 12593, 237390, 496920, 1271553720320.0,
681, 254632, 12596, 237381, 496956, 1271367794688.0,
682, 254437, 12576, 237381, 497054, 1271396892672.0,
683, 254547, 12568, 237321, 497061, 1271825104896.0,
684, 254639, 12506, 237558, 497061, 1271752359936.0,
685, 254414, 12540, 237336, 496868, 1271620435968.0,
686, 254551, 12504, 237297, 496860, 1271575674880.0,
687, 254527, 12495, 237301, 496918, 1271776280576.0,
688, 254679, 12538, 237223, 496912, 1271762976768.0,
689, 254578, 12597, 237235, 497032, 1271766843392.0,
690, 254553, 12590, 237330, 497030, 1271618600960.0,
691, 254342, 12553, 237348, 497185, 1271547691008.0,
692, 254254, 12574, 237387, 497136, 1271608311808.0,
693, 254574, 12572, 237321, 496941, 1271657725952.0,
694, 254450, 12575, 237326, 496995, 1271825563648.0,
695, 254381, 12560, 237259, 496965, 1272154161152.0,
696, 254557, 12570, 237222, 497101, 1272290476032.0,
697, 254539, 12560, 237225, 496925, 1272342446080.0,
698, 254786, 12519, 237177, 496944, 1272244797440.0,
699, 254833, 12503, 237136, 496910, 1272360992768.0,
700, 254944, 12500, 237099, 496928, 1272187453440.0,
701, 255036, 12547, 237119, 496871, 1272075321344.0,
702, 254995, 12542, 236953, 496850, 1272104353792.0,
703, 255129, 12537, 237058, 496909, 1271687282688.0,
704, 254606, 12567, 237254, 496881, 1271454302208.0,
705, 254709, 12587, 237256, 496782, 1271534911488.0,
706, 254654, 12512, 237237, 496789, 1271442178048.0,
707, 255017, 12523, 237293, 496771, 1271557718016.0,
708, 254918, 12546, 237198, 496649, 1271573118976.0,
709, 254980, 12516, 237211, 496549, 1271751901184.0,
710, 254917, 12533, 237118, 496630, 1271620304896.0,
711, 254896, 12558, 237132, 496568, 1271478026240.0,
712, 254962, 12574, 237063, 496589, 1271545856000.0,
713, 254868, 12543, 237242, 496639, 1271728898048.0,
714, 254612, 12588, 237325, 496815, 1271545921536.0,
715, 254621, 12607, 237276, 496816, 1271314644992.0,
716, 254333, 12606, 237165, 496967, 1271509614592.0,
717, 254424, 12559, 237281, 496970, 1271451877376.0,
718, 254576, 12595, 237320, 496824, 1271692066816.0,
719, 254694, 12567, 237238, 496930, 1271696654336.0,
