0, 1001365, 0, 0, 0, 0.0,
1, 991352, 10011, 2, 0, 0.0,
2, 980836, 10515, 10013, 0, 5343624960.0,
3, 972278, 19036, 10053, 0, 10185690112.0,
4, 965142, 25832, 10377, 0, 14626216960.0,
5, 958971, 30923, 11445, 2, 18973467648.0,
6, 953054, 34677, 13630, 13, 23761415168.0,
7, 946979, 37290, 17060, 56, 29574688768.0,
8, 940204, 39543, 21427, 167, 36930865152.0,
9, 932709, 41709, 26452, 398, 46065889280.0,
10, 924627, 44168, 31804, 804, 57085145088.0,
11, 915850, 46827, 37231, 1403, 69915160576.0,
12, 906787, 49631, 42781, 2221, 84385333248.0,
13, 897364, 52597, 48338, 3219, 100360413184.0,
14, 887446, 55390, 54105, 4433, 117810769920.0,
15, 877227, 58261, 60059, 5845, 136652763136.0,
16, 866590, 60971, 66254, 7488, 156910354432.0,
17, 855469, 63758, 72657, 9393, 178459189248.0,
18, 844103, 66425, 79147, 11605, 201338634240.0,
19, 832519, 68869, 85668, 14225, 225430773760.0,
20, 820435, 71402, 92172, 17253, 250622148608.0,
21, 808235, 73806, 98670, 20728, 276808187904.0,
22, 795422, 76083, 104985, 24680, 303771385856.0,
23, 782715, 78310, 111285, 29095, 331452530688.0,
24, 769594, 80457, 117427, 33959, 359728513024.0,
25, 756117, 82374, 123448, 39309, 388460888064.0,
26, 742740, 84228, 129435, 45079, 417298546688.0,
27, 728920, 86126, 135254, 51314, 446436474880.0,
28, 714808, 87831, 140907, 57921, 475846246400.0,
29, 700666, 89354, 146393, 64931, 505396903936.0,
30, 686432, 90736, 151885, 72334, 534790373376.0,
31, 672238, 91937, 157203, 80151, 564215513088.0,
32, 657581, 93022, 162236, 88301, 593553293312.0,
33, 643069, 94271, 167156, 96935, 622556577792.0,
34, 628522, 95234, 171910, 105915, 651203117056.0,
35, 614022, 96129, 176504, 115241, 679370653696.0,
36, 599250, 96559, 180756, 124893, 707229351936.0,
37, 584460, 97215, 184877, 134861, 734561763328.0,
38, 569867, 97717, 188788, 145130, 761363660800.0,
39, 555397, 97919, 192456, 155774, 787452035072.0,
40, 540973, 98041, 195831, 166630, 812947177472.0,
41, 526752, 97974, 198949, 177782, 837462884352.0,
42, 512349, 97979, 201879, 189242, 861180985344.0,
43, 498208, 97722, 204537, 200961, 883926007808.0,
44, 484243, 97456, 207003, 212931, 905822568448.0,
45, 470198, 97077, 209248, 225075, 926741266432.0,
46, 456535, 96633, 211008, 237412, 946586714112.0,
47, 443152, 95898, 212686, 249967, 965410357248.0,
48, 429711, 95329, 213967, 262632, 983382228992.0,
49, 416514, 94442, 215021, 275429, 1000020115456.0,
50, 403567, 93565, 215906, 288334, 1015713071104.0,
51, 391177, 92439, 216528, 301323, 1029953748992.0,
52, 378740, 91370, 216893, 314447, 1042964250624.0,
53, 366519, 90018, 217075, 327732, 1054966513664.0,
54, 354468, 88909, 216877, 340794, 1065916596224.0,
55, 343113, 87622, 216566, 354021, 1075550519296.0,
56, 331910, 86239, 215936, 367247, 1083937095680.0,
57, 320588, 85030, 215041, 380611, 1091092774912.0,
58, 310108, 83504, 213995, 393864, 1096799977472.0,
59, 299585, 81895, 212716, 406950, 1101356204032.0,
60, 289875, 80295, 211267, 420002, 1104887873536.0,
61, 280145, 78575, 209603, 432960, 1107229671424.0,
62, 270663, 76851, 207795, 445768, 1108519550976.0,
63, 261669, 75173, 205700, 458542, 1108435533824.0,
64, 252956, 73387, 203548, 471226, 1107354648576.0,
65, 244607, 71674, 201133, 483771, 1105015996416.0,
66, 236540, 69841, 198598, 496167, 1101823934464.0,
67, 228867, 68122, 195920, 508368, 1097469558784.0,
68, 221370, 66206, 193084, 520383, 1091837427712.0,
69, 214351, 64348, 190153, 532252, 1085305520128.0,
70, 207575, 62430, 187219, 543768, 1077664612352.0,
71, 201186, 60805, 184157, 555148, 1069103448064.0,
72, 195181, 58970, 180763, 566268, 1059678257152.0,
73, 189679, 57196, 177368, 577194, 1049557958656.0,
74, 184288, 55257, 173904, 587842, 1038726365184.0,
75, 179251, 53496, 170382, 598246, 1026968813568.0,
76, 174440, 51651, 166780, 608113, 1014600859648.0,
77, 170093, 49900, 163110, 618106, 1001985277952.0,
78, 166006, 48125, 159440, 627616, 988253978624.0,
79, 162093, 46383, 155697, 636804, 973929086976.0,
80, 158719, 44727, 151898, 645826, 958860263424.0,
81, 155283, 43069, 148188, 654500, 943561637888.0,
82, 152483, 41447, 144403, 662866, 927735971840.0,
83, 149853, 39815, 140660, 670935, 911343321088.0,
84, 147537, 38293, 136853, 678686, 894612799488.0,
85, 145433, 36775, 133002, 686148, 877280886784.0,
86, 143496, 35300, 129234, 693394, 859683389440.0,
87, 141753, 33846, 125549, 700377, 841962520576.0,
88, 140213, 32414, 121886, 706895, 824028889088.0,
89, 139112, 31036, 118152, 713184, 805920735232.0,
90, 138182, 29691, 114556, 719091, 787593723904.0,
91, 137506, 28369, 110937, 724723, 768999260160.0,
92, 136987, 27145, 107378, 730057, 750619164672.0,
93, 136579, 25844, 103750, 735064, 732176449536.0,
94, 136545, 24633, 100284, 739757, 713664987136.0,
95, 136641, 23435, 96847, 744219, 695069147136.0,
96, 136952, 22347, 93517, 748523, 676910530560.0,
97, 137391, 21282, 90201, 752365, 658399395840.0,
98, 138021, 20199, 87027, 756010, 640064061440.0,
99, 138856, 19199, 83859, 759236, 621870317568.0,
100, 139869, 18202, 80784, 762303, 603728445440.0,
101, 140964, 17270, 77831, 765184, 585771188224.0,
102, 142106, 16449, 74890, 767823, 567883530240.0,
103, 143511, 15610, 72055, 770192, 550525173760.0,
104, 145017, 14774, 69279, 772342, 533403107328.0,
105, 146662, 14008, 66595, 774239, 516568481792.0,
106, 148313, 13239, 64034, 775868, 499789332480.0,
107, 150209, 12504, 61494, 777256, 483307520000.0,
108, 152105, 11828, 59048, 778491, 467152142336.0,
109, 154147, 11140, 56642, 779497, 451222650880.0,
110, 156300, 10555, 54345, 780283, 435604701184.0,
111, 158513, 9966, 52140, 780882, 420542758912.0,
112, 160812, 9386, 49944, 781324, 405941207040.0,
113, 163245, 8845, 47884, 781561, 391523041280.0,
114, 165663, 8303, 45867, 781652, 377466830848.0,
115, 168188, 7837, 43899, 781498, 363727798272.0,
116, 170693, 7403, 42032, 781282, 350284414976.0,
117, 173368, 6957, 40219, 780835, 337178558464.0,
118, 176057, 6516, 38493, 780365, 324488511488.0,
119, 178800, 6159, 36799, 779733, 312310595584.0,
120, 181551, 5794, 35203, 778909, 300467208192.0,
121, 184369, 5414, 33731, 777916, 288910475264.0,
122, 187218, 5095, 32264, 776779, 277605744640.0,
123, 190132, 4795, 30859, 775620, 266803044352.0,
124, 193090, 4479, 29485, 774306, 256341245952.0,
125, 196099, 4226, 28211, 772892, 246115074048.0,
126, 199059, 3953, 26975, 771371, 236301410304.0,
127, 202094, 3708, 25788, 769725, 226787221504.0,
128, 205128, 3482, 24691, 768038, 217644572672.0,
129, 208214, 3267, 23643, 766264, 208811139072.0,
130, 211276, 3041, 22619, 764347, 200222670848.0,
131, 214404, 2842, 21647, 762448, 192044032000.0,
132, 217530, 2681, 20756, 760379, 184177426432.0,
133, 220684, 2520, 19884, 758317, 176552845312.0,
134, 223824, 2359, 19038, 756152, 169191383040.0,
135, 226968, 2218, 18243, 753956, 162128166912.0,
136, 230101, 2078, 17488, 751698, 155504574464.0,
137, 233247, 1947, 16733, 749370, 149153226752.0,
138, 236423, 1833, 16060, 746961, 143071436800.0,
139, 239552, 1732, 15419, 744622, 137149861888.0,
140, 242745, 1631, 14792, 742198, 131400085504.0,
141, 245917, 1540, 14192, 739726, 125961420800.0,
142, 249055, 1462, 13640, 737189, 120765751296.0,
143, 252180, 1370, 13100, 734724, 115886202880.0,
144, 255274, 1291, 12622, 732185, 111287975936.0,
145, 258407, 1215, 12150, 729609, 106829496320.0,
146, 261522, 1149, 11687, 726957, 102524551168.0,
147, 264649, 1088, 11277, 724366, 98389352448.0,
148, 267766, 1012, 10885, 721698, 94448111616.0,
149, 270884, 968, 10512, 719024, 90726223872.0,
150, 273982, 916, 10136, 716331, 87155032064.0,
151, 277066, 868, 9803, 713687, 83732500480.0,
152, 280192, 833, 9490, 710909, 80538693632.0,
153, 283277, 792, 9178, 708156, 77469143040.0,
154, 286311, 754, 8897, 705435, 74570665984.0,
155, 289334, 721, 8630, 702686, 71806377984.0,
156, 292329, 679, 8376, 699970, 69156036608.0,
157, 295359, 648, 8131, 697249, 66698921984.0,
158, 298381, 623, 7908, 694473, 64351318016.0,
159, 301403, 597, 7670, 691738, 62084155392.0,
160, 304371, 568, 7460, 688979, 59889637376.0,
161, 307334, 550, 7270, 686267, 57825136640.0,
162, 310296, 526, 7074, 683529, 55877470208.0,
163, 313247, 509, 6897, 680757, 54019295232.0,
164, 316216, 494, 6732, 678005, 52276316160.0,
165, 319146, 478, 6571, 675268, 50627876864.0,
166, 322068, 460, 6402, 672492, 49027504128.0,
167, 324995, 449, 6253, 669753, 47513876480.0,
168, 327818, 433, 6123, 667045, 46074388480.0,
169, 330684, 423, 5989, 664361, 44721000448.0,
170, 333526, 410, 5865, 661626, 43438886912.0,
171, 336367, 403, 5742, 658898, 42189514752.0,
172, 339172, 387, 5609, 656206, 40990908416.0,
173, 342020, 378, 5502, 653518, 39862581248.0,
174, 344820, 368, 5399, 650805, 38810454016.0,
175, 347630, 360, 5311, 648120, 37785886720.0,
176, 350409, 348, 5216, 645467, 36847382528.0,
177, 353164, 342, 5121, 642749, 35928711168.0,
178, 355933, 338, 5031, 640070, 35061702656.0,
179, 358628, 331, 4950, 637426, 34227043328.0,
180, 361344, 318, 4868, 634794, 33447723008.0,
181, 364078, 315, 4790, 632166, 32704023552.0,
182, 366762, 313, 4718, 629544, 31981363200.0,
183, 369473, 302, 4649, 626907, 31323163648.0,
184, 372134, 303, 4577, 624309, 30676998144.0,
185, 374813, 294, 4511, 621714, 30068644864.0,
186, 377445, 290, 4445, 619144, 29471926272.0,
187, 380055, 287, 4388, 616574, 28904821760.0,
188, 382727, 285, 4335, 613991, 28339130368.0,
189, 385375, 276, 4281, 611398, 27776174080.0,
190, 388020, 275, 4228, 608869, 27283597312.0,
191, 390603, 269, 4177, 606320, 26812060672.0,
192, 393228, 264, 4119, 603786, 26353025024.0,
193, 395814, 265, 4073, 601236, 25899631616.0,
194, 398364, 262, 4019, 598748, 25450175488.0,
195, 400882, 261, 3970, 596252, 25025198080.0,
196, 403429, 255, 3924, 593730, 24630828032.0,
197, 405970, 251, 3873, 591295, 24259361792.0,
198, 408516, 251, 3835, 588785, 23896639488.0,
199, 411021, 250, 3794, 586340, 23544620032.0,
200, 413508, 245, 3750, 583902, 23224197120.0,
201, 415942, 242, 3713, 581506, 22906563584.0,
202, 418437, 243, 3672, 579011, 22600067072.0,
203, 420889, 238, 3632, 576601, 22288601088.0,
204, 423353, 240, 3593, 574231, 22000295936.0,
205, 425745, 236, 3546, 571828, 21722002432.0,
206, 428166, 233, 3506, 569427, 21436562432.0,
207, 430575, 229, 3477, 567094, 21157558272.0,
208, 432994, 228, 3434, 564685, 20899886080.0,
209, 435375, 225, 3406, 562352, 20639828992.0,
210, 437746, 222, 3364, 559977, 20400183296.0,
211, 440119, 220, 3334, 557655, 20170831872.0,
212, 442438, 221, 3309, 555370, 19928420352.0,
213, 444799, 217, 3270, 553039, 19702002688.0,
214, 447149, 215, 3248, 550725, 19476923392.0,
215, 449513, 212, 3208, 548431, 19257602048.0,
216, 451839, 211, 3181, 546144, 19040654336.0,
217, 454106, 213, 3154, 543862, 18824601600.0,
218, 456424, 212, 3126, 541587, 18631186432.0,
219, 458720, 209, 3098, 539351, 18437348352.0,
220, 460987, 206, 3074, 537083, 18250504192.0,
221, 463222, 203, 3043, 534875, 18071774208.0,
222, 465499, 200, 3024, 532635, 17898866688.0,
223, 467753, 198, 2988, 530389, 17738409984.0,
224, 470009, 194, 2959, 528163, 17556092928.0,
225, 472252, 196, 2931, 525952, 17362662400.0,
226, 474480, 193, 2905, 523740, 17175088128.0,
227, 476675, 194, 2886, 521545, 17000097280.0,
228, 478895, 191, 2867, 519370, 16837463552.0,
229, 481069, 191, 2837, 517219, 16678576640.0,
230, 483240, 190, 2810, 515073, 16519081472.0,
231, 485415, 188, 2789, 512949, 16369134080.0,
232, 487587, 190, 2772, 510796, 16222913536.0,
233, 489719, 188, 2749, 508669, 16060593152.0,
234, 491879, 184, 2731, 506562, 15921808896.0,
235, 494033, 183, 2716, 504439, 15787643392.0,
236, 496101, 182, 2685, 502368, 15654013440.0,
237, 498187, 179, 2665, 500309, 15527163904.0,
238, 500327, 176, 2644, 498205, 15378020864.0,
239, 502409, 179, 2615, 496166, 15235539968.0,
240, 504457, 178, 2593, 494124, 15104610304.0,
241, 506517, 176, 2576, 492079, 14987141120.0,
242, 508579, 175, 2558, 490033, 14868475904.0,
243, 510643, 175, 2538, 487972, 14759099904.0,
244, 512706, 172, 2521, 485938, 14645663744.0,
245, 514742, 170, 2500, 483923, 14525752320.0,
246, 516799, 169, 2483, 481905, 14403786240.0,
247, 518842, 168, 2461, 479879, 14285560320.0,
248, 520870, 166, 2448, 477900, 14179146240.0,
249, 522891, 165, 2434, 475896, 14065353216.0,
250, 524857, 165, 2416, 473919, 13962287104.0,
251, 526879, 163, 2400, 471925, 13864519680.0,
252, 528883, 161, 2385, 469944, 13759844864.0,
253, 530824, 160, 2368, 468023, 13671960576.0,
254, 532791, 161, 2341, 466061, 13565273600.0,
255, 534755, 161, 2312, 464136, 13449195008.0,
256, 536711, 158, 2298, 462181, 13336417280.0,
257, 538638, 159, 2275, 460266, 13221817856.0,
258, 540559, 156, 2260, 458367, 13110289920.0,
259, 542476, 157, 2244, 456446, 13006139392.0,
260, 544393, 157, 2228, 454565, 12908404224.0,
261, 546337, 152, 2212, 452666, 12801563136.0,
262, 548238, 153, 2196, 450772, 12704777728.0,
263, 550109, 150, 2183, 448913, 12603494400.0,
264, 551978, 148, 2170, 447084, 12501123584.0,
265, 553862, 148, 2152, 445190, 12414476288.0,
266, 555716, 148, 2140, 443345, 12313960448.0,
267, 557601, 149, 2122, 441493, 12225837056.0,
268, 559431, 147, 2111, 439671, 12139998208.0,
269, 561310, 146, 2093, 437803, 12057295360.0,
270, 563152, 145, 2077, 435996, 11973661696.0,
271, 564980, 144, 2061, 434196, 11863961600.0,
272, 566780, 144, 2048, 432384, 11789205504.0,
273, 568584, 142, 2039, 430564, 11708684288.0,
274, 570423, 143, 2021, 428780, 11616946176.0,
275, 572242, 143, 2009, 426989, 11536955904.0,
276, 574024, 142, 2001, 425186, 11457666560.0,
277, 575808, 139, 1986, 423411, 11382208000.0,
278, 577588, 138, 1972, 421682, 11309232128.0,
279, 579340, 139, 1964, 419923, 11228410880.0,
280, 581087, 139, 1941, 418204, 11156625920.0,
281, 582835, 137, 1929, 416452, 11074014208.0,
282, 584584, 137, 1919, 414691, 10992907264.0,
283, 586312, 137, 1908, 412971, 10911243264.0,
284, 588041, 134, 1894, 411288, 10841325056.0,
285, 589756, 135, 1884, 409569, 10760152064.0,
286, 591462, 135, 1865, 407879, 10680679936.0,
287, 593195, 133, 1851, 406168, 10610003968.0,
288, 594886, 132, 1842, 404471, 10529807872.0,
289, 596568, 131, 1838, 402781, 10463411200.0,
290, 598258, 132, 1828, 401135, 10400040960.0,
291, 599962, 132, 1814, 399449, 10334969856.0,
292, 601633, 128, 1804, 397781, 10277600768.0,
293, 603308, 129, 1799, 396138, 10217900544.0,
294, 604957, 126, 1788, 394470, 10166983168.0,
295, 606631, 125, 1776, 392814, 10107411456.0,
296, 608271, 123, 1765, 391171, 10051595264.0,
297, 609915, 123, 1753, 389566, 9985121792.0,
298, 611529, 122, 1742, 387948, 9931116032.0,
299, 613143, 122, 1728, 386349, 9862476288.0,
300, 614772, 121, 1720, 384722, 9796618240.0,
301, 616369, 120, 1707, 383124, 9735244800.0,
302, 617973, 121, 1693, 381531, 9677279232.0,
303, 619564, 121, 1686, 379953, 9613456384.0,
304, 621162, 120, 1675, 378343, 9545676288.0,
305, 622762, 119, 1661, 376786, 9484543488.0,
306, 624339, 118, 1663, 375242, 9419121664.0,
307, 625902, 118, 1650, 373657, 9379194880.0,
308, 627486, 118, 1643, 372081, 9329428480.0,
309, 629012, 116, 1630, 370550, 9269368320.0,
310, 630587, 115, 1622, 369024, 9221956096.0,
311, 632140, 115, 1613, 367483, 9159265792.0,
312, 633682, 115, 1607, 365969, 9089134080.0,
313, 635219, 114, 1590, 364448, 9020533760.0,
314, 636697, 114, 1581, 362941, 8976097792.0,
315, 638245, 113, 1569, 361432, 8925634560.0,
316, 639742, 111, 1560, 359941, 8873273856.0,
317, 641256, 110, 1553, 358432, 8812136960.0,
318, 642748, 110, 1537, 356953, 8756198400.0,
319, 644230, 108, 1531, 355459, 8702565888.0,
320, 645718, 108, 1519, 353994, 8652552192.0,
321, 647190, 109, 1511, 352510, 8603209728.0,
322, 648657, 109, 1504, 351049, 8557853696.0,
323, 650142, 110, 1494, 349592, 8504114176.0,
324, 651621, 110, 1482, 348147, 8446016000.0,
325, 653088, 109, 1472, 346673, 8386798848.0,
326, 654544, 107, 1467, 345253, 8330385920.0,
327, 655974, 109, 1463, 343794, 8278957568.0,
328, 657430, 107, 1450, 342357, 8232577536.0,
329, 658873, 106, 1443, 340931, 8189367040.0,
330, 660272, 105, 1441, 339525, 8145158656.0,
331, 661719, 105, 1432, 338090, 8100785664.0,
332, 663127, 106, 1425, 336708, 8054468608.0,
333, 664553, 104, 1421, 335283, 8008910592.0,
334, 665927, 104, 1409, 333911, 7974240512.0,
335, 667312, 103, 1403, 332559, 7933436160.0,
336, 668709, 103, 1394, 331156, 7891787264.0,
337, 670098, 102, 1386, 329782, 7847934208.0,
338, 671448, 100, 1380, 328419, 7803064576.0,
339, 672849, 99, 1371, 327054, 7752451584.0,
340, 674211, 96, 1367, 325687, 7706988544.0,
341, 675568, 97, 1360, 324325, 7669476352.0,
342, 676918, 99, 1350, 322961, 7631592960.0,
343, 678247, 100, 1344, 321629, 7593830144.0,
344, 679586, 98, 1339, 320303, 7562716160.0,
345, 680928, 95, 1335, 318952, 7525212928.0,
346, 682312, 94, 1324, 317626, 7481147904.0,
347, 683654, 96, 1313, 316304, 7443444480.0,
348, 684965, 95, 1308, 314973, 7395269632.0,
349, 686272, 95, 1303, 313706, 7350731520.0,
350, 687558, 95, 1290, 312403, 7316300544.0,
351, 688863, 94, 1283, 311090, 7273229568.0,
352, 690173, 92, 1277, 309788, 7232615680.0,
353, 691464, 92, 1271, 308495, 7182372608.0,
354, 692741, 93, 1266, 307230, 7144824064.0,
355, 694050, 92, 1260, 305973, 7109297664.0,
356, 695326, 92, 1254, 304705, 7070139648.0,
357, 696619, 93, 1244, 303432, 7034591488.0,
358, 697895, 92, 1234, 302169, 6997368064.0,
359, 699150, 91, 1229, 300912, 6959301888.0,
360, 700412, 92, 1223, 299616, 6916367360.0,
361, 701674, 93, 1221, 298381, 6878311680.0,
362, 702902, 92, 1216, 297133, 6837578752.0,
363, 704162, 93, 1206, 295889, 6799607296.0,
364, 705394, 92, 1206, 294681, 6765154560.0,
365, 706618, 91, 1198, 293484, 6732256000.0,
366, 707857, 89, 1195, 292257, 6700916992.0,
367, 709065, 88, 1189, 291049, 6675110144.0,
368, 710258, 86, 1184, 289835, 6639983616.0,
369, 711459, 86, 1175, 288633, 6605534720.0,
370, 712654, 85, 1168, 287438, 6575847424.0,
371, 713877, 87, 1165, 286264, 6538290432.0,
372, 715065, 87, 1159, 285054, 6506003200.0,
373, 716225, 86, 1148, 283849, 6472607744.0,
374, 717419, 85, 1146, 282682, 6442703616.0,
375, 718604, 84, 1144, 281508, 6414483200.0,
376, 719787, 84, 1141, 280376, 6381361152.0,
377, 720952, 84, 1135, 279203, 6353113344.0,
378, 722117, 83, 1129, 278027, 6331223808.0,
379, 723292, 85, 1123, 276871, 6310993152.0,
380, 724418, 83, 1123, 275727, 6286971904.0,
381, 725576, 83, 1116, 274579, 6252209152.0,
382, 726747, 82, 1110, 273430, 6213291008.0,
383, 727885, 83, 1102, 272291, 6178142720.0,
384, 729015, 82, 1093, 271158, 6148457216.0,
385, 730167, 81, 1090, 270032, 6121996800.0,
386, 731284, 82, 1085, 268903, 6088271616.0,
387, 732411, 81, 1080, 267781, 6055789056.0,
388, 733521, 80, 1075, 266697, 6026091264.0,
389, 734636, 80, 1073, 265595, 5995339520.0,
390, 735735, 80, 1066, 264492, 5970426624.0,
391, 736832, 79, 1064, 263399, 5947320320.0,
392, 737935, 80, 1061, 262280, 5922424576.0,
393, 739032, 80, 1054, 261185, 5898014976.0,
394, 740113, 78, 1048, 260100, 5870810368.0,
395, 741217, 77, 1045, 259028, 5852894208.0,
396, 742300, 77, 1039, 257945, 5833253888.0,
397, 743389, 77, 1033, 256874, 5805702144.0,
398, 744482, 78, 1028, 255781, 5775878144.0,
399, 745542, 78, 1029, 254715, 5746508032.0,
400, 746598, 78, 1019, 253674, 5722672384.0,
401, 747648, 76, 1013, 252633, 5697879808.0,
402, 748704, 75, 1007, 251585, 5674888192.0,
403, 749771, 75, 1001, 250530, 5649690368.0,
404, 750809, 75, 1002, 249485, 5618512384.0,
405, 751831, 74, 997, 248412, 5589511680.0,
406, 752889, 75, 991, 247383, 5557525504.0,
407, 753900, 75, 987, 246391, 5526577664.0,
408, 754944, 75, 979, 245366, 5494721280.0,
409, 755964, 73, 970, 244366, 5466119168.0,
410, 756962, 73, 970, 243355, 5452198144.0,
411, 757960, 74, 963, 242339, 5417868800.0,
412, 758974, 73, 961, 241349, 5389923328.0,
413, 759970, 72, 960, 240334, 5363651840.0,
414, 760977, 72, 954, 239337, 5339478016.0,
415, 761980, 72, 949, 238356, 5317148928.0,
416, 762955, 71, 948, 237369, 5294320128.0,
417, 763987, 71, 946, 236362, 5268525312.0,
418, 764975, 70, 937, 235382, 5243548928.0,
419, 765954, 71, 933, 234404, 5220211712.0,
420, 766912, 69, 930, 233432, 5189152512.0,
421, 767892, 69, 926, 232474, 5166555392.0,
422, 768873, 69, 919, 231489, 5141944832.0,
423, 769815, 70, 916, 230525, 5135531520.0,
424, 770795, 71, 914, 229570, 5124833024.0,
425, 771760, 70, 909, 228619, 5098639360.0,
426, 772696, 70, 910, 227674, 5071362304.0,
427, 773642, 70, 909, 226726, 5045929472.0,
428, 774581, 68, 901, 225783, 5016455680.0,
429, 775527, 68, 900, 224842, 5003515904.0,
430, 776459, 67, 896, 223910, 4990804480.0,
431, 777381, 67, 897, 222990, 4975120384.0,
432, 778315, 66, 890, 222067, 4958750464.0,
433, 779262, 66, 888, 221127, 4939273984.0,
434, 780177, 66, 878, 220211, 4924730368.0,
435, 781101, 66, 876, 219290, 4900525824.0,
436, 782015, 67, 873, 218391, 4870588160.0,
437, 782935, 66, 869, 217499, 4857607424.0,
438, 783828, 66, 863, 216584, 4843862528.0,
439, 784732, 67, 865, 215708, 4815304704.0,
440, 785624, 65, 859, 214779, 4791534336.0,
441, 786521, 64, 852, 213892, 4763837440.0,
442, 787420, 64, 851, 213006, 4741096448.0,
443, 788321, 62, 851, 212140, 4718487552.0,
444, 789190, 62, 848, 211253, 4697795840.0,
445, 790072, 62, 837, 210389, 4676455424.0,
446, 790948, 63, 834, 209521, 4669135872.0,
447, 791799, 64, 832, 208650, 4655226624.0,
448, 792686, 63, 827, 207797, 4633490944.0,
449, 793535, 64, 827, 206937, 4618012160.0,
450, 794383, 62, 822, 206073, 4595432448.0,
451, 795238, 62, 821, 205221, 4573200896.0,
452, 796109, 61, 814, 204363, 4554727424.0,
453, 796972, 61, 816, 203512, 4532419584.0,
454, 797807, 60, 810, 202669, 4505111296.0,
455, 798661, 62, 809, 201813, 4487949824.0,
456, 799521, 60, 800, 200993, 4469411840.0,
457, 800345, 62, 798, 200156, 4447123712.0,
458, 801184, 61, 795, 199342, 4431965952.0,
459, 802016, 61, 797, 198506, 4416340224.0,
460, 802848, 61, 794, 197668, 4396397312.0,
461, 803690, 60, 790, 196847, 4379989248.0,
462, 804506, 60, 782, 196034, 4366957568.0,
463, 805319, 60, 780, 195224, 4341688576.0,
464, 806118, 59, 774, 194403, 4324454144.0,
465, 806934, 60, 774, 193594, 4310435072.0,
466, 807739, 60, 772, 192798, 4297740288.0,
467, 808560, 60, 765, 192011, 4285424384.0,
468, 809340, 61, 765, 191200, 4268589952.0,
469, 810120, 59, 762, 190428, 4251169536.0,
470, 810910, 59, 756, 189647, 4238159488.0,
471, 811706, 59, 751, 188854, 4215791872.0,
472, 812464, 59, 750, 188077, 4198876032.0,
473, 813263, 57, 745, 187297, 4182502528.0,
474, 814036, 56, 741, 186512, 4168375296.0,
475, 814830, 56, 738, 185744, 4157032448.0,
476, 815581, 57, 736, 184991, 4137438720.0,
477, 816350, 57, 734, 184212, 4124004992.0,
478, 817131, 57, 732, 183455, 4101405568.0,
479, 817872, 56, 727, 182703, 4081184896.0,
480, 818643, 56, 723, 181933, 4058732544.0,
481, 819393, 56, 723, 181174, 4035303936.0,
482, 820181, 56, 718, 180425, 4011483520.0,
483, 820895, 56, 716, 179672, 3991782784.0,
484, 821656, 55, 713, 178931, 3973183872.0,
485, 822391, 56, 712, 178194, 3962266752.0,
486, 823143, 56, 709, 177451, 3950851584.0,
487, 823896, 55, 702, 176708, 3933437312.0,
488, 824644, 54, 703, 175966, 3920174336.0,
489, 825360, 54, 699, 175241, 3909653376.0,
490, 826086, 54, 698, 174506, 3885666432.0,
491, 826815, 54, 698, 173796, 3863400192.0,
492, 827556, 53, 697, 173046, 3851244032.0,
493, 828269, 53, 696, 172337, 3844961664.0,
494, 828976, 51, 690, 171625, 3838742528.0,
495, 829708, 53, 687, 170903, 3828195584.0,
496, 830405, 52, 688, 170184, 3809429504.0,
497, 831117, 51, 690, 169493, 3797615488.0,
498, 831825, 51, 687, 168785, 3786543872.0,
499, 832525, 51, 687, 168080, 3780092416.0,
500, 833249, 53, 682, 167382, 3771277568.0,
501, 833925, 53, 675, 166681, 3758863488.0,
502, 834631, 54, 676, 165969, 3744816256.0,
503, 835308, 52, 673, 165291, 3725283968.0,
504, 836013, 52, 670, 164594, 3704206464.0,
505, 836686, 52, 666, 163932, 3689932928.0,
506, 837394, 53, 663, 163233, 3680668288.0,
507, 838061, 51, 663, 162572, 3665560064.0,
508, 838722, 53, 664, 161899, 3647561216.0,
509, 839402, 52, 664, 161223, 3639099648.0,
510, 840087, 51, 657, 160560, 3632902272.0,
511, 840757, 51, 659, 159893, 3617904384.0,
512, 841407, 51, 650, 159257, 3606911744.0,
513, 842062, 51, 648, 158599, 3596775296.0,
514, 842700, 50, 650, 157953, 3587244160.0,
515, 843365, 49, 643, 157295, 3578500096.0,
516, 844010, 49, 642, 156647, 3571584128.0,
517, 844645, 50, 642, 156009, 3558001280.0,
518, 845291, 50, 635, 155365, 3535159936.0,
519, 845928, 50, 633, 154726, 3515699456.0,
520, 846562, 51, 630, 154116, 3504680704.0,
521, 847209, 50, 623, 153483, 3498697344.0,
522, 847862, 50, 629, 152839, 3483297408.0,
523, 848497, 50, 624, 152183, 3468030848.0,
524, 849120, 50, 620, 151560, 3453165184.0,
525, 849756, 49, 618, 150920, 3437987840.0,
526, 850380, 48, 618, 150297, 3424510464.0,
527, 851005, 49, 616, 149687, 3413818752.0,
528, 851631, 48, 612, 149059, 3397547520.0,
529, 852264, 47, 611, 148449, 3383508480.0,
530, 852867, 46, 611, 147828, 3376603776.0,
531, 853487, 46, 605, 147204, 3367734912.0,
532, 854111, 47, 606, 146596, 3359323008.0,
533, 854709, 46, 604, 146006, 3343796224.0,
534, 855299, 46, 600, 145403, 3329511296.0,
535, 855898, 45, 595, 144805, 3321624448.0,
536, 856515, 46, 593, 144218, 3310298112.0,
537, 857096, 45, 591, 143628, 3293375488.0,
538, 857689, 46, 589, 143041, 3280593664.0,
539, 858291, 46, 585, 142438, 3275446784.0,
540, 858897, 46, 585, 141830, 3264254592.0,
541, 859492, 46, 581, 141219, 3248927744.0,
542, 860084, 45, 583, 140655, 3231232896.0,
543, 860675, 44, 579, 140060, 3216265600.0,
544, 861246, 44, 580, 139480, 3204042368.0,
545, 861829, 46, 578, 138899, 3191948032.0,
546, 862414, 44, 576, 138326, 3182155648.0,
547, 862970, 44, 573, 137742, 3173397888.0,
548, 863556, 44, 573, 137178, 3161641344.0,
549, 864116, 46, 571, 136629, 3151974656.0,
550, 864689, 46, 567, 136059, 3143571456.0,
551, 865246, 45, 562, 135495, 3133637376.0,
552, 865827, 45, 560, 134941, 3123123200.0,
553, 866405, 45, 558, 134373, 3109636864.0,
554, 866955, 45, 557, 133806, 3103383424.0,
555, 867488, 45, 555, 133259, 3089463936.0,
556, 868039, 44, 554, 132731, 3078956160.0,
557, 868584, 44, 555, 132185, 3065809280.0,
558, 869125, 44, 553, 131639, 3054868096.0,
559, 869686, 44, 553, 131090, 3045177600.0,
560, 870209, 43, 550, 130545, 3039137792.0,
561, 870774, 43, 548, 129998, 3024368384.0,
562, 871297, 42, 547, 129463, 3014800768.0,
563, 871858, 41, 543, 128929, 3010955392.0,
564, 872395, 41, 544, 128365, 2999942144.0,
565, 872939, 42, 539, 127829, 2983657088.0,
566, 873490, 43, 542, 127283, 2978688128.0,
567, 874033, 43, 538, 126769, 2973833600.0,
568, 874543, 43, 538, 126234, 2963945856.0,
569, 875065, 42, 538, 125727, 2952188672.0,
570, 875593, 43, 534, 125198, 2941871232.0,
571, 876126, 43, 533, 124672, 2937447040.0,
572, 876632, 41, 530, 124166, 2933352448.0,
573, 877136, 42, 528, 123649, 2926943488.0,
574, 877649, 41, 525, 123151, 2916554240.0,
575, 878165, 40, 525, 122640, 2901768064.0,
576, 878676, 41, 522, 122147, 2893531136.0,
577, 879188, 42, 520, 121632, 2882141056.0,
578, 879693, 40, 515, 121117, 2870260480.0,
579, 880206, 39, 515, 120612, 2859150720.0,
580, 880697, 40, 511, 120123, 2845183744.0,
581, 881226, 41, 509, 119606, 2834234624.0,
582, 881720, 41, 509, 119126, 2831617280.0,
583, 882217, 41, 509, 118615, 2821920384.0,
584, 882722, 42, 507, 118110, 2807702144.0,
585, 883203, 41, 507, 117628, 2795523712.0,
586, 883666, 40, 505, 117175, 2783613952.0,
587, 884155, 41, 502, 116673, 2779151488.0,
588, 884636, 41, 502, 116187, 2772453120.0,
589, 885117, 40, 501, 115694, 2763323136.0,
590, 885603, 41, 496, 115229, 2755398912.0,
591, 886090, 39, 497, 114745, 2741044224.0,
592, 886528, 40, 497, 114291, 2731179392.0,
593, 887005, 39, 493, 113826, 2720036736.0,
594, 887511, 40, 491, 113330, 2710624128.0,
595, 887973, 39, 486, 112861, 2704803840.0,
596, 888443, 39, 487, 112382, 2700529664.0,
597, 888900, 39, 489, 111932, 2696182784.0,
598, 889366, 38, 484, 111483, 2690426112.0,
599, 889828, 39, 484, 111021, 2677780608.0,
600, 890281, 37, 484, 110564, 2665111680.0,
601, 890744, 37, 483, 110113, 2650824832.0,
602, 891203, 38, 486, 109662, 2642737664.0,
603, 891657, 38, 484, 109196, 2632784128.0,
604, 892108, 38, 483, 108754, 2629113472.0,
605, 892544, 38, 479, 108300, 2626948480.0,
606, 893005, 38, 478, 107848, 2618599680.0,
607, 893472, 38, 477, 107392, 2613031680.0,
608, 893929, 38, 471, 106931, 2609911808.0,
609, 894351, 38, 471, 106508, 2601051904.0,
610, 894804, 38, 469, 106059, 2595094016.0,
611, 895241, 38, 467, 105626, 2586925952.0,
612, 895666, 37, 466, 105181, 2578431488.0,
613, 896100, 37, 462, 104753, 2568351488.0,
614, 896544, 37, 461, 104303, 2558904320.0,
615, 896987, 37, 462, 103872, 2545269888.0,
616, 897420, 36, 456, 103435, 2534018944.0,
617, 897844, 36, 457, 103000, 2526338048.0,
618, 898267, 37, 455, 102587, 2517470464.0,
619, 898704, 36, 454, 102175, 2507480448.0,
620, 899119, 36, 453, 101749, 2501637888.0,
621, 899527, 37, 453, 101339, 2495214848.0,
622, 899951, 37, 454, 100913, 2490266496.0,
623, 900365, 36, 452, 100491, 2482643328.0,
624, 900794, 36, 451, 100084, 2478971008.0,
625, 901203, 36, 449, 99670, 2473930752.0,
626, 901630, 35, 448, 99258, 2470818048.0,
627, 902040, 34, 444, 98843, 2463354368.0,
628, 902455, 36, 447, 98439, 2465221376.0,
629, 902870, 35, 447, 98021, 2458977920.0,
630, 903278, 35, 444, 97626, 2452264960.0,
631, 903695, 36, 443, 97219, 2441768832.0,
632, 904092, 35, 441, 96809, 2433550720.0,
633, 904489, 35, 442, 96395, 2427532672.0,
634, 904893, 34, 441, 95997, 2419673088.0,
635, 905300, 34, 438, 95612, 2411033088.0,
636, 905689, 34, 437, 95211, 2406230912.0,
637, 906075, 36, 437, 94816, 2403175168.0,
638, 906460, 35, 434, 94421, 2398557952.0,
639, 906854, 36, 435, 94042, 2388337536.0,
640, 907232, 35, 434, 93661, 2380445568.0,
641, 907616, 34, 431, 93276, 2378932608.0,
642, 908004, 34, 429, 92877, 2373549952.0,
643, 908413, 33, 429, 92491, 2361739904.0,
644, 908806, 34, 428, 92112, 2352192000.0,
645, 909188, 33, 427, 91712, 2352731520.0,
646, 909589, 35, 426, 91326, 2341991936.0,
647, 909944, 35, 420, 90956, 2333741312.0,
648, 910327, 34, 418, 90576, 2331029120.0,
649, 910707, 34, 420, 90196, 2320675200.0,
650, 911078, 34, 417, 89828, 2306998784.0,
651, 911451, 34, 415, 89457, 2293622912.0,
652, 911815, 34, 413, 89090, 2288706432.0,
653, 912199, 33, 414, 88724, 2277668480.0,
654, 912550, 33, 412, 88362, 2270960768.0,
655, 912912, 33, 410, 88005, 2265188096.0,
656, 913300, 33, 409, 87627, 2255743872.0,
657, 913640, 33, 408, 87270, 2246851840.0,
658, 913991, 33, 407, 86927, 2242742016.0,
659, 914347, 33, 406, 86573, 2237880320.0,
660, 914695, 33, 409, 86212, 2231204352.0,
661, 915044, 33, 406, 85854, 2225833984.0,
662, 915410, 33, 403, 85497, 2220544640.0,
663, 915770, 33, 402, 85146, 2214067456.0,
664, 916110, 32, 402, 84803, 2206159872.0,
665, 916454, 32, 402, 84439, 2198220416.0,
666, 916808, 32, 406, 84100, 2192411136.0,
667, 917165, 31, 401, 83752, 2191829888.0,
668, 917512, 31, 396, 83407, 2191920000.0,
669, 917856, 32, 398, 83061, 2180985472.0,
670, 918218, 30, 395, 82712, 2174762496.0,
671, 918558, 31, 393, 82387, 2167533184.0,
672, 918872, 31, 395, 82052, 2159480064.0,
673, 919232, 30, 395, 81713, 2154357248.0,
674, 919564, 31, 394, 81374, 2148108224.0,
675, 919918, 31, 392, 81023, 2146294144.0,
676, 920257, 32, 389, 80694, 2143031872.0,
677, 920588, 32, 390, 80357, 2134925376.0,
678, 920921, 31, 388, 80031, 2128525824.0,
679, 921262, 30, 388, 79687, 2118893760.0,
680, 921600, 31, 387, 79351, 2109299840.0,
681, 921925, 31, 383, 79022, 2108056320.0,
682, 922232, 30, 379, 78709, 2103414016.0,
683, 922574, 30, 382, 78383, 2098557248.0,
684, 922908, 32, 382, 78048, 2096519424.0,
685, 923221, 31, 384, 77734, 2090284672.0,
686, 923534, 31, 378, 77402, 2082386880.0,
687, 923871, 31, 377, 77073, 2075670720.0,
688, 924185, 31, 379, 76764, 2068599360.0,
689, 924511, 31, 375, 76446, 2063307456.0,
690, 924828, 30, 374, 76145, 2055974528.0,
691, 925144, 30, 372, 75832, 2049658176.0,
692, 925466, 30, 376, 75517, 2041104640.0,
693, 925778, 30, 372, 75201, 2031482304.0,
694, 926094, 30, 372, 74888, 2028834112.0,
695, 926409, 30, 371, 74582, 2026925632.0,
696, 926727, 30, 370, 74268, 2024402560.0,
697, 927030, 30, 370, 73957, 2021540864.0,
698, 927327, 30, 369, 73656, 2015374464.0,
699, 927638, 30, 365, 73355, 2009492672.0,
700, 927952, 29, 365, 73050, 2003920832.0,
701, 928258, 29, 362, 72740, 1994773504.0,
702, 928547, 29, 359, 72449, 1987720512.0,
703, 928837, 28, 355, 72152, 1984853120.0,
704, 929146, 30, 352, 71856, 1983888192.0,
705, 929422, 29, 355, 71560, 1980165312.0,
706, 929728, 29, 354, 71268, 1976453312.0,
707, 930018, 29, 354, 70969, 1968319040.0,
708, 930310, 29, 356, 70679, 1960706432.0,
709, 930611, 29, 355, 70381, 1953283456.0,
710, 930893, 29, 354, 70093, 1946230976.0,
711, 931196, 29, 352, 69795, 1939364672.0,
712, 931486, 29, 355, 69499, 1934531584.0,
713, 931771, 28, 354, 69213, 1931841728.0,
714, 932061, 29, 349, 68925, 1930871872.0,
715, 932333, 27, 348, 68646, 1927555136.0,
716, 932632, 27, 345, 68358, 1924968960.0,
717, 932899, 27, 347, 68085, 1918395264.0,
718, 933182, 26, 345, 67799, 1907551360.0,
719, 933484, 27, 345, 67514, 1900238144.0,
