0, 1001365, 0, 0, 0, 0.0,
1, 991352, 10011, 2, 0, 0.0,
2, 980959, 10391, 10013, 0, 5343565312.0,
3, 972247, 19068, 10054, 0, 10186251264.0,
4, 965113, 25860, 10374, 0, 14623661568.0,
5, 958952, 30952, 11436, 1, 18967501824.0,
6, 953071, 34592, 13616, 13, 23740500992.0,
7, 947026, 37199, 17027, 54, 29547004928.0,
8, 940364, 39468, 21445, 163, 36883652608.0,
9, 932830, 41720, 26480, 386, 46039488512.0,
10, 924815, 44061, 31825, 768, 57109026816.0,
11, 916151, 46669, 37251, 1340, 69944344576.0,
12, 907057, 49511, 42740, 2097, 84386697216.0,
13, 897445, 52470, 48322, 3033, 100381016064.0,
14, 887716, 55404, 54073, 4141, 117844414464.0,
15, 877468, 58374, 60011, 5411, 136706093056.0,
16, 867000, 61265, 66212, 6864, 156902629376.0,
17, 856228, 64028, 72644, 8546, 178332180480.0,
18, 845072, 66608, 79164, 10514, 201278472192.0,
19, 833571, 69234, 85798, 12785, 225428299776.0,
20, 821749, 71782, 92511, 15413, 250623754240.0,
21, 809639, 74254, 99081, 18420, 276911751168.0,
22, 797307, 76701, 105608, 21769, 304133160960.0,
23, 784612, 79046, 112095, 25523, 332280938496.0,
24, 771818, 81305, 118530, 29607, 361011052544.0,
25, 758795, 83446, 124987, 34002, 390197002240.0,
26, 745748, 85409, 131319, 38735, 419981901824.0,
27, 732501, 87403, 137653, 43734, 450166456320.0,
28, 718936, 89247, 143891, 49069, 480643874816.0,
29, 705597, 90962, 150199, 54622, 511552045056.0,
30, 692067, 92555, 156332, 60426, 542714871808.0,
31, 678455, 94139, 162435, 66470, 573791830016.0,
32, 664623, 95503, 168521, 72748, 605216800768.0,
33, 650652, 96905, 174447, 79187, 636732669952.0,
34, 637078, 98177, 180387, 85885, 668147023872.0,
35, 623348, 99244, 186192, 92707, 699614265344.0,
36, 609532, 100076, 192018, 99749, 730869760000.0,
37, 595722, 100936, 197732, 106918, 762256097280.0,
38, 582322, 101718, 203473, 114196, 793589121024.0,
39, 568600, 102234, 208896, 121760, 824711970816.0,
40, 555279, 102482, 214344, 129362, 855849140224.0,
41, 541988, 102771, 219615, 137133, 886661316608.0,
42, 528795, 102988, 224619, 144940, 917000060928.0,
43, 515959, 103030, 229725, 152881, 947254951936.0,
44, 502782, 103022, 234765, 160779, 977245143040.0,
45, 490236, 103041, 239544, 168772, 1006897332224.0,
46, 477366, 102782, 244378, 176901, 1036157911040.0,
47, 465414, 102233, 248977, 184880, 1064869167104.0,
48, 453013, 101779, 253463, 192996, 1093058428928.0,
49, 441000, 101306, 257865, 201129, 1120478167040.0,
50, 429346, 100555, 262118, 209233, 1147415035904.0,
51, 417913, 100076, 266235, 217373, 1174352822272.0,
52, 406696, 99221, 270099, 225537, 1201046421504.0,
53, 395487, 98382, 273910, 233567, 1226768121856.0,
54, 384931, 97310, 277602, 241535, 1251916120064.0,
55, 374489, 96204, 281301, 249492, 1276564209664.0,
56, 364144, 94991, 284715, 257502, 1300578959360.0,
57, 354245, 93847, 288037, 265471, 1324034228224.0,
58, 344706, 92355, 291229, 273208, 1347136847872.0,
59, 335156, 91083, 294187, 280882, 1369706987520.0,
60, 326256, 89866, 297236, 288491, 1391229272064.0,
61, 317174, 88318, 300044, 295865, 1412231528448.0,
62, 308745, 86984, 302590, 303345, 1433015549952.0,
63, 300256, 85615, 305168, 310706, 1452728254464.0,
64, 291986, 84150, 307493, 317882, 1471418859520.0,
65, 284370, 82562, 309760, 324801, 1489754521600.0,
66, 276747, 81096, 311815, 331707, 1507374268416.0,
67, 269666, 79467, 313848, 338472, 1524562395136.0,
68, 262635, 77926, 315699, 345172, 1540824563712.0,
69, 255808, 76369, 317638, 351644, 1556313079808.0,
70, 249685, 74761, 319198, 358039, 1571344482304.0,
71, 243608, 73069, 320814, 364368, 1585733566464.0,
72, 237867, 71222, 322159, 370508, 1599226773504.0,
73, 232312, 69555, 323278, 376398, 1612163448832.0,
74, 226857, 68033, 324545, 382209, 1624616861696.0,
75, 221572, 66407, 325805, 387899, 1636499062784.0,
76, 216700, 64748, 326800, 393277, 1647921135616.0,
77, 212001, 63246, 327689, 398683, 1658578665472.0,
78, 207637, 61756, 328391, 403858, 1668821417984.0,
79, 203461, 60128, 329274, 408924, 1678320140288.0,
80, 199448, 58572, 329824, 413721, 1687017226240.0,
81, 195723, 57113, 330359, 418472, 1695194415104.0,
82, 192054, 55644, 330756, 422955, 1702898565120.0,
83, 188772, 54194, 331128, 427257, 1710372028416.0,
84, 185671, 52822, 331759, 431427, 1716846919680.0,
85, 182514, 51332, 331937, 435441, 1722634076160.0,
86, 179755, 49952, 332116, 439254, 1727940657152.0,
87, 177169, 48528, 332137, 442971, 1733097947136.0,
88, 174935, 47330, 332255, 446542, 1737766010880.0,
89, 172589, 46052, 332418, 450104, 1742125268992.0,
90, 170395, 44794, 332433, 453408, 1746555764736.0,
91, 168790, 43517, 332479, 456516, 1750293479424.0,
92, 167052, 42233, 332366, 459420, 1753858179072.0,
93, 165615, 41036, 332318, 462220, 1756504195072.0,
94, 163668, 40091, 332196, 464956, 1758925815808.0,
95, 162524, 38999, 332008, 467503, 1760856702976.0,
96, 161467, 37977, 331781, 469886, 1762920628224.0,
97, 160488, 37020, 331571, 472208, 1764267589632.0,
98, 159571, 36016, 331383, 474366, 1765277564928.0,
99, 158540, 35141, 331008, 476392, 1766375620608.0,
100, 157743, 34353, 330869, 478313, 1767153664000.0,
101, 157185, 33490, 330571, 480076, 1767553171456.0,
102, 156749, 32597, 330247, 481712, 1767917355008.0,
103, 156142, 31822, 329722, 483455, 1768200536064.0,
104, 155652, 31033, 329644, 484852, 1768153677824.0,
105, 155519, 30249, 329311, 486304, 1767976009728.0,
106, 155478, 29591, 328983, 487513, 1767442153472.0,
107, 155107, 29038, 328730, 488648, 1767189184512.0,
108, 154854, 28297, 328296, 489694, 1766531596288.0,
109, 154800, 27813, 327984, 490794, 1765667110912.0,
110, 154717, 27181, 327743, 491776, 1764959715328.0,
111, 154741, 26679, 327678, 492599, 1764225122304.0,
112, 154877, 26073, 327045, 493375, 1763316072448.0,
113, 154888, 25593, 326784, 493978, 1762304589824.0,
114, 155307, 25162, 326582, 494489, 1761174487040.0,
115, 155669, 24711, 326113, 495045, 1759922749440.0,
116, 155544, 24237, 325768, 495527, 1758480367616.0,
117, 155967, 23888, 325570, 495946, 1757170302976.0,
118, 156231, 23493, 325341, 496370, 1755769274368.0,
119, 156369, 23163, 325132, 496743, 1754404290560.0,
120, 156456, 22914, 325018, 496973, 1753306169344.0,
121, 156461, 22554, 324890, 497210, 1752037392384.0,
122, 156946, 22204, 324579, 497354, 1750862790656.0,
123, 157424, 21922, 324378, 497554, 1749492629504.0,
124, 157948, 21652, 324085, 497571, 1748456046592.0,
125, 158233, 21440, 324078, 497671, 1747626491904.0,
126, 158548, 21186, 323716, 497806, 1746524962816.0,
127, 158799, 20948, 323635, 497816, 1745328996352.0,
128, 159318, 20782, 323527, 497733, 1744096919552.0,
129, 159751, 20622, 323262, 497780, 1743282372608.0,
130, 160162, 20397, 323133, 497782, 1742106853376.0,
131, 160512, 20270, 322946, 497769, 1741091307520.0,
132, 160853, 20064, 322785, 497646, 1740112461824.0,
133, 160985, 19870, 322736, 497606, 1739257348096.0,
134, 161448, 19808, 322697, 497537, 1738512138240.0,
135, 161926, 19627, 322558, 497326, 1737507733504.0,
136, 162130, 19523, 322428, 497269, 1736242429952.0,
137, 162735, 19350, 322181, 497080, 1735185072128.0,
138, 162906, 19279, 322240, 496975, 1734364889088.0,
139, 163248, 19182, 321926, 496807, 1733702713344.0,
140, 163328, 19147, 321918, 496664, 1732997021696.0,
141, 164036, 19001, 321894, 496405, 1732313153536.0,
142, 164128, 18957, 321825, 496285, 1731719331840.0,
143, 164827, 18867, 321611, 496092, 1730634973184.0,
144, 165026, 18794, 321534, 495875, 1730085650432.0,
145, 165761, 18700, 321534, 495596, 1729544847360.0,
146, 165951, 18693, 321382, 495416, 1728751271936.0,
147, 166245, 18609, 321256, 495021, 1728006848512.0,
148, 166674, 18584, 321104, 494963, 1727348670464.0,
149, 166981, 18501, 321011, 494812, 1726509940736.0,
150, 167428, 18454, 321115, 494533, 1726031200256.0,
151, 167159, 18449, 321105, 494510, 1725604233216.0,
152, 167492, 18440, 321010, 494251, 1725192208384.0,
153, 167910, 18440, 321115, 494205, 1724596224000.0,
154, 168243, 18389, 320887, 493969, 1724321824768.0,
155, 168457, 18335, 320950, 493738, 1723985494016.0,
156, 168784, 18343, 320773, 493426, 1723275673600.0,
157, 168660, 18316, 320827, 493265, 1723201552384.0,
158, 169187, 18278, 320903, 493085, 1723029454848.0,
159, 168977, 18298, 321009, 492954, 1722770063360.0,
160, 169587, 18195, 320725, 492673, 1722496319488.0,
161, 169926, 18152, 320780, 492389, 1722360004608.0,
162, 170113, 18220, 320840, 492290, 1722058014720.0,
163, 170305, 18181, 320899, 492091, 1721896927232.0,
164, 170588, 18195, 320898, 491887, 1721557254144.0,
165, 170650, 18167, 320821, 491709, 1721431228416.0,
166, 170622, 18115, 320901, 491574, 1721192546304.0,
167, 171202, 18115, 320900, 491419, 1720974508032.0,
168, 171437, 18079, 320869, 491058, 1720866177024.0,
169, 171580, 18104, 320870, 490932, 1720771149824.0,
170, 171482, 18136, 320813, 490807, 1720769708032.0,
171, 171885, 18136, 320736, 490665, 1720730451968.0,
172, 172250, 18089, 320721, 490411, 1720553177088.0,
173, 172273, 18078, 320650, 490341, 1720755683328.0,
174, 172335, 18041, 320660, 490163, 1720627429376.0,
175, 172441, 18076, 320709, 490011, 1720359321600.0,
176, 172437, 18085, 320695, 489981, 1720161927168.0,
177, 172651, 18049, 320665, 489912, 1719919968256.0,
178, 173259, 18044, 320520, 489683, 1720007196672.0,
179, 173039, 18042, 320510, 489549, 1719922262016.0,
180, 173148, 18044, 320481, 489539, 1719810326528.0,
181, 173119, 18036, 320621, 489485, 1719501258752.0,
182, 173648, 18040, 320467, 489334, 1719347314688.0,
183, 174158, 18045, 320522, 489044, 1719422943232.0,
184, 173983, 18015, 320460, 488924, 1718865821696.0,
185, 173982, 18042, 320531, 488827, 1718601318400.0,
186, 174060, 18055, 320512, 488769, 1718401826816.0,
187, 174166, 18032, 320511, 488699, 1718377316352.0,
188, 174060, 18003, 320456, 488542, 1718360866816.0,
189, 174297, 18097, 320580, 488536, 1718079717376.0,
190, 174481, 18046, 320549, 488573, 1718591356928.0,
191, 174623, 18055, 320546, 488300, 1718741762048.0,
192, 174255, 18053, 320707, 488200, 1718505177088.0,
193, 174383, 18092, 320836, 488150, 1718426861568.0,
194, 174534, 18034, 320755, 488084, 1718357327872.0,
195, 174485, 18058, 320718, 488003, 1718561275904.0,
196, 174713, 18027, 320658, 487882, 1718553870336.0,
197, 174637, 18062, 320767, 487905, 1718809329664.0,
198, 174665, 18049, 320776, 487900, 1719049256960.0,
199, 174566, 18088, 320792, 487817, 1718928605184.0,
200, 174727, 18029, 320824, 487723, 1718796681216.0,
201, 174922, 18095, 320884, 487785, 1719130914816.0,
202, 175081, 18063, 320775, 487646, 1719249731584.0,
203, 174908, 18050, 320809, 487589, 1719275683840.0,
204, 174975, 18021, 320752, 487466, 1719274700800.0,
205, 175354, 18029, 320713, 487289, 1719258775552.0,
206, 175152, 18007, 320747, 487394, 1719178887168.0,
207, 175236, 18050, 320700, 487361, 1719354851328.0,
208, 175305, 18033, 320625, 487375, 1719027761152.0,
209, 175298, 17998, 320613, 487274, 1718892822528.0,
210, 175557, 17968, 320656, 487254, 1718648504320.0,
211, 175801, 17969, 320636, 487257, 1718748577792.0,
212, 175781, 17980, 320438, 487061, 1718695165952.0,
213, 175966, 17972, 320388, 487005, 1718536765440.0,
214, 176012, 17981, 320371, 486880, 1718541156352.0,
215, 176210, 18006, 320435, 486968, 1718470836224.0,
216, 175940, 18024, 320430, 486894, 1718316498944.0,
217, 175992, 18023, 320380, 486896, 1718384263168.0,
218, 176017, 18020, 320316, 486779, 1718321610752.0,
219, 176240, 17990, 320263, 486630, 1718326984704.0,
220, 176409, 18004, 320344, 486673, 1718299328512.0,
221, 176507, 17981, 320335, 486669, 1718374367232.0,
222, 176370, 17975, 320432, 486546, 1718110191616.0,
223, 176534, 17963, 320213, 486567, 1717716189184.0,
224, 176735, 17985, 320249, 486499, 1717652815872.0,
225, 177071, 17990, 320150, 486276, 1717550186496.0,
226, 176818, 18030, 320256, 486341, 1717654061056.0,
227, 176765, 18049, 320389, 486198, 1717606612992.0,
228, 176766, 18021, 320399, 486134, 1717452013568.0,
229, 176735, 18002, 320422, 486151, 1717267005440.0,
230, 176875, 18017, 320385, 486085, 1717477113856.0,
231, 176886, 18035, 320320, 486114, 1717492449280.0,
232, 176769, 18056, 320308, 486065, 1717264384000.0,
233, 176956, 18012, 320340, 486042, 1717130887168.0,
234, 176932, 18040, 320317, 486058, 1717338701824.0,
235, 176982, 18029, 320412, 486019, 1716935786496.0,
236, 176912, 17971, 320447, 485932, 1716867301376.0,
237, 177000, 17959, 320497, 485939, 1717152645120.0,
238, 176746, 17989, 320476, 485839, 1717504966656.0,
239, 176770, 18009, 320553, 485867, 1717500116992.0,
240, 176840, 18029, 320469, 485933, 1717662908416.0,
241, 176952, 18024, 320336, 485972, 1717506015232.0,
242, 176760, 17990, 320328, 486004, 1717539176448.0,
243, 176864, 18007, 320352, 485878, 1717342502912.0,
244, 177417, 17986, 320174, 485817, 1717745418240.0,
245, 177357, 18020, 320234, 485759, 1717700132864.0,
246, 177266, 18004, 320357, 485753, 1717683617792.0,
247, 177234, 18059, 320216, 485735, 1717715992576.0,
248, 177030, 18023, 320392, 485718, 1717506211840.0,
249, 177141, 18039, 320327, 485587, 1717345189888.0,
250, 177389, 18047, 320196, 485656, 1717490089984.0,
251, 177277, 18020, 320350, 485719, 1717205598208.0,
252, 177437, 18023, 320373, 485715, 1717279588352.0,
253, 177350, 17969, 320357, 485768, 1717286993920.0,
254, 177109, 18014, 320442, 485738, 1717121318912.0,
255, 177183, 17957, 320498, 485700, 1717218115584.0,
256, 177334, 18007, 320376, 485687, 1717306785792.0,
257, 177196, 17996, 320393, 485740, 1717432287232.0,
258, 177337, 17975, 320520, 485543, 1717546123264.0,
259, 177319, 18034, 320550, 485653, 1717900738560.0,
260, 177198, 17997, 320465, 485477, 1717719793664.0,
261, 177427, 17958, 320400, 485647, 1717567029248.0,
262, 177513, 18028, 320652, 485552, 1717464334336.0,
263, 177796, 17992, 320390, 485525, 1717515190272.0,
264, 177492, 18005, 320492, 485476, 1717474295808.0,
265, 177241, 17966, 320374, 485580, 1717375074304.0,
266, 177283, 18028, 320351, 485506, 1717445328896.0,
267, 177391, 17996, 320406, 485476, 1717367406592.0,
268, 177711, 18015, 320296, 485602, 1717138030592.0,
269, 177658, 18006, 320207, 485607, 1717335752704.0,
270, 177723, 18009, 320224, 485420, 1717148450816.0,
271, 177526, 18006, 320257, 485411, 1717005778944.0,
272, 177972, 18019, 320220, 485351, 1717132001280.0,
273, 177638, 18003, 320164, 485593, 1717161623552.0,
274, 177600, 18009, 320296, 485539, 1717035532288.0,
275, 177526, 18014, 320404, 485535, 1716891287552.0,
276, 177452, 18053, 320291, 485516, 1716837482496.0,
277, 177550, 18067, 320490, 485554, 1716754251776.0,
278, 177595, 18028, 320441, 485522, 1716892729344.0,
279, 177699, 18016, 320287, 485555, 1717047787520.0,
280, 177746, 17983, 320214, 485494, 1716947714048.0,
281, 177756, 17986, 320210, 485409, 1716837613568.0,
282, 177849, 18003, 320107, 485359, 1716869922816.0,
283, 177889, 18005, 320169, 485467, 1716952825856.0,
284, 177981, 18002, 320065, 485432, 1717040906240.0,
285, 177948, 17977, 320079, 485471, 1717031927808.0,
286, 177730, 17990, 320054, 485414, 1716856619008.0,
287, 177769, 17996, 320066, 485533, 1716766703616.0,
288, 177519, 18045, 320026, 485480, 1716496105472.0,
289, 177620, 18065, 320081, 485525, 1716518060032.0,
290, 177797, 18058, 320138, 485421, 1716411891712.0,
291, 177665, 18006, 320218, 485483, 1716311949312.0,
292, 177783, 17977, 320246, 485543, 1716381483008.0,
293, 177843, 17983, 320279, 485391, 1716264435712.0,
294, 178040, 17961, 320157, 485300, 1716271382528.0,
295, 177799, 17998, 320182, 485374, 1716315947008.0,
296, 177827, 18014, 320301, 485413, 1716495646720.0,
297, 177988, 17989, 320188, 485307, 1716694155264.0,
298, 178206, 17993, 320087, 485305, 1716614660096.0,
299, 178083, 18020, 320004, 485123, 1716503183360.0,
300, 178091, 18012, 320061, 485348, 1716282458112.0,
301, 177713, 18031, 320294, 485264, 1716242677760.0,
302, 177857, 18058, 320173, 485189, 1716415037440.0,
303, 177877, 18025, 320176, 485073, 1716356710400.0,
304, 177927, 17964, 320166, 485064, 1716367982592.0,
305, 177840, 18022, 320211, 485200, 1716458422272.0,
306, 178028, 17973, 320223, 485126, 1716266467328.0,
307, 177971, 17948, 320215, 485182, 1716336066560.0,
308, 177907, 17978, 320278, 485142, 1716691533824.0,
309, 177929, 17996, 320414, 485054, 1716730593280.0,
310, 177729, 18048, 320313, 485088, 1716813037568.0,
311, 177743, 18052, 320255, 485133, 1716443807744.0,
312, 177766, 18079, 320488, 485152, 1716552138752.0,
313, 177640, 18091, 320413, 485156, 1716977532928.0,
314, 177663, 18047, 320444, 485058, 1717227880448.0,
315, 177614, 17991, 320392, 485144, 1717311111168.0,
316, 177980, 18001, 320319, 485026, 1717512110080.0,
317, 178142, 17909, 320149, 485016, 1717280899072.0,
318, 178020, 17988, 320146, 485078, 1717096808448.0,
319, 177829, 18011, 320246, 485098, 1716976746496.0,
320, 177935, 18041, 320228, 485169, 1716430307328.0,
321, 178062, 18010, 320094, 485079, 1716505083904.0,
322, 178207, 18060, 320189, 485221, 1716866514944.0,
323, 178015, 18033, 320166, 485276, 1716231340032.0,
324, 178090, 18042, 320300, 485209, 1716202307584.0,
325, 178113, 17965, 320077, 485268, 1716494729216.0,
326, 177834, 18049, 320272, 485279, 1716621410304.0,
327, 177770, 18022, 320293, 485300, 1716826865664.0,
328, 177803, 17993, 320257, 485337, 1716736491520.0,
329, 177887, 17976, 320273, 485320, 1716732231680.0,
330, 177753, 17967, 320379, 485244, 1716815003648.0,
331, 177420, 18014, 320301, 485265, 1717074329600.0,
332, 177583, 17988, 320423, 485386, 1717204353024.0,
333, 177800, 18027, 320303, 485244, 1717520760832.0,
334, 177878, 17990, 320411, 485178, 1717257437184.0,
335, 177909, 17997, 320279, 485231, 1717039267840.0,
336, 177972, 17998, 320304, 485272, 1717094318080.0,
337, 177750, 17976, 320281, 485378, 1716991492096.0,
338, 177609, 17997, 320372, 485401, 1717157625856.0,
339, 177643, 18009, 320334, 485164, 1717097725952.0,
340, 177994, 17945, 320241, 485068, 1717085667328.0,
341, 178212, 17969, 320125, 485057, 1717040709632.0,
342, 178296, 18014, 320317, 485064, 1716754120704.0,
343, 178058, 18079, 320368, 485012, 1717050802176.0,
344, 177908, 18054, 320338, 485082, 1716858716160.0,
345, 177851, 18014, 320265, 485225, 1716754317312.0,
346, 177943, 18012, 320278, 485257, 1716931133440.0,
347, 177566, 18019, 320348, 485235, 1716834729984.0,
348, 177685, 17970, 320242, 485142, 1716652802048.0,
349, 177668, 18044, 320390, 485217, 1716970586112.0,
350, 177810, 18014, 320269, 485240, 1716939456512.0,
351, 177607, 18016, 320282, 485203, 1716990312448.0,
352, 177812, 18023, 320331, 485127, 1717341454336.0,
353, 177791, 17998, 320312, 485112, 1717595602944.0,
354, 177945, 17967, 320125, 485057, 1717298593792.0,
355, 178157, 17955, 320118, 485107, 1716911276032.0,
356, 178250, 18002, 320060, 485076, 1716778237952.0,
357, 178419, 17976, 320204, 485086, 1716644806656.0,
358, 178294, 17956, 319999, 485156, 1716334493696.0,
359, 178250, 17911, 319947, 485102, 1716362674176.0,
360, 178223, 17953, 319982, 485130, 1716290453504.0,
361, 178461, 17981, 319848, 485139, 1716131790848.0,
362, 178391, 18040, 319950, 485031, 1716137754624.0,
363, 178385, 18048, 319953, 485025, 1716056621056.0,
364, 178162, 18063, 320058, 485088, 1715781566464.0,
365, 178101, 18021, 320086, 485017, 1715932954624.0,
366, 177938, 18004, 320193, 485062, 1715889635328.0,
367, 178056, 18032, 320177, 485064, 1715959300096.0,
368, 178054, 18007, 320347, 485078, 1715891142656.0,
369, 177903, 18011, 320304, 485086, 1716081983488.0,
370, 177747, 18024, 320403, 485014, 1715990691840.0,
371, 177986, 18019, 320544, 485016, 1715987611648.0,
372, 177891, 18005, 320403, 484989, 1715980468224.0,
373, 177840, 18011, 320474, 485052, 1716297007104.0,
374, 177916, 18006, 320526, 484923, 1716540342272.0,
375, 177926, 17974, 320370, 484910, 1716755038208.0,
376, 178010, 18027, 320427, 485035, 1717073936384.0,
377, 177917, 18008, 320269, 484949, 1716876279808.0,
378, 177865, 17958, 320241, 485065, 1716787871744.0,
379, 177949, 17991, 320288, 485003, 1716557709312.0,
380, 178037, 17980, 320174, 484935, 1716316405760.0,
381, 178221, 18006, 320132, 484916, 1715944620032.0,
382, 177929, 18015, 320209, 485014, 1715789299712.0,
383, 178011, 18018, 320119, 485127, 1716066254848.0,
384, 178084, 17998, 320270, 485026, 1716239728640.0,
385, 178273, 17973, 320230, 485001, 1716378140672.0,
386, 178360, 17957, 320201, 485018, 1716217053184.0,
387, 178302, 17971, 320187, 484978, 1716170063872.0,
388, 178128, 18012, 320219, 485066, 1716203028480.0,
389, 178025, 18014, 320104, 485019, 1716149223424.0,
390, 178153, 17976, 320008, 485068, 1716050329600.0,
391, 178414, 17997, 320106, 484943, 1716260241408.0,
392, 178198, 18025, 320136, 485035, 1716247920640.0,
393, 178179, 18005, 320102, 485026, 1716231995392.0,
394, 178151, 18006, 320167, 485056, 1716164034560.0,
395, 178242, 17978, 320132, 484979, 1716197064704.0,
396, 178263, 18015, 320081, 485018, 1716265222144.0,
397, 178305, 17980, 320119, 485029, 1716200210432.0,
398, 178335, 17962, 320167, 484986, 1716054327296.0,
399, 178463, 17982, 319984, 484876, 1716109508608.0,
400, 178167, 17972, 319974, 484977, 1716141621248.0,
401, 178034, 18035, 320148, 484997, 1716219346944.0,
402, 178382, 18054, 320116, 484873, 1716176945152.0,
403, 178306, 18001, 320149, 484988, 1716046659584.0,
404, 178204, 18004, 320052, 484896, 1715922796544.0,
405, 178306, 18010, 320131, 485045, 1715856015360.0,
406, 178634, 17959, 320150, 484848, 1715987480576.0,
407, 178273, 17994, 320086, 484936, 1716019134464.0,
408, 178476, 17977, 320080, 484963, 1715807059968.0,
409, 178341, 17950, 319968, 484903, 1715698991104.0,
410, 178613, 17930, 319974, 484824, 1715515359232.0,
411, 178655, 17966, 320039, 484810, 1715622445056.0,
412, 178251, 18021, 320155, 484911, 1715834978304.0,
413, 178412, 18031, 320110, 484968, 1715824033792.0,
414, 178114, 18034, 320232, 484919, 1715724812288.0,
415, 178152, 18016, 320184, 484943, 1715959037952.0,
416, 178137, 18017, 320166, 484930, 1715823116288.0,
417, 177826, 18003, 320204, 485137, 1715959300096.0,
418, 177817, 18031, 320252, 485061, 1716025229312.0,
419, 177799, 18030, 320233, 485036, 1716307492864.0,
420, 177897, 18000, 320221, 484981, 1716185399296.0,
421, 177981, 17993, 320184, 485031, 1716362870784.0,
422, 178353, 17960, 320054, 484979, 1716196147200.0,
423, 178181, 17945, 320026, 485001, 1716184940544.0,
424, 178043, 17971, 320196, 484879, 1716201586688.0,
425, 178298, 17928, 319922, 484984, 1715947831296.0,
426, 178297, 17966, 319831, 484873, 1715755941888.0,
427, 178516, 18001, 319980, 484860, 1716060094464.0,
428, 178243, 18017, 320087, 485028, 1716061863936.0,
429, 178221, 18001, 320198, 484902, 1716028047360.0,
430, 178198, 17950, 320068, 485002, 1715961987072.0,
431, 178357, 18003, 320062, 484880, 1715995148288.0,
432, 178418, 17962, 320117, 484900, 1715614318592.0,
433, 178145, 17947, 320168, 484869, 1715479117824.0,
434, 178132, 17979, 320192, 484946, 1715456835584.0,
435, 178439, 17989, 320059, 485060, 1715606454272.0,
436, 178261, 17987, 320122, 485035, 1715681755136.0,
437, 178561, 17958, 320026, 484945, 1715540525056.0,
438, 178297, 18003, 320024, 484966, 1715684179968.0,
439, 178245, 18036, 319966, 485091, 1715600687104.0,
440, 178442, 18018, 320004, 484979, 1715570802688.0,
441, 178332, 18008, 319948, 485015, 1715729465344.0,
442, 178160, 18007, 319950, 485034, 1715689619456.0,
443, 178420, 18029, 320048, 485056, 1715925155840.0,
444, 178300, 18042, 319939, 484978, 1715949142016.0,
445, 178208, 18015, 320046, 484914, 1715840745472.0,
446, 178499, 18000, 320224, 484976, 1715888193536.0,
447, 178681, 17985, 320123, 484912, 1716063633408.0,
448, 178352, 17957, 320190, 484878, 1715887407104.0,
449, 178828, 17969, 320124, 484736, 1715908575232.0,
450, 178351, 17976, 320148, 484807, 1715782221824.0,
451, 178638, 17992, 320165, 484718, 1715923386368.0,
452, 178530, 18006, 320075, 484836, 1715803652096.0,
453, 178453, 18001, 320114, 484860, 1715750764544.0,
454, 178497, 17943, 320123, 484854, 1715894878208.0,
455, 178646, 18000, 320188, 484723, 1715551535104.0,
456, 178368, 18011, 320258, 484853, 1715666288640.0,
457, 178309, 18036, 320071, 484898, 1715587842048.0,
458, 178340, 18021, 319991, 484988, 1715534299136.0,
459, 178157, 18049, 320152, 484932, 1715421642752.0,
460, 178559, 18006, 319916, 484784, 1715252690944.0,
461, 178626, 17962, 319898, 484807, 1715260030976.0,
462, 178026, 17983, 320097, 484868, 1715163103232.0,
463, 178165, 18008, 320030, 484940, 1715238338560.0,
464, 178141, 18009, 320230, 484831, 1715502710784.0,
465, 177781, 18044, 320322, 485001, 1715907854336.0,
466, 177844, 18028, 320255, 485035, 1715961397248.0,
467, 177885, 18034, 320346, 485136, 1715883409408.0,
468, 178053, 18015, 320338, 485084, 1716115865600.0,
469, 177909, 18006, 320533, 485139, 1716116324352.0,
470, 178085, 17977, 320379, 485203, 1716299563008.0,
471, 178193, 17956, 320316, 485098, 1716538703872.0,
472, 178027, 17994, 320263, 484987, 1716674625536.0,
473, 177971, 18019, 320367, 485042, 1716914749440.0,
474, 178120, 18004, 320349, 485012, 1717016592384.0,
475, 178251, 17988, 320201, 484932, 1716793442304.0,
476, 178128, 18019, 320246, 484940, 1716848361472.0,
477, 178122, 18017, 320241, 485102, 1716757069824.0,
478, 178326, 17981, 320157, 484969, 1716726005760.0,
479, 178377, 17986, 320196, 485125, 1716528087040.0,
480, 178094, 17991, 320174, 485232, 1716256112640.0,
481, 178289, 17960, 320126, 485196, 1716339998720.0,
482, 178203, 17968, 320185, 485089, 1716265746432.0,
483, 178066, 18037, 320355, 485138, 1716159971328.0,
484, 178063, 18053, 320169, 485163, 1716149878784.0,
485, 177990, 18029, 320188, 485202, 1716366082048.0,
486, 178063, 18014, 320077, 485211, 1716500889600.0,
487, 178087, 17944, 320043, 485147, 1716727644160.0,
488, 178250, 17961, 320041, 484960, 1716426178560.0,
489, 178314, 17939, 320070, 485160, 1716314898432.0,
490, 178201, 17989, 320058, 485065, 1716224786432.0,
491, 178284, 18038, 320161, 485090, 1716292878336.0,
492, 178371, 18005, 319982, 485025, 1716180221952.0,
493, 178485, 18005, 320049, 484931, 1715946192896.0,
494, 178615, 17961, 319928, 484780, 1715759742976.0,
495, 178487, 18038, 319976, 484810, 1715665240064.0,
496, 178566, 18003, 319911, 484723, 1715456704512.0,
497, 178715, 18001, 319896, 484761, 1715580043264.0,
498, 178664, 17970, 319940, 484658, 1715435077632.0,
499, 178439, 17966, 320080, 484666, 1715566280704.0,
500, 178347, 18024, 320052, 484934, 1715364233216.0,
501, 178305, 18008, 320039, 484881, 1715578404864.0,
502, 178399, 17971, 320053, 484886, 1715583385600.0,
503, 178448, 17997, 320148, 484897, 1715690143744.0,
504, 178384, 17966, 319964, 484789, 1715300728832.0,
505, 178085, 18010, 320223, 484883, 1715443466240.0,
506, 178057, 18075, 320355, 485031, 1715630047232.0,
507, 178096, 18032, 320189, 484991, 1715708493824.0,
508, 177930, 18023, 320339, 485006, 1716239728640.0,
509, 178073, 18039, 320221, 485096, 1716153024512.0,
510, 178177, 17961, 320219, 484896, 1716252639232.0,
511, 178302, 17956, 320214, 484872, 1716264173568.0,
512, 178247, 17954, 320249, 484950, 1716274003968.0,
513, 178246, 18011, 320076, 485053, 1716538572800.0,
514, 177942, 18056, 320235, 485067, 1716806090752.0,
515, 177809, 18019, 320306, 485039, 1716808712192.0,
516, 178165, 17951, 320145, 485053, 1716420345856.0,
517, 178063, 17984, 320133, 485083, 1716572520448.0,
518, 178204, 17994, 320136, 485117, 1716627177472.0,
519, 178231, 17942, 320130, 485150, 1716532019200.0,
520, 178114, 17987, 320167, 485084, 1716292550656.0,
521, 178254, 17973, 320108, 485189, 1716023459840.0,
522, 178455, 17950, 320024, 484957, 1715891273728.0,
523, 178601, 17935, 319864, 484892, 1715891732480.0,
524, 178677, 17951, 320006, 484915, 1715794935808.0,
525, 178569, 18053, 320098, 484907, 1715681230848.0,
526, 178430, 17969, 320019, 484988, 1715787857920.0,
527, 178177, 18017, 320127, 485004, 1715749126144.0,
528, 178232, 18006, 320125, 485022, 1715624345600.0,
529, 178009, 17990, 320175, 485151, 1715781828608.0,
530, 178158, 17991, 320268, 485030, 1715862503424.0,
531, 178323, 17955, 320106, 484957, 1716017561600.0,
532, 178457, 17951, 320048, 484902, 1716056621056.0,
533, 178401, 17982, 320183, 484932, 1716168753152.0,
534, 178235, 18027, 320124, 484971, 1716052819968.0,
535, 177959, 18050, 320282, 484954, 1716043120640.0,
536, 177949, 18042, 320240, 484979, 1716141883392.0,
537, 178264, 18052, 320185, 484976, 1716212203520.0,
538, 178465, 18018, 320066, 484853, 1716250279936.0,
539, 177958, 18008, 320244, 485036, 1716199555072.0,
540, 177995, 18065, 320271, 485032, 1716314177536.0,
541, 177828, 18031, 320333, 485027, 1716441513984.0,
542, 177671, 18060, 320405, 485177, 1716463271936.0,
543, 177681, 18064, 320382, 485181, 1716523827200.0,
544, 177765, 18014, 320351, 485075, 1716286652416.0,
545, 177822, 17995, 320276, 485103, 1716463403008.0,
546, 178088, 17950, 320174, 485114, 1716353761280.0,
547, 178014, 17967, 320068, 485220, 1716297531392.0,
548, 178082, 17985, 320050, 485188, 1716470153216.0,
549, 178354, 17992, 320074, 485202, 1716483063808.0,
550, 178434, 17973, 319881, 485129, 1716406452224.0,
551, 177821, 17987, 320045, 485083, 1716314832896.0,
552, 177798, 18017, 320146, 485194, 1716377747456.0,
553, 177892, 18014, 320231, 485104, 1716248051712.0,
554, 178219, 17965, 320135, 485128, 1716175568896.0,
555, 178284, 17987, 320162, 485026, 1716217380864.0,
556, 178080, 17970, 319996, 485034, 1716132380672.0,
557, 177943, 17978, 320201, 485101, 1716011663360.0,
558, 178049, 17997, 320070, 484902, 1716079427584.0,
559, 178047, 17984, 320131, 484922, 1716034076672.0,
560, 178351, 17974, 319965, 484863, 1716281081856.0,
561, 178110, 18018, 320260, 484963, 1716432666624.0,
562, 178335, 17980, 320023, 484950, 1715975946240.0,
563, 178089, 17991, 320117, 485097, 1716048035840.0,
564, 178368, 18002, 320023, 484946, 1716220329984.0,
565, 178334, 17994, 320056, 485014, 1716148568064.0,
566, 178178, 18017, 320121, 484955, 1716137558016.0,
567, 178286, 18006, 320275, 484987, 1715872595968.0,
568, 178244, 17995, 320300, 484932, 1716166393856.0,
569, 178505, 17969, 320219, 484824, 1716315553792.0,
570, 178275, 18009, 320370, 484849, 1716398915584.0,
571, 178036, 17992, 320384, 484986, 1716431093760.0,
572, 177957, 18008, 320457, 484967, 1716484046848.0,
573, 178223, 17980, 320255, 484939, 1716356907008.0,
574, 177922, 18021, 320323, 485046, 1716706869248.0,
575, 177963, 18016, 320326, 484965, 1716591394816.0,
576, 178280, 18026, 320383, 484948, 1716500561920.0,
577, 178473, 17999, 320218, 484949, 1716602798080.0,
578, 178393, 17986, 320210, 484850, 1716591460352.0,
579, 178096, 17971, 320322, 484860, 1716811137024.0,
580, 178053, 17994, 320324, 484958, 1716886765568.0,
581, 178316, 17980, 320251, 484906, 1716687470592.0,
582, 178284, 17962, 320211, 484888, 1716626391040.0,
583, 178401, 18011, 320224, 484943, 1716708376576.0,
584, 178331, 18035, 320227, 484907, 1716355399680.0,
585, 177808, 17978, 320311, 484899, 1716173930496.0,
586, 177929, 18019, 320285, 484978, 1716279050240.0,
587, 178319, 17997, 320239, 484946, 1716540080128.0,
588, 178014, 17967, 320282, 485040, 1716831649792.0,
589, 178113, 17953, 320171, 485152, 1716981137408.0,
590, 178201, 17927, 320101, 485072, 1717062860800.0,
591, 178194, 17989, 320119, 485128, 1716776075264.0,
592, 177791, 18024, 320340, 485181, 1716783087616.0,
593, 178082, 17989, 320189, 485142, 1716671741952.0,
594, 177847, 18019, 320137, 485240, 1716582088704.0,
595, 177821, 18026, 320135, 485070, 1716537524224.0,
596, 178131, 18009, 319983, 485079, 1716740554752.0,
597, 177971, 18044, 320111, 485103, 1716745797632.0,
598, 177840, 18035, 320139, 485130, 1716670103552.0,
599, 178037, 17985, 320020, 485061, 1716669513728.0,
600, 178163, 17938, 320012, 485021, 1716472840192.0,
601, 178413, 17967, 320094, 485024, 1716151648256.0,
602, 178290, 17963, 319974, 485205, 1715839369216.0,
603, 178495, 18002, 320142, 485044, 1715888521216.0,
604, 178161, 18001, 320151, 485142, 1715778813952.0,
605, 178090, 17945, 320061, 485113, 1715719372800.0,
606, 178200, 17982, 320167, 485171, 1715478396928.0,
607, 178340, 18001, 320076, 485145, 1715435536384.0,
608, 178118, 18022, 320147, 485041, 1715656523776.0,
609, 177913, 18063, 320142, 485109, 1715582205952.0,
610, 177913, 18072, 320269, 485204, 1715893501952.0,
611, 178049, 18009, 320224, 485091, 1715971620864.0,
612, 178089, 18016, 320177, 485023, 1715837468672.0,
613, 177930, 18014, 320195, 484935, 1716128186368.0,
614, 178130, 17990, 320263, 484977, 1716064747520.0,
615, 178321, 17989, 320235, 484976, 1716013826048.0,
616, 178374, 17977, 320233, 484934, 1716111933440.0,
617, 178427, 17932, 320164, 484901, 1716062519296.0,
618, 178071, 17972, 320154, 484919, 1716106690560.0,
619, 177781, 18019, 320314, 485012, 1716336787456.0,
620, 177874, 17989, 320224, 485092, 1716088274944.0,
621, 178006, 18009, 320226, 485100, 1716393279488.0,
622, 177962, 18012, 320216, 485088, 1716731445248.0,
623, 178285, 17965, 320159, 485105, 1716626391040.0,
624, 178241, 17916, 320147, 484936, 1716421853184.0,
625, 178386, 17968, 320021, 484945, 1716390395904.0,
626, 178260, 17956, 320071, 485032, 1716347994112.0,
627, 178433, 17910, 320108, 485128, 1716140834816.0,
628, 178170, 17982, 320117, 485139, 1716216004608.0,
629, 178161, 17979, 319952, 485027, 1716306247680.0,
630, 178304, 17959, 319952, 484922, 1716102168576.0,
631, 178198, 18006, 320056, 485062, 1716114685952.0,
632, 178090, 18007, 320295, 484990, 1715907198976.0,
633, 178248, 17980, 320170, 485015, 1715727302656.0,
634, 178122, 18039, 320223, 485095, 1716167311360.0,
635, 178133, 17984, 320165, 485172, 1716605419520.0,
636, 178085, 17991, 320093, 485180, 1716645789696.0,
637, 178026, 18006, 320192, 485207, 1716727185408.0,
638, 178502, 17975, 320106, 485027, 1716743110656.0,
639, 178319, 17973, 320086, 485034, 1716648542208.0,
640, 178455, 17985, 319952, 484936, 1715937083392.0,
641, 178402, 18009, 319982, 484984, 1715730710528.0,
642, 178386, 17964, 319993, 484982, 1715612286976.0,
643, 178360, 17969, 320068, 484934, 1715718324224.0,
644, 178696, 17962, 319957, 484917, 1716034994176.0,
645, 178618, 17973, 319874, 484852, 1715535937536.0,
646, 178751, 17982, 319733, 484804, 1715509657600.0,
647, 178518, 18006, 319790, 484786, 1715542556672.0,
648, 178501, 18030, 320075, 484894, 1715254001664.0,
649, 178388, 18033, 320147, 484917, 1715367575552.0,
650, 178353, 18049, 319990, 484840, 1714980257792.0,
651, 178359, 18044, 320022, 484882, 1714946310144.0,
652, 178353, 18025, 320088, 484818, 1714987139072.0,
653, 178205, 18076, 320219, 484826, 1715202555904.0,
654, 178259, 17992, 320128, 484716, 1715070894080.0,
655, 178334, 17990, 320234, 484742, 1715200589824.0,
656, 178010, 17965, 320247, 484924, 1715570737152.0,
657, 178192, 17999, 320174, 484878, 1715615236096.0,
658, 178194, 17971, 320238, 484924, 1715780124672.0,
659, 178384, 17944, 320230, 484932, 1715990560768.0,
660, 178456, 17976, 320087, 484959, 1716064288768.0,
661, 178211, 17989, 320148, 484956, 1715964805120.0,
662, 178159, 18015, 320120, 485002, 1715895533568.0,
663, 178314, 18004, 319931, 484830, 1715835109376.0,
664, 178323, 17985, 320080, 485028, 1715830128640.0,
665, 178234, 18002, 320088, 484995, 1715929415680.0,
666, 178354, 17985, 320098, 484800, 1715865124864.0,
667, 178406, 18003, 320179, 484933, 1715950452736.0,
668, 178169, 18001, 320234, 484889, 1715920109568.0,
669, 178414, 17965, 320198, 484932, 1715984465920.0,
670, 178554, 17980, 320156, 484933, 1715687653376.0,
671, 178385, 17936, 320201, 484857, 1715665305600.0,
672, 178380, 17947, 320100, 484868, 1715684704256.0,
673, 178480, 17993, 320100, 484970, 1715667402752.0,
674, 178346, 18025, 320004, 484895, 1716047642624.0,
675, 178278, 18076, 320101, 484935, 1716343537664.0,
676, 178099, 18059, 320123, 484942, 1716359593984.0,
677, 178150, 18096, 320262, 485041, 1716382400512.0,
678, 178107, 18018, 320222, 485106, 1716125958144.0,
679, 178080, 17975, 320107, 485129, 1716309393408.0,
680, 178314, 18006, 320155, 485123, 1716364247040.0,
681, 177919, 17998, 320303, 485101, 1716049805312.0,
682, 178027, 17970, 320401, 484918, 1716477034496.0,
683, 177935, 17984, 320299, 485020, 1716414906368.0,
684, 178206, 17974, 320354, 484838, 1716411367424.0,
685, 178064, 17996, 320247, 484960, 1716761001984.0,
686, 177955, 17998, 320156, 485036, 1716618592256.0,
687, 177935, 17948, 320185, 485030, 1716702871552.0,
688, 178106, 17991, 320220, 484956, 1716850786304.0,
689, 178214, 17978, 320155, 484861, 1716844888064.0,
690, 178371, 18015, 320135, 484908, 1716807794688.0,
691, 178142, 18030, 320247, 485018, 1716678623232.0,
692, 178548, 18006, 320112, 485004, 1716445118464.0,
693, 178455, 17979, 320162, 485000, 1716557709312.0,
694, 178412, 17973, 320170, 484992, 1716368769024.0,
695, 178524, 17950, 319989, 484878, 1716253163520.0,
696, 178682, 17981, 320053, 484943, 1716051116032.0,
697, 178423, 18046, 320142, 484981, 1715807322112.0,
698, 177867, 18044, 320211, 484994, 1715817218048.0,
699, 178203, 18025, 320144, 485044, 1715875676160.0,
700, 178131, 18030, 320183, 484991, 1715785760768.0,
701, 178254, 17989, 320240, 484921, 1715936952320.0,
702, 177905, 18000, 320269, 485039, 1716230619136.0,
703, 178091, 18026, 320220, 484988, 1716043055104.0,
704, 177950, 17983, 320293, 484997, 1716050722816.0,
705, 178222, 17944, 320362, 484919, 1716316864512.0,
706, 178297, 18002, 320252, 484929, 1716540473344.0,
707, 178185, 18009, 320095, 484830, 1716567408640.0,
708, 178613, 17953, 320038, 484836, 1716613414912.0,
709, 178449, 17908, 319967, 484966, 1716662501376.0,
710, 178643, 17957, 319844, 485024, 1716365492224.0,
711, 178250, 18011, 320073, 484907, 1716363788288.0,
712, 178236, 18026, 320190, 484966, 1716472512512.0,
713, 178309, 18012, 320173, 485133, 1716453638144.0,
714, 178547, 17993, 320008, 485091, 1716351598592.0,
715, 178283, 18027, 320095, 485027, 1715945537536.0,
716, 178257, 17976, 320062, 485112, 1716032831488.0,
717, 178345, 17996, 320009, 485105, 1716171702272.0,
718, 178420, 17991, 320224, 485042, 1716114554880.0,
719, 178546, 18042, 320022, 485026, 1716089257984.0,
