0, 1001365, 0, 0, 0, 0.0,
1, 991352, 10011, 2, 0, 0.0,
2, 932, 990245, 10185, 0, 5356655872.0,
3, 0, 983781, 17583, 0, 11520140288.0,
4, 0, 943586, 57779, 0, 28636911616.0,
5, 0, 850567, 150795, 2, 79668428800.0,
6, 0, 712458, 288894, 13, 188679389184.0,
7, 1, 555405, 445897, 61, 367293480960.0,
8, 0, 405866, 595282, 212, 611161178112.0,
9, 9, 280472, 720254, 627, 904592359424.0,
10, 1, 184665, 814990, 1668, 1227383963648.0,
11, 3, 116840, 880428, 4055, 1561124012032.0,
12, 2, 71489, 920768, 9059, 1887681380352.0,
13, 5, 42864, 939979, 18451, 2203657961472.0,
14, 7, 25803, 941106, 34399, 2483992657920.0,
15, 12, 16498, 925931, 58936, 2733359628288.0,
16, 19, 12368, 895444, 93490, 2937019826176.0,
17, 28, 11805, 851053, 138501, 3136648118272.0,
18, 41, 13704, 794547, 193077, 3242843963392.0,
19, 52, 17407, 728880, 255047, 3354909212672.0,
20, 66, 22331, 657747, 321232, 3387832401920.0,
21, 82, 28084, 585059, 388149, 3382871326720.0,
22, 94, 34148, 514965, 452066, 3339711152128.0,
23, 105, 40056, 450972, 510168, 3245375619072.0,
24, 116, 45466, 395588, 560238, 3152867491840.0,
25, 126, 49906, 350741, 600628, 3041952923648.0,
26, 132, 53235, 317055, 630967, 2907265302528.0,
27, 137, 55303, 294404, 651563, 2788701372416.0,
28, 136, 56022, 281993, 663237, 2654515363840.0,
29, 141, 55524, 278635, 667108, 2547995639808.0,
30, 138, 53883, 282869, 664468, 2436039180288.0,
31, 140, 51310, 293049, 656791, 2351112126464.0,
32, 136, 48031, 307633, 645495, 2275843637248.0,
33, 130, 44354, 325306, 631561, 2218158456832.0,
34, 129, 40448, 344622, 616101, 2175450218496.0,
35, 129, 36449, 364793, 599895, 2147516481536.0,
36, 126, 32603, 384932, 583704, 2133833220096.0,
37, 120, 28968, 404240, 567978, 2132019838976.0,
38, 119, 25700, 422467, 553019, 2140615213056.0,
39, 117, 22850, 439114, 539284, 2157779419136.0,
40, 113, 20455, 453953, 526865, 2181723521024.0,
41, 116, 18508, 466805, 515974, 2210428878848.0,
42, 115, 17040, 477756, 506498, 2242559606784.0,
43, 113, 15953, 486657, 498642, 2277517819904.0,
44, 115, 15313, 493686, 492279, 2313153937408.0,
45, 113, 15002, 498860, 487425, 2347540938752.0,
46, 115, 15017, 502245, 484042, 2379802476544.0,
47, 114, 15291, 504046, 481951, 2410266886144.0,
48, 115, 15786, 504305, 481154, 2439208108032.0,
49, 117, 16494, 503349, 481409, 2465940897792.0,
50, 117, 17342, 501231, 482734, 2489562955776.0,
51, 119, 18286, 498093, 484899, 2509563494400.0,
52, 119, 19294, 494148, 487752, 2525510500352.0,
53, 123, 20324, 489650, 491229, 2537490219008.0,
54, 124, 21409, 484656, 495164, 2545483644928.0,
55, 128, 22434, 479371, 499377, 2549756854272.0,
56, 129, 23493, 473920, 503814, 2550556262400.0,
57, 130, 24442, 468389, 508331, 2548361592832.0,
58, 135, 25372, 462974, 512907, 2543207317504.0,
59, 132, 26222, 457663, 517376, 2535526236160.0,
60, 137, 26962, 452629, 521647, 2525573021696.0,
61, 135, 27614, 447919, 525694, 2513755832320.0,
62, 139, 28216, 443629, 529407, 2500608131072.0,
63, 139, 28715, 439746, 532780, 2486464151552.0,
64, 139, 29119, 436330, 535804, 2471729823744.0,
65, 145, 29443, 433379, 538469, 2457054216192.0,
66, 145, 29638, 430967, 540631, 2442542710784.0,
67, 143, 29822, 428988, 542413, 2428378284032.0,
68, 143, 29906, 427486, 543836, 2414922563584.0,
69, 147, 29900, 426477, 544821, 2402310160384.0,
70, 147, 29779, 425882, 545458, 2390738075648.0,
71, 145, 29657, 425716, 545788, 2380187697152.0,
72, 146, 29497, 425776, 545911, 2370724036608.0,
73, 145, 29315, 426087, 545749, 2362417348608.0,
74, 144, 29105, 426779, 545350, 2355114409984.0,
75, 146, 28876, 427721, 544617, 2348910510080.0,
76, 147, 28605, 428810, 543796, 2343753220096.0,
77, 145, 28308, 430053, 542882, 2339707682816.0,
78, 147, 28063, 431336, 541850, 2336629719040.0,
79, 144, 27793, 432764, 540650, 2334783569920.0,
80, 145, 27506, 434137, 539513, 2333730275328.0,
81, 145, 27252, 435579, 538393, 2333432217600.0,
82, 145, 27033, 437042, 537167, 2333970137088.0,
83, 147, 26825, 438366, 536005, 2335365136384.0,
84, 148, 26610, 439712, 534869, 2337223081984.0,
85, 145, 26455, 440881, 533823, 2339594305536.0,
86, 144, 26316, 442007, 532950, 2342351273984.0,
87, 147, 26168, 443038, 532049, 2345354264576.0,
88, 147, 26052, 443973, 531259, 2348515065856.0,
89, 149, 25973, 444806, 530481, 2351920185344.0,
90, 147, 25862, 445507, 529837, 2355351388160.0,
91, 144, 25801, 446212, 529223, 2358506553344.0,
92, 145, 25761, 446665, 528795, 2361803276288.0,
93, 145, 25714, 447123, 528376, 2364891332608.0,
94, 144, 25720, 447484, 528049, 2368003375104.0,
95, 148, 25694, 447679, 527838, 2370953019392.0,
96, 148, 25742, 447757, 527684, 2373634752512.0,
97, 148, 25802, 447815, 527571, 2376154480640.0,
98, 144, 25820, 447854, 527559, 2378401972224.0,
99, 146, 25879, 447674, 527684, 2380462424064.0,
100, 148, 25965, 447633, 527687, 2382063992832.0,
101, 147, 25996, 447349, 527794, 2383630434304.0,
102, 148, 26042, 447215, 527950, 2384974184448.0,
103, 148, 26096, 446927, 528113, 2385888804864.0,
104, 148, 26119, 446695, 528341, 2386612453376.0,
105, 147, 26218, 446394, 528589, 2387079593984.0,
106, 150, 26316, 446093, 528806, 2387513180160.0,
107, 147, 26342, 445893, 528970, 2387690913792.0,
108, 147, 26390, 445479, 529290, 2387704283136.0,
109, 148, 26445, 445262, 529552, 2387538870272.0,
110, 149, 26514, 444974, 529740, 2387297697792.0,
111, 148, 26558, 444735, 529971, 2386875777024.0,
112, 146, 26574, 444488, 530206, 2386370232320.0,
113, 150, 26578, 444211, 530434, 2385784864768.0,
114, 147, 26615, 443954, 530654, 2385084678144.0,
115, 151, 26650, 443776, 530846, 2384321576960.0,
116, 150, 26677, 443642, 530939, 2383654158336.0,
117, 149, 26666, 443486, 531086, 2383014395904.0,
118, 152, 26705, 443285, 531238, 2382309752832.0,
119, 151, 26710, 443213, 531322, 2381501300736.0,
120, 152, 26709, 443058, 531456, 2380677513216.0,
121, 151, 26730, 442950, 531596, 2379966840832.0,
122, 147, 26711, 442798, 531662, 2379267440640.0,
123, 147, 26689, 442746, 531667, 2378539466752.0,
124, 152, 26713, 442709, 531742, 2378014392320.0,
125, 149, 26701, 442755, 531779, 2377517105152.0,
126, 149, 26701, 442695, 531887, 2377065037824.0,
127, 148, 26686, 442715, 531814, 2376628174848.0,
128, 147, 26665, 442659, 531828, 2376243478528.0,
129, 148, 26682, 442735, 531795, 2375899414528.0,
130, 149, 26650, 442756, 531803, 2375650115584.0,
131, 150, 26666, 442792, 531740, 2375359922176.0,
132, 149, 26665, 442835, 531768, 2375016120320.0,
133, 149, 26679, 442846, 531732, 2374822002688.0,
134, 147, 26656, 442880, 531685, 2374564184064.0,
135, 151, 26670, 442933, 531574, 2374464569344.0,
136, 149, 26625, 442971, 531628, 2374516342784.0,
137, 150, 26657, 443020, 531526, 2374398246912.0,
138, 151, 26629, 443026, 531490, 2374345162752.0,
139, 151, 26594, 443190, 531443, 2374404669440.0,
140, 150, 26597, 443202, 531411, 2374479118336.0,
141, 149, 26611, 443243, 531402, 2374505332736.0,
142, 150, 26583, 443259, 531407, 2374632865792.0,
143, 152, 26587, 443276, 531346, 2374742179840.0,
144, 149, 26587, 443336, 531319, 2374821085184.0,
145, 147, 26589, 443347, 531253, 2374890422272.0,
146, 150, 26556, 443403, 531302, 2374915588096.0,
147, 150, 26561, 443495, 531196, 2375001833472.0,
148, 148, 26564, 443450, 531183, 2375114948608.0,
149, 148, 26564, 443486, 531101, 2375260569600.0,
150, 152, 26551, 443626, 531111, 2375425196032.0,
151, 148, 26535, 443605, 531026, 2375566360576.0,
152, 150, 26518, 443642, 531057, 2375710801920.0,
153, 151, 26516, 443703, 530980, 2375990116352.0,
154, 150, 26539, 443743, 530936, 2376148582400.0,
155, 148, 26521, 443719, 530975, 2376449261568.0,
156, 151, 26528, 443710, 530922, 2376557789184.0,
157, 149, 26529, 443729, 530961, 2376779169792.0,
158, 154, 26506, 443680, 531010, 2376823734272.0,
159, 151, 26506, 443716, 531014, 2376753086464.0,
160, 155, 26496, 443717, 530986, 2376789655552.0,
161, 149, 26536, 443730, 530942, 2376938684416.0,
162, 151, 26537, 443684, 530953, 2376984297472.0,
163, 150, 26520, 443705, 530943, 2377034891264.0,
164, 148, 26525, 443664, 531017, 2377134637056.0,
165, 151, 26562, 443760, 530962, 2377102786560.0,
166, 155, 26569, 443690, 530949, 2377243820032.0,
167, 151, 26520, 443684, 530986, 2377255354368.0,
168, 150, 26507, 443659, 531063, 2377185361920.0,
169, 152, 26522, 443638, 531016, 2377252995072.0,
170, 149, 26540, 443593, 530999, 2377240805376.0,
171, 150, 26518, 443609, 531070, 2377217867776.0,
172, 150, 26558, 443599, 531049, 2377117990912.0,
173, 149, 26574, 443517, 531105, 2377028599808.0,
174, 151, 26593, 443517, 531154, 2377008283648.0,
175, 149, 26619, 443504, 531109, 2377031483392.0,
176, 151, 26612, 443587, 531024, 2377164390400.0,
177, 152, 26630, 443599, 531019, 2377132015616.0,
178, 149, 26584, 443570, 531070, 2377081946112.0,
179, 151, 26569, 443651, 530998, 2377153773568.0,
180, 151, 26592, 443653, 530963, 2377130049536.0,
181, 149, 26573, 443634, 530998, 2377052979200.0,
182, 150, 26563, 443600, 531025, 2377097936896.0,
183, 149, 26562, 443581, 531073, 2377010118656.0,
184, 153, 26563, 443531, 531099, 2377046949888.0,
185, 151, 26574, 443527, 531137, 2377053503488.0,
186, 150, 26570, 443538, 531080, 2377117597696.0,
187, 149, 26571, 443571, 531075, 2377146826752.0,
188, 149, 26566, 443561, 531092, 2376953364480.0,
189, 152, 26560, 443502, 531170, 2376899756032.0,
190, 152, 26561, 443461, 531132, 2376865808384.0,
191, 152, 26570, 443472, 531136, 2376846540800.0,
192, 149, 26599, 443451, 531162, 2376897658880.0,
193, 151, 26567, 443435, 531174, 2376858206208.0,
194, 151, 26577, 443434, 531201, 2376733949952.0,
195, 151, 26610, 443464, 531139, 2376727658496.0,
196, 155, 26572, 443450, 531162, 2376623980544.0,
197, 152, 26546, 443505, 531152, 2376660025344.0,
198, 150, 26547, 443554, 531144, 2376586362880.0,
199, 149, 26542, 443560, 531133, 2376707866624.0,
200, 149, 26538, 443624, 531078, 2376747188224.0,
201, 150, 26580, 443598, 531115, 2376639053824.0,
202, 150, 26573, 443607, 531093, 2376563032064.0,
203, 152, 26564, 443543, 531114, 2376488976384.0,
204, 149, 26559, 443518, 531132, 2376568143872.0,
205, 150, 26563, 443513, 531155, 2376533409792.0,
206, 150, 26565, 443528, 531098, 2376553332736.0,
207, 152, 26571, 443551, 531119, 2376630009856.0,
208, 151, 26559, 443577, 531127, 2376765800448.0,
209, 150, 26583, 443573, 531090, 2376830025728.0,
210, 153, 26585, 443590, 531110, 2376855715840.0,
211, 150, 26570, 443582, 531075, 2376817311744.0,
212, 154, 26590, 443607, 531075, 2376888614912.0,
213, 151, 26572, 443520, 531096, 2376912076800.0,
214, 149, 26563, 443565, 531074, 2376812593152.0,
215, 154, 26583, 443523, 531053, 2376877342720.0,
216, 150, 26585, 443538, 531070, 2376827142144.0,
217, 150, 26560, 443564, 531049, 2376711012352.0,
218, 146, 26549, 443566, 531000, 2376676671488.0,
219, 151, 26569, 443550, 531097, 2376586887168.0,
220, 151, 26548, 443502, 531126, 2376605630464.0,
221, 153, 26552, 443472, 531201, 2376639053824.0,
222, 150, 26600, 443502, 531157, 2376658583552.0,
223, 148, 26592, 443471, 531162, 2376688730112.0,
224, 148, 26563, 443580, 531167, 2376743518208.0,
225, 148, 26571, 443530, 531165, 2376827797504.0,
226, 154, 26578, 443526, 531188, 2376646262784.0,
227, 150, 26566, 443559, 531143, 2376697118720.0,
228, 151, 26578, 443603, 531102, 2376701050880.0,
229, 151, 26563, 443541, 531162, 2376650326016.0,
230, 147, 26567, 443661, 531020, 2376739323904.0,
231, 148, 26563, 443650, 531049, 2376815345664.0,
232, 149, 26559, 443628, 531036, 2376903426048.0,
233, 148, 26563, 443622, 531041, 2377051930624.0,
234, 152, 26557, 443638, 531054, 2376992555008.0,
235, 151, 26568, 443572, 531123, 2376844312576.0,
236, 149, 26564, 443546, 531120, 2376735129600.0,
237, 152, 26572, 443530, 531153, 2376753741824.0,
238, 152, 26569, 443530, 531158, 2376829239296.0,
239, 149, 26534, 443527, 531138, 2376792932352.0,
240, 148, 26514, 443611, 531047, 2376784150528.0,
241, 150, 26561, 443595, 531064, 2376743911424.0,
242, 154, 26532, 443531, 531138, 2376681127936.0,
243, 150, 26577, 443511, 531102, 2376631451648.0,
244, 151, 26570, 443541, 531124, 2376669855744.0,
245, 152, 26558, 443529, 531104, 2376688599040.0,
246, 152, 26539, 443542, 531035, 2376657534976.0,
247, 152, 26586, 443557, 531053, 2376648622080.0,
248, 151, 26585, 443533, 531059, 2376656355328.0,
249, 150, 26592, 443442, 531144, 2376650981376.0,
250, 152, 26623, 443509, 531048, 2376754397184.0,
251, 149, 26609, 443507, 531120, 2376701968384.0,
252, 151, 26580, 443523, 531088, 2376739192832.0,
253, 150, 26586, 443452, 531175, 2376702099456.0,
254, 150, 26594, 443505, 531145, 2376717959168.0,
255, 153, 26562, 443547, 531069, 2376770912256.0,
256, 152, 26548, 443521, 531071, 2376734081024.0,
257, 149, 26547, 443562, 531081, 2376828059648.0,
258, 149, 26552, 443562, 531043, 2376886517760.0,
259, 150, 26543, 443564, 531065, 2377009987584.0,
260, 152, 26555, 443560, 531021, 2376888090624.0,
261, 151, 26544, 443536, 531077, 2376874852352.0,
262, 152, 26544, 443526, 531132, 2376807350272.0,
263, 148, 26560, 443529, 531124, 2376853356544.0,
264, 153, 26553, 443541, 531128, 2376879702016.0,
265, 148, 26548, 443602, 531105, 2376885207040.0,
266, 149, 26550, 443579, 531024, 2376879833088.0,
267, 151, 26558, 443529, 531126, 2376858206208.0,
268, 153, 26553, 443550, 531114, 2376767897600.0,
269, 150, 26566, 443543, 531147, 2376843001856.0,
270, 152, 26531, 443536, 531162, 2376848900096.0,
271, 150, 26559, 443627, 531077, 2376820981760.0,
272, 150, 26563, 443585, 531113, 2376851914752.0,
273, 150, 26558, 443566, 531095, 2376919154688.0,
274, 150, 26555, 443560, 531061, 2377057959936.0,
275, 150, 26558, 443516, 531134, 2376947859456.0,
276, 147, 26537, 443547, 531145, 2376866725888.0,
277, 150, 26561, 443525, 531210, 2376730411008.0,
278, 149, 26572, 443503, 531134, 2376764620800.0,
279, 148, 26583, 443516, 531091, 2376809578496.0,
280, 151, 26566, 443457, 531177, 2376793849856.0,
281, 150, 26582, 443464, 531165, 2376628043776.0,
282, 150, 26538, 443513, 531129, 2376517025792.0,
283, 152, 26560, 443540, 531052, 2376512831488.0,
284, 149, 26539, 443572, 531096, 2376535113728.0,
285, 150, 26584, 443504, 531104, 2376479670272.0,
286, 151, 26594, 443476, 531098, 2376434712576.0,
287, 150, 26566, 443403, 531135, 2376517681152.0,
288, 150, 26606, 443602, 531049, 2376651898880.0,
289, 152, 26581, 443574, 531017, 2376868036608.0,
290, 150, 26597, 443579, 531043, 2376875376640.0,
291, 150, 26581, 443542, 531102, 2376901853184.0,
292, 146, 26549, 443535, 531033, 2376824913920.0,
293, 148, 26563, 443585, 531089, 2376902115328.0,
294, 151, 26584, 443559, 531100, 2377011036160.0,
295, 151, 26559, 443572, 531067, 2376886124544.0,
296, 153, 26550, 443645, 531036, 2376826355712.0,
297, 153, 26570, 443580, 531105, 2376848637952.0,
298, 151, 26570, 443549, 531106, 2376941305856.0,
299, 153, 26559, 443506, 531120, 2376816525312.0,
300, 150, 26580, 443506, 531157, 2376772747264.0,
301, 151, 26580, 443546, 531115, 2376708128768.0,
302, 150, 26547, 443535, 531106, 2376663826432.0,
303, 152, 26567, 443517, 531079, 2376766717952.0,
304, 150, 26564, 443547, 531114, 2376752955392.0,
305, 151, 26527, 443557, 531090, 2376756232192.0,
306, 148, 26548, 443524, 531185, 2376826486784.0,
307, 151, 26559, 443565, 531099, 2376796340224.0,
308, 151, 26564, 443575, 531045, 2376799354880.0,
309, 150, 26554, 443565, 531076, 2376720449536.0,
310, 150, 26551, 443616, 531080, 2376808267776.0,
311, 151, 26538, 443555, 531119, 2376842739712.0,
312, 150, 26542, 443559, 531118, 2377019293696.0,
313, 149, 26545, 443515, 531193, 2376931213312.0,
314, 150, 26575, 443462, 531182, 2376891236352.0,
315, 150, 26566, 443447, 531209, 2376753610752.0,
316, 152, 26558, 443494, 531151, 2376707080192.0,
317, 150, 26565, 443507, 531166, 2376582823936.0,
318, 151, 26573, 443483, 531121, 2376614281216.0,
319, 151, 26562, 443466, 531129, 2376549007360.0,
320, 148, 26592, 443464, 531173, 2376545730560.0,
321, 148, 26576, 443471, 531166, 2376496185344.0,
322, 154, 26559, 443548, 531091, 2376486879232.0,
323, 148, 26594, 443558, 531085, 2376511127552.0,
324, 153, 26581, 443555, 531145, 2376543895552.0,
325, 147, 26579, 443580, 531096, 2376600649728.0,
326, 150, 26585, 443486, 531157, 2376689778688.0,
327, 154, 26570, 443368, 531255, 2376651505664.0,
328, 153, 26558, 443418, 531229, 2376608907264.0,
329, 153, 26609, 443409, 531220, 2376475869184.0,
330, 150, 26591, 443493, 531145, 2376437858304.0,
331, 148, 26584, 443566, 531034, 2376471543808.0,
332, 150, 26575, 443553, 531094, 2376547172352.0,
333, 149, 26568, 443609, 531037, 2376471937024.0,
334, 149, 26577, 443575, 531110, 2376651636736.0,
335, 153, 26549, 443575, 531117, 2376612052992.0,
336, 151, 26513, 443537, 531121, 2376695939072.0,
337, 151, 26529, 443617, 531052, 2376629878784.0,
338, 151, 26528, 443558, 531133, 2376714027008.0,
339, 152, 26553, 443561, 531057, 2376804597760.0,
340, 151, 26547, 443584, 531078, 2376819539968.0,
341, 146, 26561, 443560, 531058, 2376834744320.0,
342, 152, 26555, 443596, 531152, 2376824913920.0,
343, 150, 26567, 443609, 531029, 2376775106560.0,
344, 152, 26552, 443626, 531087, 2376799092736.0,
345, 151, 26549, 443573, 531040, 2376865546240.0,
346, 151, 26560, 443529, 531086, 2376971321344.0,
347, 151, 26556, 443525, 531088, 2377054027776.0,
348, 150, 26551, 443579, 531008, 2377090465792.0,
349, 152, 26564, 443523, 531087, 2377049309184.0,
350, 151, 26553, 443473, 531188, 2377075523584.0,
351, 151, 26542, 443490, 531098, 2377001598976.0,
352, 152, 26577, 443460, 531105, 2376977088512.0,
353, 149, 26638, 443446, 531130, 2376928460800.0,
354, 150, 26618, 443469, 531191, 2376959262720.0,
355, 149, 26598, 443476, 531148, 2376940126208.0,
356, 149, 26593, 443534, 531126, 2376810889216.0,
357, 148, 26576, 443551, 531144, 2376690434048.0,
358, 152, 26570, 443544, 531141, 2376614019072.0,
359, 149, 26573, 443511, 531181, 2376650194944.0,
360, 151, 26570, 443479, 531172, 2376657403904.0,
361, 151, 26592, 443483, 531195, 2376674705408.0,
362, 151, 26586, 443519, 531202, 2376689385472.0,
363, 151, 26601, 443459, 531187, 2376585183232.0,
364, 151, 26568, 443479, 531180, 2376494088192.0,
365, 150, 26582, 443498, 531112, 2376509423616.0,
366, 152, 26591, 443491, 531109, 2376501297152.0,
367, 152, 26568, 443577, 531125, 2376455553024.0,
368, 150, 26548, 443577, 531083, 2376509816832.0,
369, 148, 26540, 443679, 531032, 2376465383424.0,
370, 152, 26563, 443615, 531067, 2376564867072.0,
371, 151, 26544, 443631, 531042, 2376658059264.0,
372, 150, 26555, 443677, 530985, 2376771305472.0,
373, 148, 26552, 443687, 530949, 2376898969600.0,
374, 151, 26524, 443714, 530996, 2376893726720.0,
375, 148, 26520, 443670, 531051, 2376841822208.0,
376, 151, 26539, 443632, 531051, 2376888745984.0,
377, 150, 26545, 443629, 531075, 2377052979200.0,
378, 149, 26579, 443596, 531051, 2377010774016.0,
379, 150, 26606, 443611, 531072, 2376936849408.0,
380, 150, 26588, 443516, 531086, 2377035808768.0,
381, 149, 26565, 443498, 531126, 2377089155072.0,
382, 152, 26569, 443563, 531112, 2376864890880.0,
383, 150, 26558, 443580, 531094, 2376921251840.0,
384, 149, 26557, 443603, 531065, 2376824258560.0,
385, 150, 26545, 443492, 531155, 2376803549184.0,
386, 150, 26576, 443520, 531130, 2376761737216.0,
387, 151, 26588, 443446, 531169, 2376734474240.0,
388, 149, 26605, 443411, 531191, 2376749154304.0,
389, 149, 26592, 443429, 531166, 2376740634624.0,
390, 153, 26580, 443506, 531118, 2376701313024.0,
391, 150, 26598, 443532, 531172, 2376808923136.0,
392, 150, 26571, 443565, 531062, 2376839331840.0,
393, 149, 26554, 443591, 531016, 2376813510656.0,
394, 150, 26561, 443454, 531153, 2376675229696.0,
395, 151, 26551, 443521, 531165, 2376735260672.0,
396, 150, 26575, 443564, 531114, 2376755707904.0,
397, 153, 26552, 443559, 531124, 2376847589376.0,
398, 149, 26542, 443534, 531097, 2376790179840.0,
399, 150, 26553, 443544, 531112, 2376847982592.0,
400, 153, 26530, 443486, 531095, 2376856109056.0,
401, 151, 26559, 443410, 531186, 2376971321344.0,
402, 152, 26580, 443460, 531107, 2376861351936.0,
403, 153, 26585, 443502, 531080, 2376833957888.0,
404, 151, 26553, 443610, 531060, 2376840380416.0,
405, 151, 26564, 443574, 531042, 2376794898432.0,
406, 152, 26566, 443551, 531151, 2376796602368.0,
407, 152, 26581, 443489, 531177, 2376775761920.0,
408, 152, 26565, 443523, 531107, 2376804466688.0,
409, 151, 26561, 443514, 531075, 2376715993088.0,
410, 151, 26567, 443514, 531094, 2376700264448.0,
411, 154, 26555, 443539, 531082, 2376615198720.0,
412, 148, 26556, 443633, 531002, 2376501559296.0,
413, 148, 26575, 443652, 531014, 2376566964224.0,
414, 150, 26563, 443601, 531061, 2376530788352.0,
415, 152, 26559, 443543, 531064, 2376590295040.0,
416, 151, 26528, 443564, 531119, 2376688861184.0,
417, 150, 26548, 443558, 531069, 2376690565120.0,
418, 150, 26574, 443520, 531103, 2376730935296.0,
419, 150, 26589, 443494, 531147, 2376616247296.0,
420, 151, 26596, 443528, 531126, 2376707997696.0,
421, 152, 26571, 443610, 531059, 2376735260672.0,
422, 150, 26572, 443601, 531065, 2376789655552.0,
423, 150, 26585, 443595, 531095, 2376950611968.0,
424, 152, 26582, 443611, 531017, 2377012740096.0,
425, 152, 26569, 443550, 531123, 2377015623680.0,
426, 152, 26563, 443515, 531089, 2376870789120.0,
427, 147, 26569, 443514, 531128, 2376895692800.0,
428, 149, 26571, 443550, 531114, 2376955461632.0,
429, 150, 26559, 443490, 531168, 2376961622016.0,
430, 150, 26550, 443472, 531161, 2376997273600.0,
431, 150, 26559, 443527, 531116, 2376901328896.0,
432, 148, 26541, 443524, 531162, 2376849162240.0,
433, 151, 26558, 443464, 531182, 2376822685696.0,
434, 149, 26553, 443455, 531163, 2376885731328.0,
435, 150, 26579, 443493, 531128, 2376903294976.0,
436, 151, 26577, 443485, 531147, 2376846278656.0,
437, 150, 26559, 443551, 531101, 2376818360320.0,
438, 151, 26560, 443580, 531088, 2376747712512.0,
439, 152, 26583, 443584, 531034, 2376835661824.0,
440, 151, 26564, 443517, 531109, 2376864890880.0,
441, 153, 26536, 443619, 531073, 2376964767744.0,
442, 151, 26563, 443613, 531071, 2376947466240.0,
443, 152, 26554, 443575, 531049, 2376928067584.0,
444, 151, 26547, 443578, 531087, 2376835661824.0,
445, 149, 26559, 443511, 531162, 2376946679808.0,
446, 152, 26551, 443604, 531084, 2376946024448.0,
447, 152, 26536, 443612, 531070, 2376909979648.0,
448, 153, 26552, 443559, 531095, 2376952578048.0,
449, 150, 26551, 443564, 531121, 2376838021120.0,
450, 151, 26562, 443527, 531066, 2376822554624.0,
451, 152, 26558, 443567, 531049, 2376810758144.0,
452, 149, 26549, 443543, 531049, 2376870920192.0,
453, 152, 26581, 443581, 531034, 2376925184000.0,
454, 151, 26556, 443561, 531141, 2376891236352.0,
455, 152, 26585, 443555, 531115, 2376823209984.0,
456, 151, 26609, 443537, 531104, 2376794243072.0,
457, 152, 26575, 443494, 531104, 2376752693248.0,
458, 152, 26576, 443517, 531087, 2376724250624.0,
459, 149, 26566, 443524, 531063, 2376677457920.0,
460, 148, 26569, 443475, 531077, 2376656224256.0,
461, 148, 26568, 443518, 531109, 2376572469248.0,
462, 148, 26589, 443461, 531203, 2376672477184.0,
463, 149, 26576, 443519, 531103, 2376729886720.0,
464, 152, 26596, 443512, 531066, 2376683356160.0,
465, 151, 26595, 443535, 531072, 2376650588160.0,
466, 151, 26550, 443514, 531126, 2376633942016.0,
467, 152, 26587, 443542, 531148, 2376542191616.0,
468, 153, 26580, 443521, 531097, 2376566308864.0,
469, 150, 26575, 443501, 531134, 2376615985152.0,
470, 148, 26587, 443516, 531101, 2376585183232.0,
471, 147, 26587, 443533, 531053, 2376587673600.0,
472, 151, 26540, 443529, 531048, 2376609693696.0,
473, 154, 26570, 443538, 531086, 2376656748544.0,
474, 151, 26589, 443515, 531139, 2376602877952.0,
475, 148, 26575, 443571, 531159, 2376622931968.0,
476, 150, 26559, 443550, 531041, 2376816918528.0,
477, 151, 26544, 443586, 531021, 2376797388800.0,
478, 152, 26607, 443553, 531022, 2376857812992.0,
479, 150, 26555, 443562, 531039, 2376874459136.0,
480, 152, 26562, 443537, 531107, 2376852963328.0,
481, 149, 26522, 443610, 531018, 2376817049600.0,
482, 150, 26536, 443634, 531041, 2376828583936.0,
483, 148, 26538, 443698, 530997, 2376848637952.0,
484, 148, 26550, 443615, 531054, 2376833564672.0,
485, 149, 26546, 443628, 531058, 2376897265664.0,
486, 149, 26566, 443618, 531056, 2376875114496.0,
487, 153, 26528, 443581, 531107, 2376854011904.0,
488, 151, 26566, 443611, 531079, 2376884682752.0,
489, 149, 26553, 443535, 531112, 2376803155968.0,
490, 150, 26546, 443555, 531132, 2376835661824.0,
491, 150, 26567, 443584, 531085, 2376903032832.0,
492, 150, 26547, 443571, 531038, 2376939077632.0,
493, 151, 26561, 443570, 531038, 2376896479232.0,
494, 148, 26571, 443599, 531105, 2376885731328.0,
495, 152, 26570, 443576, 531075, 2376951922688.0,
496, 150, 26573, 443477, 531158, 2376900935680.0,
497, 149, 26582, 443437, 531145, 2376826486784.0,
498, 150, 26582, 443457, 531181, 2376820719616.0,
499, 151, 26609, 443498, 531142, 2376760557568.0,
500, 151, 26568, 443471, 531167, 2376702361600.0,
501, 150, 26600, 443499, 531155, 2376843919360.0,
502, 150, 26565, 443495, 531141, 2376754135040.0,
503, 151, 26567, 443541, 531090, 2376625029120.0,
504, 152, 26592, 443547, 531093, 2376719138816.0,
505, 151, 26605, 443510, 531136, 2376733425664.0,
506, 150, 26573, 443454, 531106, 2376698953728.0,
507, 150, 26565, 443550, 531128, 2376684929024.0,
508, 151, 26572, 443502, 531128, 2376597766144.0,
509, 151, 26540, 443503, 531217, 2376570503168.0,
510, 148, 26569, 443509, 531112, 2376568930304.0,
511, 152, 26588, 443509, 531104, 2376519778304.0,
512, 150, 26590, 443539, 531109, 2376483078144.0,
513, 151, 26564, 443579, 531027, 2376434319360.0,
514, 152, 26566, 443620, 531036, 2376602091520.0,
515, 151, 26564, 443594, 531000, 2376762654720.0,
516, 150, 26561, 443603, 531055, 2376706818048.0,
517, 151, 26543, 443599, 531036, 2376787558400.0,
518, 152, 26577, 443579, 531044, 2376885075968.0,
519, 149, 26554, 443569, 531126, 2376881405952.0,
520, 153, 26549, 443606, 531095, 2376804466688.0,
521, 152, 26573, 443531, 531145, 2376650719232.0,
522, 151, 26588, 443506, 531147, 2376732377088.0,
523, 150, 26585, 443534, 531027, 2376715730944.0,
524, 149, 26581, 443559, 531067, 2376744173568.0,
525, 153, 26576, 443563, 531092, 2376805384192.0,
526, 150, 26553, 443598, 531069, 2376909062144.0,
527, 149, 26546, 443546, 531118, 2376795029504.0,
528, 151, 26558, 443566, 531071, 2376746139648.0,
529, 150, 26561, 443571, 531020, 2376877211648.0,
530, 150, 26565, 443573, 531073, 2376928329728.0,
531, 149, 26592, 443598, 531058, 2376941436928.0,
532, 151, 26575, 443604, 531084, 2376853880832.0,
533, 148, 26541, 443603, 531146, 2376906440704.0,
534, 149, 26550, 443544, 531109, 2376903163904.0,
535, 149, 26583, 443513, 531141, 2376875900928.0,
536, 153, 26559, 443464, 531191, 2376760033280.0,
537, 150, 26574, 443492, 531154, 2376783495168.0,
538, 152, 26604, 443471, 531124, 2376799092736.0,
539, 153, 26613, 443480, 531153, 2376766062592.0,
540, 150, 26573, 443495, 531107, 2376801976320.0,
541, 152, 26569, 443516, 531129, 2376765931520.0,
542, 151, 26579, 443538, 531148, 2376695939072.0,
543, 152, 26587, 443595, 531042, 2376750071808.0,
544, 153, 26570, 443509, 531090, 2376705245184.0,
545, 148, 26553, 443475, 531196, 2376837234688.0,
546, 152, 26557, 443610, 531110, 2376847065088.0,
547, 149, 26561, 443560, 531095, 2376768815104.0,
548, 149, 26571, 443575, 531146, 2376748761088.0,
549, 147, 26580, 443520, 531180, 2376699740160.0,
550, 149, 26604, 443529, 531080, 2376752037888.0,
551, 147, 26591, 443505, 531055, 2376742469632.0,
552, 153, 26553, 443512, 531052, 2376774582272.0,
553, 149, 26582, 443617, 530992, 2376861614080.0,
554, 149, 26564, 443580, 530941, 2376893988864.0,
555, 150, 26559, 443582, 531028, 2376827142144.0,
556, 148, 26543, 443636, 531012, 2376842739712.0,
557, 149, 26537, 443593, 531048, 2376829239296.0,
558, 153, 26571, 443607, 531041, 2376900542464.0,
559, 150, 26566, 443555, 531066, 2376863186944.0,
560, 152, 26571, 443582, 531084, 2376944582656.0,
561, 153, 26561, 443570, 531057, 2376964374528.0,
562, 152, 26515, 443612, 531150, 2377051930624.0,
563, 150, 26536, 443603, 531115, 2376969879552.0,
564, 150, 26548, 443589, 531105, 2376878522368.0,
565, 149, 26553, 443576, 531101, 2376952971264.0,
566, 149, 26548, 443526, 531078, 2376878915584.0,
567, 150, 26581, 443573, 531059, 2376842608640.0,
568, 148, 26564, 443614, 531080, 2376783495168.0,
569, 150, 26589, 443569, 531068, 2376884027392.0,
570, 151, 26563, 443553, 531130, 2376883634176.0,
571, 147, 26565, 443493, 531177, 2376704983040.0,
572, 150, 26579, 443495, 531150, 2376724381696.0,
573, 151, 26605, 443529, 531131, 2376729755648.0,
574, 151, 26612, 443516, 531141, 2376757018624.0,
575, 149, 26596, 443470, 531091, 2376670773248.0,
576, 155, 26587, 443479, 531141, 2376638660608.0,
577, 152, 26609, 443466, 531183, 2376554512384.0,
578, 152, 26572, 443520, 531145, 2376503525376.0,
579, 153, 26549, 443630, 531057, 2376566046720.0,
580, 150, 26562, 443473, 531142, 2376602222592.0,
581, 148, 26582, 443453, 531187, 2376619393024.0,
582, 150, 26587, 443505, 531104, 2376656617472.0,
583, 152, 26592, 443538, 531066, 2376682307584.0,
584, 151, 26598, 443558, 531073, 2376561197056.0,
585, 153, 26584, 443554, 531074, 2376665661440.0,
586, 152, 26544, 443585, 531090, 2376685322240.0,
587, 151, 26557, 443528, 531043, 2376773533696.0,
588, 151, 26543, 443562, 531089, 2376833695744.0,
589, 151, 26518, 443537, 531118, 2376789262336.0,
590, 152, 26557, 443511, 531127, 2376828452864.0,
591, 149, 26548, 443640, 531054, 2376934096896.0,
592, 151, 26564, 443576, 531108, 2377065168896.0,
593, 151, 26580, 443600, 531053, 2377024012288.0,
594, 149, 26577, 443566, 531065, 2377095577600.0,
595, 150, 26572, 443566, 531103, 2377117335552.0,
596, 149, 26555, 443545, 531112, 2377040789504.0,
597, 149, 26582, 443567, 531047, 2377032663040.0,
598, 150, 26548, 443565, 531085, 2377017982976.0,
599, 150, 26565, 443623, 531084, 2376997273600.0,
600, 152, 26561, 443583, 531086, 2377052848128.0,
601, 151, 26569, 443572, 531057, 2376893202432.0,
602, 151, 26560, 443620, 531014, 2376800927744.0,
603, 151, 26551, 443639, 531041, 2376939339776.0,
604, 149, 26559, 443619, 531082, 2376891891712.0,
605, 153, 26517, 443538, 531162, 2376677720064.0,
606, 150, 26565, 443515, 531134, 2376680865792.0,
607, 152, 26580, 443472, 531131, 2376716124160.0,
608, 150, 26584, 443466, 531152, 2376800927744.0,
609, 149, 26592, 443447, 531209, 2376801452032.0,
610, 149, 26547, 443462, 531182, 2376671821824.0,
611, 151, 26583, 443507, 531110, 2376549007360.0,
612, 148, 26559, 443518, 531153, 2376558182400.0,
613, 150, 26572, 443539, 531126, 2376390410240.0,
614, 152, 26570, 443547, 531173, 2376533540864.0,
615, 146, 26588, 443531, 531148, 2376572469248.0,
616, 152, 26582, 443498, 531133, 2376461320192.0,
617, 150, 26571, 443499, 531120, 2376508768256.0,
618, 152, 26573, 443510, 531149, 2376492515328.0,
619, 149, 26601, 443518, 531075, 2376507719680.0,
620, 153, 26572, 443577, 531020, 2376498413568.0,
621, 151, 26580, 443523, 531137, 2376550055936.0,
622, 151, 26570, 443504, 531087, 2376737095680.0,
623, 151, 26572, 443575, 531085, 2376829894656.0,
624, 150, 26589, 443544, 531036, 2376922169344.0,
625, 146, 26569, 443550, 531078, 2376853749760.0,
626, 153, 26585, 443622, 531039, 2376861745152.0,
627, 149, 26585, 443606, 531038, 2376826748928.0,
628, 152, 26580, 443598, 530978, 2376842215424.0,
629, 149, 26546, 443634, 530999, 2376953626624.0,
630, 149, 26522, 443621, 531060, 2377139617792.0,
631, 148, 26526, 443535, 531117, 2377016147968.0,
632, 149, 26536, 443515, 531184, 2376978923520.0,
633, 149, 26556, 443489, 531143, 2376840642560.0,
634, 151, 26553, 443470, 531144, 2376928722944.0,
635, 149, 26573, 443444, 531191, 2376858206208.0,
636, 149, 26569, 443480, 531131, 2376874065920.0,
637, 151, 26568, 443526, 531127, 2376913911808.0,
638, 150, 26585, 443526, 531088, 2376747843584.0,
639, 148, 26567, 443514, 531113, 2376801976320.0,
640, 152, 26610, 443466, 531130, 2376607858688.0,
641, 150, 26569, 443514, 531151, 2376527249408.0,
642, 151, 26577, 443508, 531166, 2376505360384.0,
643, 151, 26561, 443523, 531176, 2376576925696.0,
644, 151, 26563, 443530, 531105, 2376541536256.0,
645, 152, 26544, 443490, 531166, 2376580988928.0,
646, 150, 26537, 443586, 531083, 2376617689088.0,
647, 151, 26532, 443541, 531113, 2376646787072.0,
648, 152, 26560, 443569, 531106, 2376675753984.0,
649, 152, 26551, 443559, 531091, 2376783101952.0,
650, 151, 26572, 443524, 531090, 2376836448256.0,
651, 150, 26578, 443580, 531057, 2376773140480.0,
652, 153, 26575, 443523, 531090, 2376728969216.0,
653, 151, 26563, 443591, 531017, 2376742731776.0,
654, 149, 26552, 443558, 531069, 2376747319296.0,
655, 150, 26574, 443589, 531044, 2376757936128.0,
656, 152, 26590, 443584, 531047, 2376792014848.0,
657, 150, 26577, 443544, 531090, 2376827928576.0,
658, 150, 26577, 443454, 531178, 2376820850688.0,
659, 150, 26555, 443464, 531111, 2376775630848.0,
660, 151, 26544, 443465, 531157, 2376765407232.0,
661, 151, 26582, 443438, 531168, 2376776810496.0,
662, 152, 26539, 443444, 531173, 2376687419392.0,
663, 151, 26555, 443555, 531161, 2376719007744.0,
664, 151, 26570, 443497, 531183, 2376712716288.0,
665, 155, 26589, 443491, 531156, 2376631320576.0,
666, 150, 26573, 443426, 531130, 2376534065152.0,
667, 150, 26580, 443504, 531144, 2376481505280.0,
668, 149, 26553, 443492, 531176, 2376582823936.0,
669, 149, 26578, 443482, 531134, 2376640888832.0,
670, 150, 26577, 443514, 531095, 2376557133824.0,
671, 149, 26551, 443508, 531131, 2376589639680.0,
672, 149, 26581, 443559, 531123, 2376631320576.0,
673, 150, 26591, 443502, 531123, 2376686239744.0,
674, 150, 26599, 443578, 531073, 2376601305088.0,
675, 150, 26558, 443550, 531058, 2376743124992.0,
676, 152, 26558, 443584, 531082, 2376710094848.0,
677, 152, 26538, 443609, 531030, 2376817180672.0,
678, 149, 26549, 443635, 531083, 2376896872448.0,
679, 150, 26559, 443568, 531058, 2376945762304.0,
680, 150, 26559, 443575, 531078, 2376951398400.0,
681, 149, 26561, 443527, 531134, 2376878653440.0,
682, 150, 26563, 443562, 531093, 2376787951616.0,
683, 151, 26570, 443618, 531016, 2376810627072.0,
684, 149, 26568, 443634, 530967, 2376805253120.0,
685, 148, 26541, 443619, 531033, 2376866070528.0,
686, 153, 26573, 443595, 531088, 2376965554176.0,
687, 152, 26557, 443562, 531131, 2377035546624.0,
688, 149, 26568, 443565, 531073, 2377019424768.0,
689, 151, 26561, 443590, 531057, 2377015492608.0,
690, 150, 26573, 443535, 531156, 2377027420160.0,
691, 150, 26573, 443521, 531086, 2376972632064.0,
692, 150, 26564, 443556, 531139, 2376863186944.0,
693, 151, 26580, 443543, 531067, 2376823209984.0,
694, 154, 26587, 443564, 531079, 2376839069696.0,
695, 150, 26543, 443520, 531081, 2376816787456.0,
696, 152, 26570, 443520, 531124, 2376819933184.0,
697, 148, 26584, 443516, 531089, 2376731328512.0,
698, 151, 26583, 443471, 531099, 2376603926528.0,
699, 149, 26573, 443498, 531119, 2376597635072.0,
700, 150, 26557, 443482, 531144, 2376672215040.0,
701, 149, 26569, 443489, 531153, 2376709046272.0,
702, 153, 26558, 443484, 531134, 2376619786240.0,
703, 150, 26542, 443461, 531154, 2376705638400.0,
704, 150, 26554, 443481, 531162, 2376690696192.0,
705, 152, 26574, 443422, 531205, 2376632762368.0,
706, 151, 26566, 443434, 531242, 2376697774080.0,
707, 150, 26559, 443408, 531232, 2376692269056.0,
708, 154, 26593, 443439, 531177, 2376606416896.0,
709, 150, 26588, 443496, 531175, 2376575352832.0,
710, 153, 26590, 443424, 531166, 2376577449984.0,
711, 151, 26607, 443438, 531148, 2376406401024.0,
712, 149, 26563, 443525, 531103, 2376269561856.0,
713, 152, 26573, 443530, 531102, 2376366948352.0,
714, 150, 26563, 443572, 531110, 2376369438720.0,
715, 151, 26561, 443557, 531106, 2376436023296.0,
716, 148, 26543, 443586, 531078, 2376576532480.0,
717, 150, 26557, 443619, 531080, 2376595406848.0,
718, 150, 26552, 443652, 531040, 2376661467136.0,
719, 151, 26553, 443652, 530966, 2376735129600.0,
