0, 1001365, 0, 0, 0, 0.0,
1, 991352, 10011, 2, 0, 0.0,
2, 980908, 10443, 10013, 0, 5343733760.0,
3, 972212, 19095, 10054, 0, 10186569728.0,
4, 965078, 25911, 10380, 0, 14626837504.0,
5, 958939, 30952, 11442, 2, 18979973120.0,
6, 953131, 34582, 13635, 13, 23761566720.0,
7, 946944, 37256, 17041, 54, 29573878784.0,
8, 940257, 39493, 21458, 163, 36923119616.0,
9, 932775, 41659, 26497, 378, 46054227968.0,
10, 924650, 44131, 31812, 757, 57117609984.0,
11, 916024, 46771, 37261, 1303, 69940715520.0,
12, 906947, 49651, 42783, 2031, 84448583680.0,
13, 897385, 52641, 48370, 2916, 100482408448.0,
14, 887768, 55538, 54137, 3953, 117933522944.0,
15, 877732, 58363, 60097, 5144, 136866168832.0,
16, 867347, 61196, 66320, 6491, 157158686720.0,
17, 856478, 64030, 72731, 8047, 178689597440.0,
18, 845388, 66763, 79327, 9849, 201601679360.0,
19, 834100, 69376, 85973, 11933, 225734762496.0,
20, 822380, 71970, 92665, 14330, 251100282880.0,
21, 810344, 74585, 99311, 17038, 277551431680.0,
22, 798248, 76983, 105936, 20072, 304931946496.0,
23, 785741, 79506, 112581, 23453, 333025050624.0,
24, 773367, 81843, 119205, 27078, 361924214784.0,
25, 760520, 84019, 125809, 31013, 391476101120.0,
26, 747527, 86125, 132413, 35173, 421741363200.0,
27, 734711, 88209, 139008, 39522, 452491706368.0,
28, 721484, 90080, 145613, 44124, 483421421568.0,
29, 708365, 91934, 152059, 48886, 514959556608.0,
30, 694876, 93874, 158755, 53827, 547098247168.0,
31, 681617, 95417, 165271, 58933, 579502702592.0,
32, 668248, 96983, 171865, 64219, 611908386816.0,
33, 654773, 98464, 178382, 69600, 644698013696.0,
34, 641566, 99842, 184932, 75173, 677741297664.0,
35, 628102, 101038, 191468, 80811, 711146373120.0,
36, 614533, 102215, 197925, 86485, 744515567616.0,
37, 601269, 103182, 204602, 92338, 778185244672.0,
38, 588275, 103994, 211065, 98326, 811677155328.0,
39, 574954, 104767, 217571, 104273, 845487439872.0,
40, 561728, 105411, 224040, 110358, 879119204352.0,
41, 548646, 105865, 230440, 116475, 912959176704.0,
42, 535798, 106111, 236839, 122734, 947081379840.0,
43, 523028, 106493, 243221, 128798, 981094596608.0,
44, 510518, 106550, 249504, 134931, 1015161421824.0,
45, 497711, 106723, 255735, 141122, 1049131712512.0,
46, 485316, 106651, 261969, 147305, 1082972667904.0,
47, 472783, 106536, 268073, 153523, 1116911763456.0,
48, 461013, 106299, 274115, 159786, 1150642094080.0,
49, 449312, 106001, 280164, 165981, 1184184729600.0,
50, 437418, 105408, 286172, 172214, 1217400143872.0,
51, 426403, 104744, 291944, 178305, 1250587115520.0,
52, 415337, 104017, 297874, 184363, 1283325689856.0,
53, 404255, 103364, 303425, 190424, 1316247764992.0,
54, 393773, 102287, 308673, 196445, 1349146050560.0,
55, 382840, 101476, 314263, 202405, 1381474762752.0,
56, 372499, 100710, 319642, 208398, 1412982112256.0,
57, 362459, 99800, 324811, 214125, 1444362846208.0,
58, 352720, 98735, 329872, 219920, 1475395584000.0,
59, 343302, 97513, 334904, 225647, 1506162507776.0,
60, 334104, 96283, 339733, 231314, 1536343474176.0,
61, 325125, 95055, 344338, 236908, 1566053171200.0,
62, 316151, 93927, 348947, 242287, 1595443642368.0,
63, 307986, 92444, 353406, 247771, 1624533893120.0,
64, 299752, 90994, 357637, 253028, 1652758937600.0,
65, 291826, 89656, 361782, 258181, 1680243687424.0,
66, 283694, 88387, 365869, 263177, 1707537334272.0,
67, 276333, 86972, 369839, 268215, 1733679120384.0,
68, 269064, 85299, 373601, 273130, 1759579996160.0,
69, 262081, 83934, 377288, 277858, 1784769413120.0,
70, 255320, 82467, 380647, 282663, 1809168728064.0,
71, 249026, 80745, 383991, 287281, 1832776171520.0,
72, 243287, 79220, 387238, 291736, 1856572751872.0,
73, 237315, 77618, 390251, 295990, 1879796547584.0,
74, 231869, 75999, 393015, 300194, 1901912784896.0,
75, 226312, 74673, 395999, 304364, 1923146907648.0,
76, 220792, 73105, 398858, 308347, 1943730126848.0,
77, 215748, 71712, 401679, 312280, 1963634589696.0,
78, 211077, 70205, 404051, 315926, 1983486033920.0,
79, 206381, 68692, 406325, 319652, 2002499534848.0,
80, 202674, 67175, 408377, 323076, 2020504043520.0,
81, 198781, 65717, 410603, 326437, 2038057533440.0,
82, 195038, 64348, 412585, 329726, 2054949306368.0,
83, 191183, 62947, 414298, 333030, 2071056089088.0,
84, 187790, 61572, 416113, 336135, 2086594674688.0,
85, 184523, 60385, 417473, 339116, 2101278867456.0,
86, 181357, 59138, 419092, 341908, 2115413934080.0,
87, 178460, 57756, 420521, 344642, 2129072750592.0,
88, 175521, 56594, 422040, 347167, 2142185979904.0,
89, 172715, 55419, 423599, 349560, 2154800349184.0,
90, 170481, 54219, 424835, 352071, 2166327934976.0,
91, 167955, 53015, 426085, 354267, 2177248854016.0,
92, 165878, 51907, 427199, 356443, 2188113477632.0,
93, 163906, 50863, 428156, 358562, 2198759931904.0,
94, 161934, 49857, 429111, 360504, 2208885112832.0,
95, 160444, 48721, 429832, 362426, 2218689167360.0,
96, 158717, 47832, 430688, 364234, 2227506642944.0,
97, 157148, 46892, 431476, 365935, 2236092907520.0,
98, 155687, 45795, 432252, 367501, 2243929178112.0,
99, 154292, 45064, 433091, 369043, 2251278909440.0,
100, 153238, 44168, 433509, 370361, 2258355355648.0,
101, 152036, 43442, 434194, 371740, 2265249742848.0,
102, 150756, 42671, 434931, 373034, 2271357698048.0,
103, 149502, 41907, 435555, 374234, 2277664882688.0,
104, 148828, 41238, 435993, 375485, 2283626561536.0,
105, 147873, 40517, 436484, 376436, 2289071161344.0,
106, 147311, 39802, 436898, 377433, 2294469492736.0,
107, 146575, 39278, 437222, 378452, 2299436466176.0,
108, 145907, 38675, 437564, 379322, 2303962906624.0,
109, 145428, 38096, 437832, 380047, 2308571267072.0,
110, 145080, 37537, 438202, 380869, 2312628994048.0,
111, 144488, 36971, 438628, 381547, 2316242780160.0,
112, 144032, 36454, 438686, 382094, 2319940845568.0,
113, 143435, 35947, 438948, 382646, 2323130744832.0,
114, 143197, 35516, 439174, 383339, 2325888761856.0,
115, 143003, 35032, 439480, 383707, 2328351211520.0,
116, 142654, 34649, 439748, 384157, 2331204255744.0,
117, 142483, 34268, 439884, 384540, 2334073946112.0,
118, 142089, 34013, 440022, 384984, 2336794345472.0,
119, 141855, 33629, 440239, 385418, 2338790572032.0,
120, 141712, 33297, 440383, 385743, 2340891262976.0,
121, 141806, 33075, 440554, 386089, 2343089471488.0,
122, 141634, 32713, 440634, 386443, 2344527724544.0,
123, 141495, 32477, 440884, 386742, 2346180542464.0,
124, 141462, 32147, 440972, 386891, 2347963383808.0,
125, 141181, 31986, 441303, 387198, 2349548830720.0,
126, 141368, 31742, 441037, 387306, 2351232581632.0,
127, 141153, 31557, 441273, 387573, 2352793518080.0,
128, 140981, 31357, 441310, 387721, 2354029002752.0,
129, 140827, 31223, 441389, 387834, 2355054116864.0,
130, 140885, 31029, 441606, 388024, 2356439416832.0,
131, 140746, 30793, 441613, 388160, 2357559164928.0,
132, 140909, 30581, 441784, 388170, 2358304309248.0,
133, 141003, 30418, 441682, 388277, 2359653957632.0,
134, 140886, 30330, 441781, 388333, 2360314429440.0,
135, 141106, 30174, 441734, 388395, 2360912379904.0,
136, 141071, 30031, 441690, 388520, 2361450430464.0,
137, 141259, 29923, 441653, 388491, 2362088357888.0,
138, 141460, 29771, 441756, 388486, 2362780811264.0,
139, 141225, 29797, 441908, 388592, 2363295793152.0,
140, 141252, 29622, 441749, 388683, 2363529363456.0,
141, 141228, 29615, 441646, 388672, 2363963342848.0,
142, 141468, 29519, 441748, 388787, 2364369666048.0,
143, 141477, 29497, 441818, 388724, 2364719890432.0,
144, 141354, 29472, 441743, 388873, 2364693676032.0,
145, 141325, 29349, 441841, 388823, 2364983869440.0,
146, 141162, 29323, 441935, 388900, 2365227401216.0,
147, 141258, 29275, 441883, 388766, 2365607641088.0,
148, 141529, 29162, 441729, 388808, 2365818535936.0,
149, 141549, 29103, 441853, 388825, 2366025367552.0,
150, 141850, 29071, 441738, 388802, 2366396563456.0,
151, 141963, 29045, 441760, 388768, 2366761598976.0,
152, 141923, 28988, 441604, 388765, 2366824775680.0,
153, 141935, 29009, 441633, 388783, 2366777065472.0,
154, 141738, 29021, 441887, 388679, 2367075778560.0,
155, 141846, 28957, 441607, 388504, 2367290081280.0,
156, 141995, 28897, 441737, 388598, 2367106187264.0,
157, 142365, 28823, 441625, 388494, 2367126110208.0,
158, 142481, 28800, 441566, 388457, 2367212355584.0,
159, 142592, 28765, 441660, 388517, 2367567691776.0,
160, 142429, 28781, 441592, 388433, 2367434522624.0,
161, 142708, 28752, 441592, 388306, 2367489310720.0,
162, 142749, 28706, 441482, 388344, 2367341461504.0,
163, 142904, 28743, 441381, 388423, 2367016534016.0,
164, 142718, 28739, 441612, 388306, 2367067521024.0,
165, 142905, 28762, 441605, 388257, 2367062933504.0,
166, 142639, 28800, 441622, 388284, 2366794235904.0,
167, 142574, 28777, 441740, 388216, 2366774444032.0,
168, 142555, 28827, 441838, 388206, 2366786240512.0,
169, 142284, 28869, 442022, 388120, 2367290998784.0,
170, 142652, 28838, 441921, 388002, 2367412502528.0,
171, 142657, 28797, 441906, 388064, 2367455887360.0,
172, 142575, 28773, 441907, 387948, 2367564152832.0,
173, 142402, 28742, 442023, 388057, 2367733366784.0,
174, 142425, 28771, 442160, 388057, 2367981486080.0,
175, 142324, 28761, 442081, 388009, 2368198934528.0,
176, 142361, 28786, 442097, 387924, 2368314277888.0,
177, 142541, 28726, 441953, 387941, 2368504725504.0,
178, 142587, 28722, 441967, 387947, 2368537231360.0,
179, 142621, 28683, 442142, 387954, 2368589398016.0,
180, 142537, 28708, 442195, 387956, 2368563445760.0,
181, 142576, 28681, 442173, 387941, 2368698712064.0,
182, 142561, 28680, 442108, 387961, 2368593461248.0,
183, 142831, 28642, 442140, 388004, 2368708804608.0,
184, 142823, 28650, 442116, 387906, 2368848789504.0,
185, 142730, 28624, 442095, 388010, 2368717848576.0,
186, 142514, 28642, 442230, 387912, 2368581533696.0,
187, 142704, 28704, 442042, 387943, 2369001357312.0,
188, 142641, 28629, 441945, 387911, 2369181581312.0,
189, 142895, 28541, 441873, 387880, 2369298628608.0,
190, 143019, 28500, 441819, 387947, 2369290371072.0,
191, 143030, 28583, 441919, 387951, 2369372553216.0,
192, 143234, 28615, 441607, 387877, 2369142652928.0,
193, 143099, 28654, 441661, 387871, 2368971210752.0,
194, 142954, 28686, 441892, 388001, 2368721256448.0,
195, 142958, 28633, 441722, 388002, 2368461733888.0,
196, 142968, 28629, 441672, 387896, 2368161316864.0,
197, 143030, 28714, 441746, 387935, 2368194609152.0,
198, 143199, 28716, 441515, 387791, 2367932071936.0,
199, 143068, 28736, 441593, 387848, 2367769411584.0,
200, 143227, 28677, 441619, 387875, 2367771901952.0,
201, 143285, 28650, 441772, 387819, 2367676481536.0,
202, 143298, 28679, 441754, 387736, 2368067469312.0,
203, 143519, 28582, 441642, 387743, 2368010977280.0,
204, 143260, 28624, 441685, 387740, 2367772033024.0,
205, 143139, 28654, 441527, 387656, 2367769673728.0,
206, 143286, 28712, 441650, 387697, 2368038764544.0,
207, 143032, 28717, 441803, 387648, 2367864176640.0,
208, 142981, 28680, 441897, 387598, 2367839666176.0,
209, 142561, 28711, 442062, 387591, 2367807160320.0,
210, 142978, 28770, 441896, 387678, 2367734153216.0,
211, 143061, 28705, 441898, 387611, 2367901794304.0,
212, 142977, 28747, 442074, 387636, 2368216236032.0,
213, 142983, 28640, 442077, 387616, 2368181633024.0,
214, 142891, 28655, 442104, 387617, 2368122126336.0,
215, 143212, 28598, 441978, 387661, 2368317030400.0,
216, 143248, 28591, 441987, 387598, 2368737378304.0,
217, 143018, 28673, 441896, 387624, 2368947224576.0,
218, 143011, 28599, 442036, 387573, 2368866222080.0,
219, 143076, 28612, 441940, 387707, 2368616005632.0,
220, 142958, 28670, 442039, 387678, 2368536969216.0,
221, 142929, 28714, 442063, 387689, 2368612204544.0,
222, 142822, 28748, 442091, 387699, 2368221347840.0,
223, 142691, 28756, 442143, 387747, 2368766607360.0,
224, 142850, 28673, 442142, 387754, 2368685735936.0,
225, 142871, 28676, 442115, 387758, 2368643006464.0,
226, 142808, 28665, 442206, 387805, 2368860979200.0,
227, 142912, 28723, 442303, 387882, 2368895713280.0,
228, 142723, 28675, 442271, 387814, 2368897548288.0,
229, 142482, 28717, 442429, 387849, 2369024032768.0,
230, 142828, 28669, 442251, 387798, 2369203601408.0,
231, 142532, 28696, 442264, 387793, 2369402044416.0,
232, 142981, 28616, 442096, 387715, 2369814528000.0,
233, 143356, 28537, 441768, 387770, 2370072739840.0,
234, 143339, 28568, 441789, 387681, 2369816625152.0,
235, 143395, 28616, 441767, 387727, 2369763672064.0,
236, 143373, 28668, 441930, 387699, 2369677426688.0,
237, 143196, 28629, 441902, 387699, 2369113686016.0,
238, 142960, 28660, 441860, 387735, 2369024688128.0,
239, 143216, 28665, 441516, 387746, 2368857702400.0,
240, 143217, 28708, 441735, 387689, 2369127055360.0,
241, 143222, 28655, 441720, 387713, 2369082490880.0,
242, 143176, 28681, 441742, 387727, 2368646545408.0,
243, 143122, 28654, 441817, 387712, 2368231178240.0,
244, 143192, 28648, 441746, 387584, 2368116097024.0,
245, 143052, 28796, 441880, 387678, 2368525828096.0,
246, 143027, 28677, 441860, 387647, 2368307593216.0,
247, 143229, 28682, 441938, 387654, 2368286228480.0,
248, 143345, 28649, 441740, 387611, 2367974670336.0,
249, 143008, 28663, 441890, 387714, 2367870468096.0,
250, 143049, 28749, 441943, 387768, 2367987384320.0,
251, 142962, 28719, 442134, 387758, 2368137723904.0,
252, 142889, 28685, 442173, 387717, 2368389644288.0,
253, 143134, 28626, 442093, 387730, 2368132874240.0,
254, 142857, 28598, 442030, 387678, 2368320438272.0,
255, 142966, 28598, 441901, 387659, 2368310738944.0,
256, 143143, 28633, 441878, 387619, 2368639205376.0,
257, 143088, 28661, 441913, 387626, 2368834502656.0,
258, 143059, 28659, 441968, 387605, 2368908820480.0,
259, 142974, 28659, 441877, 387564, 2368926515200.0,
260, 143295, 28707, 441937, 387550, 2369058373632.0,
261, 143229, 28686, 441979, 387588, 2368852066304.0,
262, 143216, 28608, 441946, 387564, 2368794001408.0,
263, 143282, 28562, 441841, 387575, 2369238859776.0,
264, 142995, 28661, 441862, 387557, 2369083277312.0,
265, 143004, 28681, 441868, 387598, 2368938704896.0,
266, 142907, 28714, 441961, 387718, 2368944734208.0,
267, 142952, 28722, 442150, 387733, 2368981958656.0,
268, 142882, 28682, 441942, 387640, 2368849838080.0,
269, 143259, 28664, 441853, 387532, 2368809598976.0,
270, 143098, 28619, 441838, 387543, 2368783515648.0,
271, 143403, 28614, 441721, 387546, 2368670924800.0,
272, 143336, 28618, 441811, 387611, 2368608927744.0,
273, 143546, 28617, 441591, 387521, 2368317030400.0,
274, 143414, 28618, 441809, 387495, 2368042565632.0,
275, 143367, 28635, 441903, 387494, 2367666257920.0,
276, 143418, 28648, 441684, 387553, 2367952781312.0,
277, 143339, 28607, 441734, 387541, 2367967592448.0,
278, 143395, 28644, 441829, 387489, 2368046628864.0,
279, 143483, 28570, 441645, 387460, 2367942557696.0,
280, 143374, 28634, 441756, 387508, 2367911755776.0,
281, 143372, 28551, 441988, 387516, 2367548030976.0,
282, 143494, 28606, 441840, 387441, 2367997607936.0,
283, 143667, 28641, 441663, 387533, 2367801262080.0,
284, 143285, 28710, 441728, 387478, 2367864438784.0,
285, 143428, 28717, 441768, 387556, 2367881609216.0,
286, 143312, 28685, 441797, 387519, 2367626936320.0,
287, 143198, 28683, 441870, 387499, 2367381176320.0,
288, 143076, 28611, 441876, 387463, 2367680937984.0,
289, 143016, 28677, 441879, 387459, 2367680282624.0,
290, 143358, 28632, 441745, 387396, 2367995510784.0,
291, 143452, 28631, 442002, 387439, 2368008093696.0,
292, 143422, 28657, 441909, 387442, 2368169836544.0,
293, 143157, 28724, 441868, 387660, 2368017530880.0,
294, 143314, 28707, 442013, 387547, 2367826952192.0,
295, 143460, 28614, 441963, 387590, 2367983190016.0,
296, 143391, 28664, 441988, 387639, 2367786450944.0,
297, 143694, 28584, 441770, 387683, 2367898648576.0,
298, 143643, 28551, 441679, 387544, 2368002326528.0,
299, 143273, 28565, 441912, 387620, 2368307462144.0,
300, 143597, 28592, 441628, 387471, 2367968378880.0,
301, 143565, 28588, 441826, 387551, 2368520454144.0,
302, 143299, 28610, 441793, 387467, 2368437747712.0,
303, 143670, 28597, 441651, 387426, 2368493846528.0,
304, 143453, 28605, 441684, 387524, 2367931023360.0,
305, 143460, 28524, 441736, 387603, 2367664816128.0,
306, 143305, 28671, 441688, 387537, 2367782125568.0,
307, 143607, 28560, 441689, 387466, 2367835078656.0,
308, 143629, 28652, 441654, 387393, 2367863521280.0,
309, 143612, 28649, 441530, 387383, 2367796150272.0,
310, 143418, 28672, 441753, 387361, 2367543050240.0,
311, 143481, 28664, 441735, 387450, 2367458115584.0,
312, 143312, 28699, 441725, 387458, 2367403589632.0,
313, 143512, 28687, 441777, 387430, 2367657345024.0,
314, 143595, 28705, 441767, 387381, 2367567167488.0,
315, 143671, 28624, 441577, 387432, 2367620251648.0,
316, 143954, 28550, 441585, 387454, 2367791300608.0,
317, 143707, 28583, 441583, 387398, 2368004947968.0,
318, 143750, 28606, 441693, 387235, 2367941378048.0,
319, 143812, 28612, 441643, 387283, 2367581585408.0,
320, 143934, 28665, 441661, 387355, 2367440814080.0,
321, 144013, 28650, 441513, 387255, 2367236210688.0,
322, 143955, 28638, 441592, 387314, 2367073943552.0,
323, 143857, 28731, 441665, 387340, 2367065423872.0,
324, 143558, 28732, 441800, 387427, 2367262949376.0,
325, 143610, 28660, 441833, 387381, 2367067652096.0,
326, 143404, 28658, 441893, 387335, 2367186403328.0,
327, 143298, 28667, 442119, 387292, 2367038160896.0,
328, 143734, 28612, 441986, 387359, 2367287459840.0,
329, 143580, 28578, 441855, 387418, 2367742410752.0,
330, 143361, 28613, 441879, 387309, 2367834816512.0,
331, 143495, 28622, 441836, 387308, 2368048594944.0,
332, 143269, 28639, 441979, 387301, 2368066551808.0,
333, 143058, 28589, 442046, 387375, 2368155811840.0,
334, 143180, 28609, 442074, 387403, 2368043614208.0,
335, 143535, 28603, 441748, 387379, 2367970607104.0,
336, 143406, 28649, 441778, 387374, 2368245202944.0,
337, 143295, 28565, 441990, 387489, 2368209682432.0,
338, 143153, 28650, 441917, 387550, 2368017137664.0,
339, 143265, 28653, 441878, 387564, 2368089227264.0,
340, 143093, 28600, 441889, 387502, 2368299204608.0,
341, 142988, 28727, 441918, 387614, 2368395149312.0,
342, 143170, 28657, 441850, 387520, 2368384270336.0,
343, 143327, 28588, 441870, 387603, 2368620068864.0,
344, 143250, 28647, 441698, 387690, 2368631996416.0,
345, 143188, 28626, 441713, 387605, 2368338132992.0,
346, 143419, 28689, 441510, 387671, 2368183992320.0,
347, 143458, 28567, 441648, 387580, 2367920930816.0,
348, 143601, 28570, 441676, 387483, 2367356141568.0,
349, 143242, 28667, 441964, 387518, 2367174213632.0,
350, 143210, 28666, 441875, 387530, 2367134760960.0,
351, 143281, 28680, 441856, 387534, 2367373312000.0,
352, 143328, 28665, 441837, 387564, 2367354830848.0,
353, 143323, 28743, 441800, 387640, 2367441600512.0,
354, 143162, 28707, 441994, 387635, 2367309873152.0,
355, 143372, 28630, 441888, 387597, 2367935741952.0,
356, 143334, 28596, 441929, 387405, 2367763120128.0,
357, 143373, 28599, 441966, 387505, 2367681855488.0,
358, 143208, 28694, 441882, 387492, 2367938625536.0,
359, 143615, 28546, 441669, 387564, 2368393707520.0,
360, 143098, 28673, 441796, 387584, 2368487555072.0,
361, 143329, 28629, 441716, 387504, 2368371163136.0,
362, 143219, 28683, 441915, 387529, 2368397901824.0,
363, 143229, 28623, 441955, 387485, 2368174424064.0,
364, 143262, 28644, 441862, 387521, 2368414810112.0,
365, 143423, 28632, 441849, 387561, 2368311918592.0,
366, 143402, 28576, 441904, 387482, 2368288587776.0,
367, 143134, 28681, 441879, 387504, 2368596738048.0,
368, 143355, 28652, 441753, 387697, 2368414941184.0,
369, 143236, 28636, 441778, 387546, 2368337346560.0,
370, 143298, 28688, 441900, 387658, 2368534609920.0,
371, 143250, 28659, 441762, 387551, 2368710901760.0,
372, 143290, 28692, 441838, 387583, 2368796753920.0,
373, 143067, 28706, 441827, 387620, 2368486637568.0,
374, 143289, 28593, 441798, 387656, 2368274300928.0,
375, 143021, 28696, 441949, 387678, 2367936528384.0,
376, 143177, 28687, 441968, 387640, 2368103514112.0,
377, 143289, 28663, 441755, 387615, 2368278102016.0,
378, 143173, 28679, 441834, 387680, 2368558727168.0,
379, 143090, 28699, 441922, 387485, 2368497254400.0,
380, 143341, 28690, 441939, 387521, 2368682721280.0,
381, 143350, 28637, 441741, 387552, 2368673284096.0,
382, 143579, 28663, 441692, 387528, 2368519667712.0,
383, 143652, 28597, 441650, 387621, 2368187662336.0,
384, 143562, 28608, 441728, 387667, 2368646152192.0,
385, 143155, 28614, 441933, 387645, 2368644972544.0,
386, 143287, 28581, 441646, 387590, 2368385056768.0,
387, 143275, 28597, 441759, 387436, 2368148078592.0,
388, 143464, 28593, 441766, 387436, 2367990136832.0,
389, 143477, 28671, 441756, 387538, 2368032473088.0,
390, 143522, 28616, 441798, 387541, 2368110723072.0,
391, 143315, 28615, 441919, 387534, 2367818301440.0,
392, 143297, 28603, 441742, 387521, 2368104038400.0,
393, 143315, 28654, 441787, 387581, 2368171802624.0,
394, 143045, 28687, 441945, 387539, 2368299204608.0,
395, 143153, 28650, 442067, 387599, 2368495681536.0,
396, 143259, 28651, 441927, 387597, 2368656900096.0,
397, 143210, 28689, 441933, 387584, 2368683638784.0,
398, 143326, 28651, 441843, 387537, 2368638681088.0,
399, 143443, 28635, 441913, 387515, 2368666206208.0,
400, 143687, 28567, 441926, 387410, 2368598573056.0,
401, 143283, 28614, 441924, 387522, 2368241664000.0,
402, 143183, 28660, 441707, 387568, 2368001409024.0,
403, 143478, 28707, 441677, 387548, 2367978995712.0,
404, 143325, 28678, 441682, 387577, 2368168919040.0,
405, 143381, 28626, 441836, 387581, 2368115703808.0,
406, 143436, 28660, 441930, 387592, 2367969558528.0,
407, 143046, 28657, 442000, 387712, 2367961956352.0,
408, 143255, 28609, 441990, 387639, 2368143360000.0,
409, 143291, 28606, 441936, 387581, 2368335773696.0,
410, 143412, 28588, 441826, 387650, 2368060784640.0,
411, 143188, 28606, 441908, 387575, 2368070352896.0,
412, 143158, 28631, 442000, 387666, 2368341147648.0,
413, 143288, 28597, 441786, 387493, 2368651919360.0,
414, 143399, 28661, 441593, 387452, 2368667779072.0,
415, 143432, 28645, 441760, 387430, 2368537755648.0,
416, 143431, 28682, 441729, 387580, 2368372211712.0,
417, 143524, 28626, 441589, 387512, 2368369459200.0,
418, 143171, 28680, 441776, 387548, 2368317816832.0,
419, 143118, 28717, 441819, 387587, 2368124223488.0,
420, 143204, 28620, 441840, 387404, 2368055541760.0,
421, 143174, 28687, 441728, 387568, 2368098140160.0,
422, 143214, 28615, 441759, 387609, 2367911100416.0,
423, 143554, 28537, 441623, 387517, 2367910182912.0,
424, 143673, 28620, 441755, 387540, 2367974014976.0,
425, 143531, 28590, 441752, 387542, 2367421153280.0,
426, 143750, 28583, 441677, 387527, 2367453921280.0,
427, 143677, 28609, 441750, 387523, 2367457198080.0,
428, 143311, 28626, 441828, 387635, 2367405293568.0,
429, 143467, 28681, 441791, 387626, 2367422332928.0,
430, 143323, 28674, 441719, 387561, 2367542525952.0,
431, 143345, 28636, 441753, 387564, 2367629819904.0,
432, 143428, 28619, 441742, 387542, 2367848972288.0,
433, 143541, 28621, 441685, 387469, 2367994724352.0,
434, 143978, 28604, 441628, 387453, 2368143228928.0,
435, 143897, 28574, 441511, 387413, 2367829966848.0,
436, 143740, 28600, 441622, 387495, 2367754469376.0,
437, 143636, 28585, 441630, 387392, 2367721046016.0,
438, 143832, 28606, 441813, 387350, 2367358369792.0,
439, 143738, 28635, 441763, 387302, 2367534268416.0,
440, 143815, 28634, 441663, 387482, 2367678709760.0,
441, 143825, 28624, 441705, 387416, 2367653150720.0,
442, 143594, 28662, 441837, 387463, 2367413944320.0,
443, 143209, 28736, 441999, 387531, 2367545147392.0,
444, 143451, 28664, 441916, 387455, 2367531384832.0,
445, 143119, 28773, 442114, 387495, 2367096487936.0,
446, 143344, 28651, 441918, 387458, 2367364530176.0,
447, 143213, 28715, 441859, 387482, 2367779766272.0,
448, 143405, 28610, 441738, 387350, 2368061571072.0,
449, 143420, 28628, 441855, 387343, 2367984893952.0,
450, 143665, 28644, 442001, 387356, 2368236421120.0,
451, 143452, 28640, 441926, 387386, 2368144801792.0,
452, 143366, 28685, 441836, 387491, 2368123043840.0,
453, 143189, 28705, 442020, 387535, 2368208371712.0,
454, 143032, 28713, 442035, 387552, 2368107053056.0,
455, 143330, 28676, 441862, 387522, 2368446005248.0,
456, 143222, 28698, 441927, 387470, 2368480870400.0,
457, 143508, 28625, 441861, 387530, 2368746160128.0,
458, 143084, 28664, 442004, 387505, 2369067024384.0,
459, 143414, 28651, 441921, 387519, 2368804225024.0,
460, 143392, 28610, 441957, 387614, 2368624787456.0,
461, 143562, 28599, 441869, 387555, 2368547061760.0,
462, 143802, 28537, 441819, 387555, 2368067600384.0,
463, 143684, 28607, 441726, 387530, 2367856705536.0,
464, 143698, 28582, 441586, 387452, 2367848316928.0,
465, 143536, 28556, 441647, 387515, 2368022904832.0,
466, 143407, 28618, 441811, 387513, 2367933120512.0,
467, 143351, 28722, 441817, 387598, 2368014647296.0,
468, 143186, 28672, 441800, 387580, 2367695355904.0,
469, 143297, 28638, 441713, 387535, 2367409618944.0,
470, 143448, 28667, 441692, 387542, 2367721308160.0,
471, 143749, 28607, 441734, 387457, 2367787106304.0,
472, 143571, 28584, 441813, 387437, 2367942295552.0,
473, 143868, 28562, 441612, 387372, 2367639519232.0,
474, 143669, 28597, 441652, 387464, 2367904546816.0,
475, 143595, 28544, 441704, 387353, 2367318654976.0,
476, 143640, 28611, 441558, 387364, 2367133581312.0,
477, 143810, 28563, 441536, 387411, 2366977998848.0,
478, 143832, 28573, 441494, 387462, 2367257575424.0,
479, 143659, 28605, 441560, 387483, 2366680596480.0,
480, 143484, 28623, 441636, 387371, 2366821629952.0,
481, 143457, 28603, 441587, 387448, 2366861869056.0,
482, 143667, 28624, 441664, 387423, 2366893719552.0,
483, 143672, 28671, 441539, 387458, 2367058345984.0,
484, 143331, 28569, 441870, 387464, 2367289688064.0,
485, 143524, 28581, 441716, 387469, 2367493636096.0,
486, 143594, 28549, 441694, 387468, 2367378685952.0,
487, 143608, 28658, 441774, 387500, 2367403589632.0,
488, 143621, 28641, 441693, 387424, 2367254953984.0,
489, 143580, 28656, 441625, 387405, 2366978916352.0,
490, 143771, 28654, 441634, 387395, 2367112216576.0,
491, 143418, 28692, 441717, 387477, 2367235162112.0,
492, 143460, 28751, 441923, 387490, 2367344214016.0,
493, 143439, 28693, 441889, 387524, 2367222317056.0,
494, 143203, 28655, 441888, 387454, 2367156781056.0,
495, 143548, 28615, 441759, 387356, 2366977998848.0,
496, 143335, 28718, 441849, 387284, 2367386943488.0,
497, 143344, 28609, 441971, 387383, 2367627853824.0,
498, 143341, 28684, 441879, 387329, 2367437799424.0,
499, 143404, 28662, 441812, 387371, 2367694700544.0,
500, 143360, 28627, 441957, 387391, 2367657869312.0,
501, 143169, 28685, 442017, 387487, 2368056328192.0,
502, 143412, 28623, 441737, 387435, 2368071401472.0,
503, 143655, 28622, 441769, 387492, 2368167739392.0,
504, 143548, 28612, 441705, 387494, 2368080183296.0,
505, 143569, 28548, 441809, 387442, 2367831539712.0,
506, 143582, 28599, 441877, 387412, 2367820136448.0,
507, 143373, 28652, 441805, 387445, 2367907561472.0,
508, 143472, 28672, 441978, 387419, 2367979257856.0,
509, 143230, 28633, 441956, 387453, 2368089358336.0,
510, 143302, 28630, 442062, 387507, 2368208764928.0,
511, 143370, 28614, 441875, 387562, 2368517046272.0,
512, 143295, 28582, 441719, 387621, 2368520847360.0,
513, 143301, 28547, 441794, 387584, 2368257785856.0,
514, 143427, 28635, 441908, 387590, 2368242712576.0,
515, 143231, 28631, 441803, 387577, 2368424640512.0,
516, 143623, 28578, 441912, 387494, 2368313622528.0,
517, 143502, 28588, 441653, 387393, 2368189497344.0,
518, 143406, 28663, 441743, 387372, 2368056983552.0,
519, 143253, 28672, 441705, 387411, 2367975325696.0,
520, 143815, 28607, 441706, 387374, 2367831932928.0,
521, 143648, 28578, 441580, 387406, 2367703089152.0,
522, 144068, 28548, 441538, 387311, 2367240404992.0,
523, 143664, 28596, 441529, 387542, 2367364005888.0,
524, 143953, 28662, 441574, 387427, 2367294144512.0,
525, 143682, 28621, 441519, 387433, 2367211307008.0,
526, 143548, 28598, 441700, 387427, 2367227559936.0,
527, 143528, 28640, 441610, 387510, 2367563104256.0,
528, 143792, 28630, 441567, 387527, 2367915294720.0,
529, 143779, 28671, 441655, 387480, 2367674122240.0,
530, 143491, 28692, 441769, 387439, 2367449989120.0,
531, 143448, 28695, 441751, 387443, 2367656820736.0,
532, 143344, 28731, 441797, 387548, 2367555764224.0,
533, 143250, 28702, 441772, 387546, 2367775834112.0,
534, 143135, 28695, 441807, 387563, 2367683821568.0,
535, 143384, 28667, 441942, 387520, 2367767838720.0,
536, 143771, 28580, 441799, 387414, 2367497175040.0,
537, 143585, 28582, 441780, 387387, 2367421939712.0,
538, 143582, 28579, 441644, 387314, 2367163596800.0,
539, 143523, 28600, 441597, 387431, 2367108677632.0,
540, 143595, 28602, 441652, 387472, 2367250366464.0,
541, 144172, 28517, 441451, 387261, 2367433342976.0,
542, 143939, 28638, 441567, 387346, 2367473713152.0,
543, 143710, 28658, 441632, 387346, 2367394807808.0,
544, 143705, 28694, 441793, 387369, 2367309611008.0,
545, 143766, 28677, 441683, 387357, 2367321669632.0,
546, 143510, 28663, 441827, 387381, 2367137644544.0,
547, 143577, 28646, 441771, 387434, 2367003820032.0,
548, 143205, 28771, 442072, 387533, 2367185354752.0,
549, 143229, 28726, 442186, 387499, 2367108677632.0,
550, 143267, 28585, 442058, 387388, 2367214977024.0,
551, 143252, 28623, 441963, 387398, 2367359025152.0,
552, 143207, 28645, 441973, 387446, 2367755649024.0,
553, 143038, 28720, 442064, 387400, 2368125927424.0,
554, 143107, 28617, 442076, 387382, 2368203390976.0,
555, 143617, 28648, 441903, 387354, 2368488341504.0,
556, 143354, 28603, 442016, 387420, 2368465797120.0,
557, 143342, 28575, 442080, 387430, 2368051609600.0,
558, 143385, 28566, 441905, 387472, 2368145850368.0,
559, 143636, 28521, 441840, 387437, 2367866929152.0,
560, 143748, 28653, 441727, 387479, 2367910445056.0,
561, 143601, 28617, 441759, 387466, 2367720652800.0,
562, 143507, 28645, 441869, 387386, 2367709642752.0,
563, 143554, 28670, 441678, 387438, 2367788023808.0,
564, 143490, 28630, 441683, 387507, 2367706234880.0,
565, 143293, 28694, 441832, 387536, 2367844909056.0,
566, 143344, 28626, 441883, 387404, 2367854870528.0,
567, 143384, 28685, 441756, 387459, 2367785926656.0,
568, 143500, 28600, 441771, 387484, 2367842156544.0,
569, 143531, 28602, 441728, 387569, 2367881216000.0,
570, 143377, 28702, 441658, 387552, 2367800344576.0,
571, 143294, 28617, 441684, 387572, 2367803097088.0,
572, 143373, 28622, 441659, 387510, 2367735463936.0,
573, 143304, 28670, 441602, 387453, 2367641354240.0,
574, 143568, 28617, 441554, 387450, 2367791955968.0,
575, 143668, 28620, 441633, 387577, 2367607537664.0,
576, 143319, 28686, 441733, 387544, 2367320883200.0,
577, 143268, 28680, 441575, 387638, 2367283003392.0,
578, 143154, 28678, 441602, 387652, 2366983372800.0,
579, 143373, 28680, 441655, 387619, 2367020335104.0,
580, 143556, 28683, 441548, 387521, 2367479873536.0,
581, 143092, 28639, 441723, 387604, 2367101075456.0,
582, 143238, 28675, 441846, 387579, 2367237521408.0,
583, 143835, 28662, 441747, 387530, 2367324160000.0,
584, 143469, 28585, 441817, 387401, 2367472533504.0,
585, 143934, 28558, 441687, 387444, 2367428493312.0,
586, 143772, 28593, 441714, 387380, 2367483936768.0,
587, 143686, 28586, 441677, 387379, 2367276580864.0,
588, 143918, 28580, 441604, 387371, 2367003688960.0,
589, 143666, 28635, 441655, 387463, 2366845747200.0,
590, 143631, 28610, 441829, 387392, 2367109070848.0,
591, 143729, 28623, 441748, 387380, 2367148654592.0,
592, 143563, 28615, 441826, 387375, 2367533613056.0,
593, 143301, 28671, 441892, 387435, 2367804407808.0,
594, 143468, 28627, 441758, 387394, 2367684870144.0,
595, 143481, 28651, 441748, 387423, 2367826034688.0,
596, 143346, 28617, 441713, 387492, 2367792611328.0,
597, 143613, 28651, 441619, 387374, 2367653019648.0,
598, 143204, 28682, 442027, 387502, 2367522865152.0,
599, 143251, 28596, 441968, 387427, 2367716589568.0,
600, 143350, 28658, 441858, 387555, 2367884754944.0,
601, 143428, 28665, 441880, 387541, 2367771377664.0,
602, 143219, 28608, 441877, 387457, 2368074285056.0,
603, 143535, 28614, 441922, 387558, 2367806504960.0,
604, 143149, 28689, 441859, 387620, 2368074547200.0,
605, 143216, 28669, 441763, 387630, 2368301563904.0,
606, 142985, 28634, 441849, 387657, 2368280461312.0,
607, 143049, 28667, 441922, 387522, 2368174555136.0,
608, 143115, 28603, 441840, 387620, 2368262111232.0,
609, 143193, 28639, 441855, 387538, 2367977553920.0,
610, 143480, 28556, 441707, 387564, 2367642533888.0,
611, 143416, 28580, 441829, 387413, 2367322980352.0,
612, 143611, 28589, 441790, 387499, 2367279071232.0,
613, 143650, 28598, 441643, 387574, 2367402803200.0,
614, 143687, 28574, 441735, 387432, 2367753551872.0,
615, 143267, 28664, 441651, 387539, 2367447367680.0,
616, 143325, 28659, 441949, 387550, 2367871516672.0,
617, 143478, 28615, 441783, 387425, 2368097222656.0,
618, 143687, 28568, 441757, 387466, 2368286752768.0,
619, 143290, 28572, 441877, 387545, 2368186089472.0,
620, 143660, 28629, 441695, 387469, 2367822757888.0,
621, 143673, 28617, 441642, 387399, 2367863652352.0,
622, 143660, 28677, 441587, 387363, 2368005996544.0,
623, 143466, 28663, 441637, 387457, 2367969165312.0,
624, 143403, 28696, 441944, 387400, 2368211386368.0,
625, 143257, 28737, 441788, 387483, 2368376143872.0,
626, 143344, 28701, 441849, 387483, 2367986335744.0,
627, 143314, 28715, 442005, 387520, 2368000229376.0,
628, 143340, 28658, 442044, 387514, 2367715803136.0,
629, 143284, 28694, 441928, 387483, 2368034701312.0,
630, 143181, 28640, 441806, 387497, 2368267485184.0,
631, 143331, 28634, 441971, 387501, 2368112820224.0,
632, 143241, 28639, 441786, 387429, 2368369065984.0,
633, 143407, 28631, 441835, 387381, 2368343638016.0,
634, 143038, 28600, 442027, 387467, 2368115572736.0,
635, 143396, 28577, 441954, 387484, 2368109019136.0,
636, 143562, 28604, 441730, 387512, 2367965757440.0,
637, 143620, 28606, 441828, 387423, 2368038371328.0,
638, 143042, 28569, 442081, 387620, 2368104169472.0,
639, 142970, 28624, 441984, 387468, 2367922634752.0,
640, 143354, 28664, 441883, 387560, 2368091717632.0,
641, 143354, 28730, 441814, 387411, 2368268926976.0,
642, 143525, 28647, 441874, 387408, 2368655982592.0,
643, 143489, 28574, 441868, 387427, 2368695042048.0,
644, 143332, 28594, 441767, 387504, 2368545095680.0,
645, 143474, 28591, 441767, 387484, 2368472875008.0,
646, 143474, 28606, 441774, 387571, 2368422936576.0,
647, 143455, 28591, 441628, 387568, 2368022511616.0,
648, 143230, 28591, 441510, 387551, 2368005603328.0,
649, 143448, 28609, 441559, 387584, 2367858278400.0,
650, 143314, 28661, 441693, 387647, 2368214401024.0,
651, 143085, 28673, 441655, 387653, 2368179273728.0,
652, 143459, 28582, 441621, 387594, 2368302219264.0,
653, 143575, 28682, 441583, 387593, 2368297893888.0,
654, 143569, 28575, 441605, 387658, 2368224886784.0,
655, 143701, 28683, 441642, 387521, 2367944916992.0,
656, 143461, 28650, 441605, 387543, 2367983452160.0,
657, 143605, 28593, 441381, 387427, 2367797723136.0,
658, 143719, 28619, 441637, 387378, 2367553404928.0,
659, 143664, 28655, 441741, 387305, 2367280381952.0,
660, 143696, 28601, 441569, 387323, 2367212093440.0,
661, 143253, 28630, 441680, 387376, 2367394414592.0,
662, 143579, 28636, 441696, 387410, 2367081938944.0,
663, 143543, 28571, 441711, 387467, 2366628823040.0,
664, 143416, 28614, 441469, 387375, 2366684659712.0,
665, 143790, 28579, 441529, 387353, 2366578622464.0,
666, 143769, 28585, 441455, 387310, 2366461181952.0,
667, 143811, 28644, 441413, 387386, 2366611128320.0,
668, 143520, 28645, 441608, 387363, 2366947328000.0,
669, 143488, 28684, 441617, 387366, 2366858199040.0,
670, 143631, 28662, 441613, 387432, 2366870126592.0,
671, 143526, 28683, 441835, 387462, 2367214452736.0,
672, 143715, 28654, 441728, 387475, 2367192301568.0,
673, 143354, 28667, 441814, 387352, 2367208554496.0,
674, 143874, 28619, 441734, 387362, 2367290736640.0,
675, 143928, 28597, 441702, 387418, 2367310397440.0,
676, 143873, 28587, 441590, 387320, 2367321276416.0,
677, 144194, 28570, 441542, 387344, 2367274352640.0,
678, 144016, 28644, 441470, 387386, 2367363088384.0,
679, 143787, 28694, 441656, 387342, 2367300960256.0,
680, 143725, 28747, 441735, 387365, 2367006834688.0,
681, 143798, 28688, 441811, 387244, 2366963580928.0,
682, 143836, 28587, 441699, 387156, 2367078268928.0,
683, 143799, 28612, 441689, 387248, 2367018631168.0,
684, 143571, 28599, 441665, 387443, 2367196102656.0,
685, 143964, 28550, 441613, 387285, 2366882709504.0,
686, 143902, 28554, 441630, 387275, 2366944051200.0,
687, 143867, 28616, 441660, 387323, 2366676664320.0,
688, 143800, 28645, 441595, 387356, 2366632755200.0,
689, 143896, 28622, 441672, 387324, 2366547034112.0,
690, 143540, 28690, 441854, 387419, 2366725160960.0,
691, 143426, 28643, 441719, 387393, 2366781128704.0,
692, 143585, 28622, 441721, 387281, 2367091245056.0,
693, 143644, 28599, 441674, 387245, 2367022956544.0,
694, 143177, 28752, 441868, 387377, 2367336611840.0,
695, 143637, 28680, 441877, 387363, 2367181160448.0,
696, 143350, 28685, 441830, 387418, 2366889656320.0,
697, 143685, 28604, 441893, 387467, 2366990712832.0,
698, 143277, 28646, 441947, 387487, 2366919278592.0,
699, 143458, 28652, 441648, 387457, 2367129911296.0,
700, 143525, 28690, 441837, 387464, 2367361908736.0,
701, 143334, 28681, 441744, 387434, 2367157698560.0,
702, 143145, 28650, 441904, 387437, 2367235555328.0,
703, 143400, 28665, 441911, 387519, 2367271600128.0,
704, 143688, 28573, 441710, 387555, 2366842601472.0,
705, 143375, 28593, 441796, 387471, 2367212617728.0,
706, 143537, 28593, 441681, 387529, 2367277760512.0,
707, 143517, 28592, 441588, 387403, 2367558254592.0,
708, 143747, 28619, 441550, 387469, 2367728648192.0,
709, 143590, 28701, 441621, 387535, 2367917260800.0,
710, 143656, 28613, 441724, 387559, 2368121077760.0,
711, 143925, 28660, 441669, 387399, 2367696011264.0,
712, 143433, 28700, 441939, 387356, 2367208947712.0,
713, 143175, 28690, 442016, 387445, 2367244861440.0,
714, 143038, 28689, 441943, 387475, 2367522471936.0,
715, 143436, 28673, 442054, 387539, 2367634538496.0,
716, 143357, 28628, 441867, 387558, 2367577128960.0,
717, 143607, 28664, 441909, 387608, 2367948849152.0,
718, 143565, 28601, 441962, 387562, 2368042958848.0,
719, 143727, 28561, 441588, 387603, 2368279543808.0,
