0 , 121 , 0 , 0 , 0 , 0.0 ,
0 , 119 , 2 , 0 , 0 , 0.0 , 0 ,
1 , 103 , 16 , 2 , 0 , 1068787.6616894603 , 0 ,
2 , 92 , 27 , 2 , 0 , 2031019.2727127832 , 0 ,
3 , 90 , 29 , 2 , 0 , 2897320.4112492315 , 0 ,
4 , 88 , 28 , 5 , 0 , 4241508.76654439 , 0 ,
5 , 81 , 34 , 6 , 0 , 6645950.868106407 , 0 ,
6 , 75 , 35 , 11 , 0 , 10419598.408553855 , 0 ,
7 , 65 , 36 , 20 , 0 , 18384317.63210051 , 0 ,
8 , 57 , 43 , 21 , 0 , 27384701.86433121 , 0 ,
9 , 53 , 43 , 25 , 0 , 36927473.505633734 , 0 ,
10 , 49 , 39 , 33 , 0 , 48706382.22638631 , 0 ,
11 , 45 , 36 , 41 , 0 , 62925716.36890933 , 0 ,
12 , 34 , 42 , 45 , 0 , 79501636.95646231 , 0 ,
13 , 30 , 41 , 50 , 0 , 96565541.8436342 , 0 ,
14 , 19 , 42 , 60 , 0 , 116941919.52491969 , 0 ,
15 , 17 , 36 , 68 , 0 , 139516167.5172193 , 0 ,
16 , 11 , 37 , 70 , 3 , 162733266.1200046 , 0 ,
17 , 7 , 35 , 78 , 1 , 187023163.14969882 , 0 ,
18 , 6 , 32 , 82 , 1 , 211204585.6401119 , 0 ,
19 , 6 , 26 , 85 , 4 , 235477003.65440735 , 0 ,
20 , 2 , 23 , 90 , 6 , 258970334.44616687 , 0 ,
21 , 1 , 20 , 93 , 7 , 281258284.9712893 , 0 ,
22 , 0 , 16 , 96 , 9 , 302932245.8114169 , 0 ,
23 , 0 , 13 , 96 , 13 , 324182632.7784289 , 0 ,
24 , 0 , 6 , 103 , 12 , 346160341.65110904 , 0 ,
25 , 1 , 5 , 104 , 11 , 366640708.868654 , 0 ,
