0.0,0.0,0.0,0.0,0.0,0.0,0.0,0.0,0.0,0.0,0.0,0.0,0.0,
0.0,0.0,0.0,0.0,0.0,0.0,0.0,0.0,0.0,0.0,0.0,0.0,0.0,
0.0,0.0,0.0,0.0,0.0,0.0,0.0,0.0,0.0,0.0,0.0,0.0,0.0,
0.0,0.0,0.0,0.0,0.0,0.0,0.0,0.0,0.0,0.0,0.0,0.0,0.0,
0.0,0.0,0.0,0.0,0.0,0.0,0.0,0.0,0.0,0.0,0.0,0.0,0.0,
0.0,0.0,0.0,0.0,0.0,0.0,0.0,0.0,0.0,0.0,0.0,0.0,0.0,
0.0,0.0,0.0,0.0,0.0,0.0,0.0,0.0,0.0,0.0,0.0,0.0,0.0,
0.0,0.0,0.0,0.0,0.0,0.0,0.0,0.0,0.0,0.0,0.0,0.0,0.0,
0.0,0.0,0.0,0.0,0.0,0.0,0.0,0.0,0.0,0.0,0.0,0.0,0.0,
0.0,0.0,0.0,0.0,0.0,0.0,0.0,0.0,0.0,0.0,0.0,0.0,0.0,
0.0,0.0,0.0,0.0,0.0,0.0,0.0,0.0,0.0,0.0,0.0,0.0,0.0,
0.0,0.0,0.0,0.0,0.0,0.0,0.0,0.0,0.0,0.0,0.0,0.0,0.0,
0.0,0.0,0.0,0.0,0.0,0.0,0.0,0.0,0.0,0.0,0.0,0.0,0.0,
0.0,0.0,0.0,0.0,0.0,0.0,0.0,0.0,0.0,0.0,0.0,0.0,0.0,
0.0,0.0,0.0,0.0,0.0,0.0,0.0,0.0,0.0,0.0,0.0,0.0,0.0,
0.0,0.0,0.0,0.0,0.0,0.0,0.0,0.0,0.0,0.0,0.0,0.0,0.0,
0.0,0.0,0.0,0.0,0.0,0.0,0.0,0.0,0.0,0.0,0.0,0.0,0.0,
0.0,0.0,0.0,0.0,0.0,0.0,0.0,0.0,0.0,0.0,0.0,0.0,0.0,
0.0,0.0,0.0,0.0,0.0,0.0,0.0,0.0,0.0,0.0,0.0,0.0,0.0,
0.0,0.0,0.0,0.0,0.0,0.0,0.0,0.0,0.0,0.0,0.0,0.0,0.0,
0.0,0.0,0.0,0.0,0.0,0.0,0.0,0.0,0.0,0.0,0.0,0.0,0.0,
0.0,0.0,0.0,0.0,0.0,0.0,0.0,0.0,0.0,0.0,0.0,0.0,0.0,
0.0,0.0,0.0,0.0,0.0,0.0,0.0,0.0,0.0,0.0,0.0,0.0,0.0,
0.0,0.0,0.0,0.0,0.0,0.0,0.0,0.0,0.0,0.0,0.0,0.0,0.0,
0.0,0.0,0.0,0.0,0.0,0.0,0.0,0.0,0.0,0.0,0.0,0.0,0.0,
0.0,0.0,0.0,0.0,0.0,0.0,0.0,0.0,0.0,0.0,0.0,0.0,0.0,
0.0,0.0,0.0,0.0,0.0,0.0,0.0,1.842085064567154e-14,6.9639042779583205e-12,3.46676948009299e-11,6.925725758834636e-11,6.928944087638894e-11,0.0,
0.0,0.0,0.0,0.0,0.0,2.364634966402008e-17,3.0666540260201366e-14,3.4644697700941005e-11,2.6768914981028473e-08,1.0676423453534064e-07,1.6006683566594626e-07,1.0687503134803478e-07,2.6859017871835582e-08,
0.0,0.0,0.0,0.0,2.068850392747996e-17,3.065266387065984e-14,6.922504828510857e-11,1.0676422532225793e-07,8.552050856626853e-05,0.0002560282234475389,0.0002560549577346801,8.562727281459027e-05,2.668933313508975e-07,
0.0,0.0,0.0,1.2418724993162758e-17,2.2995624743125967e-14,6.922504680537916e-11,1.6005986411172553e-07,0.00025602818883349083,0.21789704402629656,0.4352824582820867,0.21798256446563466,0.0005120564191805479,0.00025626837549414395,
0.0,0.0,4.145220159102597e-18,9.209830731887848e-15,3.464469266882213e-11,1.0676422531812178e-07,0.0002560281888258354,0.43528235158708617,415.9331194618356,415.9333753299649,0.6531793955233923,0.4355384597988879,0.21798267129214877,
0.0,5.9489864288661715e-19,1.5418702404802125e-15,6.954688830842913e-12,2.676891497067997e-08,8.552050855248259e-05,0.21789704399171603,415.9331194085399,531894.0919942803,416.36840165333547,416.15101645241435,415.93337549002456,0.43562374035605755,
0.0,2.0744755378674936e-18,9.209829370280587e-15,3.464469296511001e-11,1.0676422685378227e-07,0.00025602819575752856,0.4352823782867762,415.9332048222845,416.1510163457468,416.36840170667955,531894.0921648949,416.36814586552015,0.0,
2.118846641498143e-21,6.209362489604603e-18,2.2995622071247326e-14,6.922504887506348e-11,1.6005987331121137e-07,0.0002560282234475324,0.2178971507212967,0.4355383797066825,0.6531793955372306,415.93337549001745,415.93337554340354,0.4357945147219936,0.0,
2.8240870702535916e-21,1.0343294813504836e-17,3.065118257835848e-14,6.922505301141279e-11,1.0676424830753417e-07,8.55205777683199e-05,0.0002561882486684843,0.0005120563845603659,0.21798259122070912,0.4353679255572771,0.43579424797410227,0.0,0.0,
3.5290044905331514e-21,1.0343295182820919e-17,2.2995624489930177e-14,3.464470301070342e-11,2.6768945619788442e-08,1.0683345036019571e-07,2.6682409555476066e-07,8.562729356216123e-05,0.0002561083779463749,0.00034154885656831227,0.0,0.0,0.0,
2.8236563513475853e-21,6.209363213062806e-18,9.209832847339815e-15,6.954699173732999e-12,3.466768828978244e-11,1.0386974213278425e-10,2.683814769076991e-08,1.0681275027677867e-07,1.6018452130479698e-07,0.0,0.0,0.0,0.0,
1.4132834701583394e-21,2.0740234085112186e-18,1.5418726593171293e-15,9.216038681748817e-15,3.220545164390235e-14,6.98534208764243e-12,3.467691702921871e-11,5.5438309026128675e-11,0.0,0.0,0.0,0.0,0.0,
0.0,2.9785414886455783e-19,2.0748296978804026e-18,8.283939191455417e-18,1.5513315244004328e-15,3.090242910494442e-15,0.0,0.0,0.0,0.0,0.0,0.0,0.0,
0.0,0.0,0.0,0.0,0.0,0.0,0.0,2.2588336305847192e-12,4.231959602068466e-10,2.0973806304564695e-09,4.185200191113248e-09,4.18913990614875e-09,0.0,
0.0,0.0,0.0,0.0,0.0,5.886974605850027e-15,3.756039879403346e-12,2.0945642982058858e-09,8.030423492765879e-07,3.1933644411234727e-06,4.785249557269799e-06,3.2000589387397088e-06,8.084914834208211e-07,
0.0,0.0,0.0,0.0,5.150062240126032e-15,3.75258931706015e-12,4.1812539982700355e-09,3.1933633110457933e-06,0.001272955743425216,0.0038029317348837843,0.0038037326847324454,0.001276149109553178,7.982372057823121e-06,
0.0,0.0,0.0,3.0928899743237317e-15,2.8159656595493814e-12,4.1812536294044064e-09,4.784825426453334e-06,0.0038029296440713427,1.6167092317233278,3.2258253504607888,1.6179821832851284,0.007605861794266654,0.00381011272977352,
0.0,0.0,1.033828640226263e-15,1.129267900311806e-12,2.0945630435351985e-09,3.1933633100165827e-06,0.0038029296431350817,3.225822161278732,1548.521897868109,1548.525696012929,4.842531387566625,3.229627482912339,1.6179853804098738,
0.0,1.4907395433570553e-16,1.899291627729144e-13,4.220652939588338e-10,8.030423466994065e-07,0.0012729557417385142,1.6167092296366372,1548.5218962766473,1006187.786091633,1551.7477152428926,1550.1386054991865,1548.5257007977632,3.230893269773939,
0.0,5.178614567651718e-16,1.1292672088189652e-12,2.0945631174815155e-09,3.1933634983991005e-06,0.003802930062384414,3.225822960139824,1548.5231660390286,1550.1386023116672,1551.7477168372789,1006187.7886247985,1551.7439195076158,0.0,
1.0764770990286244e-18,1.5464449807063656e-15,2.8159643031141958e-12,4.181254144832481e-09,4.784826553145839e-06,0.0038029317348821663,1.616712420905385,3.2296250867400556,4.842531388402128,1548.5257007973357,1548.5257023942338,3.2334312135043715,0.0,
1.4342214621287015e-18,2.574545570468991e-15,3.752219657967786e-12,4.1812551741585615e-09,3.193366124434266e-06,0.0012729599218629522,0.0038077144659332245,0.007605859702702954,1.6179829854917824,3.227096718500358,3.2334232399212044,0.0,0.0,
1.7916308852726722e-18,2.574545953605502e-15,2.8159655304088694e-12,2.0945656173621174e-09,8.030460984013836e-07,3.197544562467491e-06,7.978189485587921e-06,0.0012761503614854136,0.00380533166916571,0.005075894998373023,0.0,0.0,0.0,
1.433774788779032e-18,1.5464457314712407e-15,1.1292689732654821e-12,4.2206786829818016e-10,2.0973790072733348e-09,6.275817334395159e-09,8.072245409939625e-07,3.19629844077051e-06,4.792358062205115e-06,0.0,0.0,0.0,0.0,
7.183983620752329e-19,5.176327649305639e-16,1.8993039022762507e-13,1.1308136275744187e-12,3.945231615055887e-12,4.258180313478891e-10,2.0985129805031538e-09,3.3521406659192912e-09,0.0,0.0,0.0,0.0,0.0,
0.0,7.474330585146814e-17,5.180419274377433e-16,2.064357974560434e-15,1.9228534653779288e-13,3.814770846730657e-13,0.0,0.0,0.0,0.0,0.0,0.0,0.0,
0.0,0.0,0.0,0.0,0.0,0.0,0.0,3.568168961595678e-11,4.462910798285785e-09,2.2021040519516225e-08,4.389135970239326e-08,4.3953487947046094e-08,0.0,
0.0,0.0,0.0,0.0,0.0,1.3990189535000447e-13,5.926314353670904e-11,2.1976609724378937e-08,5.622294681759404e-06,2.2292116357656382e-05,3.3387949790362215e-05,2.236231361664958e-05,5.679485407002889e-06,
0.0,0.0,0.0,0.0,1.2237690384795526e-13,5.918123895501799e-11,4.382907748917559e-08,2.2292098501123303e-05,0.0059368412956084865,0.017699391509579037,0.017704991860194995,0.005959133438554227,5.5719432347707324e-05,
0.0,0.0,0.0,7.352832942602388e-14,4.442209944003715e-11,4.382906871200419e-08,3.3383472162441525e-05,0.017699369592133023,5.03754430069124,10.039778746131756,5.043481098151924,0.03539876544024745,0.017749506063404676,
0.0,0.0,2.46121296085415e-14,1.7837284933385872e-11,2.1976579863080086e-08,2.2292098476676852e-05,0.017699369577382662,10.039756497862314,3239.856986314604,3239.874652300702,15.077300741578824,10.057472554727928,5.043503429669811,
0.0,3.565671836336927e-15,3.013714626043991e-12,4.445040279775645e-09,5.622294620493957e-06,0.005936841269023619,5.037544278838744,3239.8569752232297,1429125.3435268053,3249.8967094114514,3244.8945194276725,3239.8746856843118,10.063359408375803,
0.0,1.2340018263447301e-14,1.783726013820115e-11,2.1976581624706834e-08,2.2292101453619952e-05,0.01769937397800089,10.039762076327863,3239.8628897723916,3244.8944971968026,3249.896720533456,1429125.3553116121,3249.8790602965323,0.0,
3.8614777837172386e-17,3.6764164406136865e-14,4.4422050818814205e-11,4.38290809647611e-08,3.338348993852507e-05,0.017699391509540488,5.037566548960637,10.057455823601762,15.07730075033277,3239.874685679799,3239.874696828146,10.075177524640816,0.0,
5.142785798785523e-17,6.117106062810394e-14,5.917243334051812e-11,4.382910541553061e-08,2.229214286195709e-05,0.005936885080256815,0.01773275300808257,0.035398743510947656,5.043486711689486,10.045704535423033,10.075121897379837,0.0,0.0,
6.422283202406698e-17,6.117108134925573e-14,4.4422094789542066e-11,2.1976641008343324e-08,5.622353780593747e-06,2.2335927517368847e-05,5.567558244207852e-05,0.005959146548696165,0.01771616206407622,0.023636311599844542,0.0,0.0,0.0,
5.1403709440396666e-17,3.6764205022337265e-14,1.783732335751359e-11,4.4451014434171126e-09,2.2021001893612006e-08,6.580566428429659e-08,5.666138544320164e-06,2.2322908964450133e-05,3.3462465089714936e-05,0.0,0.0,0.0,0.0,
2.578363788056553e-17,1.2331850914759939e-14,3.013758605438028e-12,1.787402335099474e-11,6.225931466711646e-11,4.5042250484174835e-09,2.20389509477768e-08,3.5175885593114046e-08,0.0,0.0,0.0,0.0,0.0,
0.0,1.7902607162453044e-15,1.2346511312466338e-14,4.910603639817308e-14,3.0697253793094424e-12,6.065896643999502e-12,0.0,0.0,0.0,0.0,0.0,0.0,0.0,
0.0,0.0,0.0,0.0,0.0,0.0,0.0,2.4499736799674904e-10,2.3073441679201117e-08,1.1335337197596364e-07,2.2567300670722522e-07,2.2609790009917427e-07,0.0,
0.0,0.0,0.0,0.0,0.0,1.280724324588199e-12,4.06440043290265e-10,1.1304869341432656e-07,2.1772432121455037e-05,8.606210488961067e-05,0.00012881259358673005,8.639263740861308e-05,2.2051533343884573e-05,
0.0,0.0,0.0,0.0,1.1201786249475197e-12,4.056910856619858e-10,2.2524573248456416e-07,8.606198224741423e-05,0.017609441866479798,0.05203850672636147,0.051698911492068296,0.017334173474271027,0.00021498585647903846,
0.0,0.0,0.0,6.733562990424263e-13,3.0459904361998434e-10,2.252446810065686e-07,0.00012878941992293727,0.05203839408439667,17.17788887433058,28.09143596658798,11.033806795813781,0.10263204498032934,0.05150927099219691,
0.0,0.0,2.2570787682393513e-13,1.2246585509963177e-10,1.1304696301419952e-07,8.603164033009102e-05,0.05167715431337524,28.09135017116546,72450.45265374635,5363.830164267734,32.94789700447229,21.980736283579077,11.033189499513254,
0.0,3.2851797092108515e-14,2.0784873966729107e-11,2.295018585193609e-08,2.1757257801455028e-05,0.017248156515055412,11.016558780979318,5363.77891483778,1806300.546818393,5400.577414336831,5368.778484396712,5357.7364852154615,21.997771547916468,
0.0,1.1326928774163801e-13,1.2246553942933854e-10,1.1304649421444894e-07,8.601650028129898e-05,0.05131608386288459,21.932024239185694,5378.592472292825,127671.60175171807,5602.71422928905,1806475.669296891,5379.6361282802045,0.0,
4.726719457328235e-16,3.366781436857708e-13,3.045983875627144e-10,2.2524285428011321e-07,0.00012874407627821893,0.05131653193597637,11.020629479835627,43.01591988840498,256.11793435082905,378836.2716123231,5559.874081681805,22.17791925940403,0.0,
6.292725837246871e-16,5.598767449374109e-13,4.0561016287455587e-10,2.2524308170885472e-07,8.601684683212824e-05,0.017248929162975938,0.053848128052590996,0.2531071400352511,213.2458971005179,224.1570945284648,22.32345265663866,0.0,0.0,
7.855774792272622e-16,5.598770835990689e-13,3.045989258142804e-10,1.1304704493137159e-07,2.175771795706086e-05,8.645907451509048e-05,0.00027419717951950446,0.09028722203409388,0.19718776720144462,0.21446937008277,0.0,0.0,0.0,
6.288781066796091e-16,3.366788077408454e-13,1.224663132755306e-10,2.2950751013648786e-08,1.133708103470035e-07,3.551362577642601e-07,4.1630800839186096e-05,0.00014504391491638663,0.0002076586239066659,0.0,0.0,0.0,0.0,
3.157765783394351e-16,1.1316975463247384e-13,2.0785412360231067e-11,1.2280452698095214e-10,4.307873221113551e-10,2.7563712247310498e-08,1.3027750734989878e-07,2.061659143238833e-07,0.0,0.0,0.0,0.0,0.0,
0.0,1.6517070150502594e-14,1.1334933880879745e-13,4.5064357527416234e-13,2.204346610759015e-11,4.341213832174655e-11,0.0,0.0,0.0,0.0,0.0,0.0,0.0,
0.0,0.0,0.0,0.0,0.0,0.0,0.0,1.2034672820296569e-09,1.2778782144234005e-07,5.824369865886273e-07,1.0665373080851485e-06,9.750725326004833e-07,0.0,
0.0,0.0,0.0,0.0,0.0,7.1267814162326485e-12,1.9589375835455143e-09,5.809754660935694e-07,0.00019448312393531417,0.0006398789655267676,0.0007589958212928285,0.00037501919604220594,6.2100432353124e-05,
0.0,0.0,0.0,0.0,6.19221356057707e-12,1.9003836640822548e-09,1.064541629413387e-06,0.0006398784310497151,0.3422680009976144,0.7212262487893553,0.41850161637624433,0.03932368144454323,0.0006002262488485239,
0.0,0.0,0.0,3.703534487814525e-12,1.3930997588394646e-09,9.711700762297062e-07,0.0007589145469600252,0.7212258564606667,537.2243284757861,556.8445608002166,20.49423044636048,0.23030262042671903,0.11539797328909182,
0.0,0.0,1.2362959406885072e-12,5.470679554867721e-10,4.408152951808406e-07,0.00037362157127650286,0.41844072835383994,556.8443206891752,599512.6143771302,8309.649791387186,60.02175041818803,39.590834717296005,19.88820634243524,
0.0,1.7978662671972882e-13,9.095043048785688e-11,8.03289966690821e-08,6.107457823957698e-05,0.039083651841545844,20.455544367364517,8309.52963124419,2143721.622369315,8475.976235714643,7847.96911284402,7792.500779483069,39.62274792232925,
0.0,6.175831325615721e-13,5.334335260432372e-10,3.9405048232936623e-07,0.00024037775446227657,0.11544268133414497,40.16144685951143,8401.582977309314,648799.234013153,164697.54469990393,2143759.9448318514,7832.732303635072,0.0,
3.217521138123974e-15,1.8314477490271017e-12,1.32503818617695e-09,7.843377590060882e-07,0.00035953471305343775,0.11554939245135526,20.627933217807445,650.1478479421,1833.6711502487997,872753.0502291959,8922.331273871901,41.69697784942657,0.0,
4.281885626004387e-15,3.0438886236025683e-12,1.7638906884881659e-09,7.843844117985796e-07,0.00024050233821026188,0.0392450580786919,0.5067691765486383,3.007417559666395,1151.1144648076308,1170.3422481038979,43.68986058997587,0.0,0.0,
5.3437379034059384e-15,3.043901713088412e-12,1.3250808928108823e-09,3.941356215803612e-07,6.117608115051831e-05,0.0004297850469670343,0.0031465717238670977,1.0388759376746561,2.110700680259073,2.152327103348795,0.0,0.0,0.0,
4.278538286887731e-15,1.8314739099937545e-12,5.334781552916525e-10,8.037845935616579e-08,4.683559820488392e-07,2.8726464430494695e-06,0.000727046314021123,0.0022293720299050596,0.00301336997703364,0.0,0.0,0.0,0.0,
2.1506614659547188e-15,6.16923439136753e-13,9.097138203032597e-11,5.5887937680433e-10,2.751546365051458e-09,4.363314928747467e-07,1.8063866875456888e-06,2.745330058417432e-06,0.0,0.0,0.0,0.0,0.0,
0.0,9.0521998506419e-14,6.247181824207207e-13,2.840606877338117e-12,2.5064761174654467e-10,4.969785486949611e-10,0.0,0.0,0.0,0.0,0.0,0.0,0.0,
0.0,0.0,0.0,0.0,0.0,0.0,0.0,9.381961396096229e-09,1.2965735385476927e-06,1.423592754275304e-05,8.666631031550375e-05,0.00018761732969270765,0.0,
0.0,0.0,0.0,0.0,0.0,4.0687314665464015e-11,1.400379586132381e-08,5.3146442459273675e-06,0.0017571373008008235,0.0457299318381981,0.23573875805959144,0.3417352597830121,0.14999737991923248,
0.0,0.0,0.0,0.0,3.2233192873006085e-11,1.1633950264603913e-08,8.481431683070282e-06,0.005326351285711247,2.061651485969589,140.95899690022853,463.5376496382414,324.93485285007813,0.30058793869567585,
0.0,0.0,0.0,1.7707711602894176e-11,7.2679114781432926e-09,6.368034021835882e-06,0.005578893466905028,4.063765901709849,1893.153704801773,310104.07785034686,471410.90178207576,325.27863499030616,0.3696344435390115,
0.0,0.0,5.386287779005838e-12,2.33632002771727e-09,2.1378272531242802e-06,0.0021375095094662224,2.125613781466127,1787.5723869498552,1069903.52865806,12502.85193752264,507.6021071083812,63.88725230813835,31.728774344751596,
0.0,7.095087534909604e-13,3.0012065926798857e-10,2.2241546553593137e-07,0.00014308040881113584,0.07840726626315289,35.38869908111849,11957.418995024269,2164246.229731321,254404.95618501422,11244.661382998775,10454.337692044572,63.16437360231583,
0.0,2.4261904868486644e-12,1.7474219951274438e-09,1.0798138640847725e-06,0.0005534591868322375,0.24739480454438267,5693.144107204342,12110.572116551193,1114796.1518634423,685697.2830648507,2445848.3937126477,10520.012522310943,0.0,
1.5127458052863902e-14,7.175986896084719e-12,4.33171048102533e-09,2.144006319878856e-06,0.00082556255747243,0.24806406169586492,36.08205982246187,2284.4397508399506,486710.4949353993,1314620.7043461278,13114.988289054865,70.74928747374916,0.0,
2.0123643480382327e-14,1.1918825452942049e-11,5.76396944853729e-09,2.144936002488864e-06,0.0005548508962730892,0.07950638155467517,2.723828936806694,351.88358342750195,3038.2537509405593,2727.9445478918738,78.16387934752802,0.0,0.0,
2.510597254315017e-14,1.1919558918052529e-11,4.333200572203397e-09,1.0815108344543303e-06,0.00014425720146626052,0.0026356521091201717,0.17890841148077802,4.123347490772489,7.808295363158587,7.739430586689733,0.0,0.0,0.0,
2.0105670283206946e-14,7.177460280517673e-12,1.7489373529869864e-09,2.2339938862375573e-07,2.4943524781181094e-06,7.826786994339166e-05,0.004256243945500053,0.01247668603420628,0.016621937762540687,0.0,0.0,0.0,0.0,
1.0118161885065274e-14,2.4240781606346726e-12,3.007985521509414e-10,2.5664258384495644e-09,3.75363507487855e-08,3.6404955746568647e-06,1.4469955281126544e-05,2.173517149841472e-05,0.0,0.0,0.0,0.0,0.0,
0.0,3.5818721713955505e-13,2.8349652167847605e-12,2.4143230346665993e-11,2.70024048069723e-09,5.360693480858443e-09,0.0,0.0,0.0,0.0,0.0,0.0,0.0,
0.0,0.0,0.0,0.0,0.0,0.0,0.0,8.117033655813732e-08,8.55635688484306e-06,0.000527020749801739,0.002528574461833255,0.004515541481771286,0.0,
0.0,0.0,0.0,0.0,0.0,3.0332386274791046e-10,1.3026618451301727e-07,6.115931353953e-05,0.008721329358269416,0.8260535753657741,2.9775983730317326,3.521176249706764,1.3606382903555636,
0.0,0.0,0.0,0.0,2.1942294356413286e-10,1.144314692435676e-07,0.00013713887685202884,0.123989606163927,7.541494876109653,993.0946557263745,2365.1698454961884,1382.3949835850494,3.10516146742973,
0.0,0.0,0.0,1.0578071214327348e-10,6.834599771265101e-08,0.00012314525494533862,0.22439993615730258,262.860106725095,4750.317283274043,811873.2747743702,953533.9235530463,1771.1292441096944,390.20261214085593,
0.0,0.0,2.5846733253090314e-11,1.7599556144147524e-08,3.980548126719466e-05,0.10919047349135057,257.52045365477085,418468.15547349025,1490988.6015946784,538665.4074073833,3155.606385845993,514388.05897266656,446.24991247973526,
0.0,2.2742775070633127e-12,8.706461890893507e-10,6.753562805025454e-07,0.0006739906864194518,1.603706113872103,25999.810893794554,17210.61705720081,2467334.499636854,766109.6457711954,16531.06507547809,13670.12241467787,89368.25229959775,
0.0,1.503167939046287e-11,3.2877408798994455e-08,9.153761045563709e-05,0.22566828740636116,425.5038234825071,537406.9105940948,533862.0548118602,1533460.9124195208,1153462.9890992201,2716619.104907063,13416.983437852896,0.0,
7.16534357210436e-14,5.926956658854173e-11,1.2388805342586952e-07,0.00027138665504108906,0.45013992801570246,424.9177174218698,1158.615978091246,446175.70261725597,971897.33286969,1710593.860073652,17973.980106771116,185321.70232269092,0.0,
9.80557925750551e-14,1.1080094311056955e-10,1.837554152664748e-07,0.0002714468791007291,0.22582307096685977,1.0413655274968339,293.09233455273676,1724.1989016146113,6368.914494600963,5001.103585878248,128.38407132936354,0.0,0.0,
1.2440065668890356e-13,1.1081834914105528e-10,1.239376405812364e-07,9.163499319187946e-05,0.0007686700642342994,0.13410430802756731,1.8015072767219904,253.0115926688722,407182.3815673629,500.58936664568944,0.0,0.0,0.0,
9.799198719059936e-14,5.93036765511992e-11,3.2922897798935114e-08,7.177096459296253e-07,5.228381038956192e-05,0.0013455076982418865,0.20672937267328192,241.21681974950673,482.40316945915805,0.0,0.0,0.0,0.0,
4.684949614292348e-14,1.5038758987056334e-11,8.875941989602119e-10,2.3188740162796424e-08,8.273538829624165e-07,0.0001022880661495808,0.09535879271770868,0.19057070067806012,0.0,0.0,0.0,0.0,0.0,
0.0,1.1585604974692665e-12,1.558128811261766e-11,4.655059792217434e-10,3.676225936228282e-08,7.26568625351298e-08,0.0,0.0,0.0,0.0,0.0,0.0,0.0,
0.0,0.0,0.0,0.0,0.0,0.0,0.0,1.2146832796010302e-06,4.1208047229274645e-05,0.003430283892956638,0.015105391306820783,0.0251974248857243,0.0,
0.0,0.0,0.0,0.0,0.0,6.04408576686412e-09,2.6787273443864897e-06,0.0009148272060933621,0.03192803942356048,3.3383503469146834,11.065994950640535,12.2915775703009,4.530587876802119,
0.0,0.0,0.0,0.0,5.224573382981015e-09,3.0911692103847165e-06,0.002647367589891716,1.2102405044650817,20.913273551518596,2480.463994856307,5472.100071528927,3021.850192628285,12.076796560499139,
0.0,0.0,0.0,2.653091664375942e-09,2.13074104400122e-06,0.0027956656652624074,2.5898013525469508,1261.3268583041881,9382.748983213813,1261375.0967001475,1384946.5483517516,4521.058628157574,1505.5982718604512,
0.0,0.0,5.979687130889086e-10,6.186535445595349e-07,0.0011345213026788237,1.661216015169225,1700.189271524464,908086.9546898411,1869171.1205127588,1023593.5155798814,8486.836999114023,990639.9504400595,2120.0101297966785,
0.0,2.7394414034827477e-11,3.849738555147286e-08,0.00010791973934348558,0.25473369040154065,458.5888063711767,557310.8344272857,25677.754026192248,2741087.34401146,1224889.0240127696,23808.86791029423,18235.588308453884,612720.899042706,
0.0,5.027793276523765e-10,9.691243704754763e-07,0.0016107526402351594,2.1406249667755106,2019.0379372484765,1012772.6262158748,1016767.9873609827,1910852.7527405214,1573558.4424542254,2959328.813989255,17045.49832094383,0.0,
2.1586930734853516e-12,2.3094105486776202e-09,3.5021040095620406e-06,0.004196472942392177,3.5280584268121795,1568.3930371593653,4460.211408313292,935361.0328502656,1407150.3383210043,2065480.9523589348,23932.5712886415,699933.362928832,0.0,
3.1840267647058813e-12,4.498789134938265e-09,5.076981131464722e-06,0.003995407597886265,1.6484483267844807,7.55925722930513,1326.4751319716224,4418.807678011369,11393.72889590117,152577.289070045,256.77486436812677,0.0,0.0,
4.198028227080729e-12,4.4548789712387336e-09,3.3386702114488736e-06,0.0013090755193529476,0.008352577198034332,1.2826678894810881,8.33838182677525,1241.231283346477,895033.4761713191,2522.754392663134,0.0,0.0,0.0,
3.154456814561339e-12,2.2304102437051986e-09,8.383903515159008e-07,7.261181339445629e-06,0.0009474869871475566,0.010494551540290418,2.2729806158399573,1214.9878833190628,2429.885161799203,0.0,0.0,0.0,0.0,
1.2874288410395632e-12,4.583070683983237e-10,5.8318817428893454e-09,5.771123076547011e-07,9.827216570707981e-06,0.0023695381014730878,1.115314148952787,2.227435694305875,0.0,0.0,0.0,0.0,0.0,
0.0,5.12468281244394e-12,3.1339028933553837e-10,7.232592633633623e-09,1.3505380647078706e-06,2.688529564247881e-06,0.0,0.0,0.0,0.0,0.0,0.0,0.0,
0.0,0.0,0.0,0.0,0.0,0.0,0.0,8.88940586165542e-06,0.00014911807002520588,0.011740805934253685,0.04965296941138277,0.08019670950921638,0.0,
0.0,0.0,0.0,0.0,0.0,7.167933164122203e-08,2.1512326053448804e-05,0.004754970785488597,0.09264976473393778,8.275806771313597,26.393215149219504,28.467455217832327,10.25546168444406,
0.0,0.0,0.0,0.0,6.87145259389118e-08,2.7465430670954288e-05,0.014981096177198696,4.211192109148572,69.52489756309447,4487.44173006031,9508.15390725865,5111.1337047242,30.06029789672903,
0.0,0.0,0.0,3.896082359194803e-08,2.1150563387318286e-05,0.017582482458409543,9.924784939659284,2886.9605050083173,145932.98231195775,1664086.3460764298,1770995.2125740615,8285.053161327842,3190.9417848188655,
0.0,0.0,1.0769482929285453e-08,7.56139187208184e-06,0.008651256308721362,7.53879450219127,4449.457272483019,1346041.6178970311,2208883.148001831,1458862.7379704632,16259.914639678678,1415705.2024505574,5056.801999440634,
0.0,1.0292116794544223e-09,9.352480878178003e-07,0.001426741144522294,1.7543159820975815,1632.315669535873,1032491.2149062081,126246.33125710578,2988343.1918520518,1636586.8580021327,524151.93010110373,24457.997834205722,1080910.9672779075,
0.0,7.0161988536285984e-09,9.324123241396657e-06,0.010191443708619083,8.542545777407332,4882.788637028643,1438142.0189712488,1449719.0698649846,2251037.0187845947,1951198.2633914175,3177252.0202671206,21398.07394741113,0.0,
3.527393875628913e-11,2.7357868921477326e-08,2.8084720166615498e-05,0.02212322350633729,11.885798392710795,3277.611924805804,9479.264732083528,1373433.8029729433,1797628.257866727,2384121.3710699226,31604.94513250133,1161777.5774775632,0.0,
5.053779998140532e-11,4.974991591759963e-08,3.761802252829979e-05,0.01937977670028124,5.122941781250557,23.96322556035007,2959.0568794342857,8157.649676046248,18307.411047552472,673244.0270266737,336211.0834332228,0.0,0.0,
6.469264014917911e-11,4.7389771722687266e-08,2.367445453101963e-05,0.0060715927957219,0.038891923729999126,4.380176088588099,23.102931332645603,2835.133324101302,1330666.6275767265,6924.8919375218475,0.0,0.0,0.0,
4.74744798387022e-11,2.3106758200175067e-08,5.790351791705251e-06,4.724864830845338e-05,0.004936895505337537,0.04344480583283588,8.060639276528011,2786.0012180344065,5571.773275909081,0.0,0.0,0.0,0.0,
1.8872493245928124e-11,4.637398756749761e-09,4.6888878197988695e-08,4.506835148148238e-06,5.973246406007992e-05,0.0130758446488131,3.988369822510692,7.9592212403123295,0.0,0.0,0.0,0.0,0.0,
0.0,4.105256347037129e-11,3.484159642215937e-09,6.176497276768061e-08,1.1470237577664095e-05,2.2840445288994826e-05,0.0,0.0,0.0,0.0,0.0,0.0,0.0,
0.0,0.0,0.0,0.0,0.0,0.0,0.0,9.63481765970415e-05,0.0006771634729046424,0.0296829746599208,0.1603061082312657,65.95530756720306,0.0,
0.0,0.0,0.0,0.0,0.0,4.2668343320980034e-07,0.00018157125166093802,1.2493078667491728,1.8424529455504581,16.866364279879456,116.20464724322729,214969.72222181503,84.65593924326927,
0.0,0.0,0.0,0.0,4.3206853407434287e-07,0.00015547810555173865,1.2832481647888108,30876.011823974175,708.871363420494,7448.664774021221,14308.662163412646,7604.99847304264,58.83638017780422,
0.0,0.0,0.0,2.639685596657328e-07,0.0001058000803043215,0.06905856132760199,25.897985433857905,5557.890596742692,670754.9985028943,2025442.4376569567,2116462.3166098436,12820.88034672665,5315.69735403797,
0.0,0.0,8.28939679765251e-08,4.39715839339269e-05,0.04893804463091046,67.13190852492448,8260.03609996956,1738876.7204357062,2515123.060137965,1849564.576008969,26348.022050611675,1795549.7585620931,8974.288437341896,
0.0,1.0286673276749536e-08,7.249576421894828e-06,0.014461704521202058,52.483354077630416,185675.9978782827,1458052.0877404315,661940.7899370759,3212179.374025514,2006495.2791503812,1012724.5269443324,32611.744928536158,1499764.0536424164,
0.0,4.8124455444643994e-08,4.9193582644004435e-05,0.05230564124574561,68.7536563152618,8777.040454029631,1819433.2477937574,1838542.1633409995,2557670.252325881,2291121.8266132665,3373785.567632179,420937.49472821417,0.0,
2.747324894977237e-10,1.6370043101536562e-07,0.00012627391980306684,0.07873504871907187,27.463256510804698,5549.141662249993,310597.3559255251,1765925.3348299006,2148267.3017910304,2670880.6080091083,394215.617388586,1576633.4263719216,0.0,
3.780566437718026e-10,2.776638146015625e-07,0.00015571588105091623,0.05833445722363078,11.278407246035433,178.0300032488014,5236.145257382683,208800.94295845804,454685.9602251081,1139814.477484076,836721.6463978221,0.0,0.0,
4.648735727742082e-10,2.5367376421258046e-07,9.358293115116263e-05,0.01765897237281627,0.14938102565717104,10.137746985682615,102.97478635171204,5220.853988505327,1720160.502406536,13602.147224338676,0.0,0.0,0.0,
3.3217378434670584e-10,1.2040800315433455e-07,2.237263644560233e-05,0.00019025263394829346,0.015272931330014066,0.13206354506632315,18.91989743585781,4817.895825342065,9635.051263908448,0.0,0.0,0.0,0.0,
1.296240685287927e-10,2.3813010339415535e-08,2.3608773347449333e-07,1.872437504843168e-05,0.0002262684177070096,0.04133846661636834,9.325819204660787,18.59631583905588,0.0,0.0,0.0,0.0,0.0,
0.0,2.5524162239507005e-10,1.9338632037220994e-08,3.0815230293493004e-07,4.912300886992523e-05,9.776389315045495e-05,0.0,0.0,0.0,0.0,0.0,0.0,0.0,
0.0,0.0,0.0,0.0,0.0,0.0,0.0,0.5099140790509764,0.5125327004111847,0.3221409077781604,1.9543116425197895,784.9341131428246,0.0,
0.0,0.0,0.0,0.0,0.0,0.0008450874045373249,0.7641398875569312,461.2093248160498,463.78428928549977,32.38575629168631,868.2271637300128,725791.9531573153,815.181117987387,
0.0,0.0,0.0,0.0,0.00021380781018706332,0.2556580560023575,461.29273442878326,559439.4711811817,2498.384098601857,11367.715171444717,20269.2188579844,10996.957380360442,186.39482975988196,
0.0,0.0,0.0,2.620691574482626e-06,0.0014342719753117094,1.1638396943282185,511.17878861598587,15346.367279328404,1140267.9274133062,2349918.690339648,2425719.892745638,20919.640412984587,252419.96461415116,
0.0,0.0,1.241595756942938e-06,0.0009249749943938455,1.08688109605561,759.4466150420766,13467.702567203873,2091744.0646103106,2791674.9739386346,2200364.4158418053,293099.05338962923,2135510.488962951,487920.3424588402,
0.0,2.694474432516615e-07,0.00028558313351196565,0.5190684477510027,730.349105177436,700038.3290375994,1840085.1976171187,1142654.4524086474,3415067.15743752,2338958.2154136607,1450350.9486437882,82353.11435208438,1875152.814829865,
0.0,6.405737621038483e-07,0.0009372497133505402,1.0991851157743453,803.0845648610182,185495.28063011554,2162136.9095142344,2188613.1599491797,2834056.1015189732,2597096.749954005,3552166.147779473,917289.189482332,0.0,
1.7981263011833658e-09,1.295105603890975e-06,0.001165306697184266,0.6840877505955633,94.64368477909946,8975.534589605362,817973.5063509824,2118783.6815646566,2464255.0901967045,2930054.420028901,900260.3955230712,1950450.8200861532,0.0,
2.16953906858594e-09,1.4740578870488185e-06,0.0007230288253959636,0.16220163874275592,105.20574998963772,242605.99712945693,9284.465107713075,725616.5080996568,950722.9642404959,1559081.164379132,1287308.5932293565,0.0,0.0,
2.31804839293188e-09,1.0298079545304003e-06,0.00027908192203323083,0.07914313724473396,84.45822992991009,104.67587628835227,832.7111568092961,9332.388226755804,2068938.8744280147,22030.681846867523,0.0,0.0,0.0,
1.5241729044650345e-09,4.298563452163086e-07,7.328530745188084e-05,0.02005391396725429,0.07592639965743368,0.8213892823141724,37.41563601139049,7198.538805092528,14392.697562203786,0.0,0.0,0.0,0.0,
5.713668069610935e-10,8.55463709305567e-08,4.28470739784294e-06,6.601415289999271e-05,0.0009213163042579407,0.0990226487703547,17.49030041051186,34.84766800620231,0.0,0.0,0.0,0.0,0.0,
0.0,1.6241653634071313e-09,7.375930962264515e-08,1.2000875621605178e-06,0.00014702124317239083,0.00029214656013251884,0.0,0.0,0.0,0.0,0.0,0.0,0.0,
0.0,0.0,0.0,0.0,0.0,0.0,0.0,3.492884537960204,3.499923441805474,2.0906800847369027,196.74119056618764,2351.8458734684277,0.0,
0.0,0.0,0.0,0.0,0.0,0.01126803155742455,5.228427092122095,1628.6592036583172,1635.7548172195802,247.72321947361732,362743.9519498564,1183687.4741946438,2209.4297634115514,
0.0,0.0,0.0,0.0,0.0028502981165378044,1.7511431011349619,1629.0551357547004,1031196.2942857734,5959.355706359068,16202.260356796402,27425.29026803221,15636.763400699425,1423.766449764507,
0.0,0.0,0.0,4.748953482757122e-05,0.030407727342190796,6.555514176252518,2141.6244384104866,552287.7718784906,1560738.921416617,2641283.2570498977,2703600.791384791,559548.0104269872,762795.5626680305,
0.0,0.0,3.3082495170021414e-05,0.04403741776340479,86.7248642455913,2205.656123385196,20334.122074301482,2409138.611678859,3041400.0066855215,2515949.8047121614,810895.8682446656,2442358.0080796913,976761.0422121519,
0.0,9.712178178695407e-06,0.02078073443056787,84.10042854188802,240956.36445095344,1159962.9911746976,2183799.2400259757,1574040.2483143462,3598945.240548928,2638376.0009077974,1843433.0824021995,622745.4613721378,2213483.4738447703,
0.0,1.6697616606188237e-05,0.04430014922963575,87.20806829273718,2904.2309013199074,705296.7844575943,2470822.142035151,2503869.7755593243,3083177.041474139,2872516.288225876,3714588.034611121,1363086.531569083,0.0,
1.979523802817674e-08,2.1582991807272857e-05,0.026917170141473483,3.827502507384041,791.5565106911506,14555.864155882506,1272590.6018728218,2436250.539198322,2749182.664897586,3164343.6667083194,1354621.570347723,2287377.0802716115,0.0,
1.8526303806294207e-08,1.3528573713453475e-05,0.004474902844727778,1.386648878710952,875.5818921776942,749852.7732255694,15546.3878869329,1188144.2544002323,1395708.4450302678,1936002.3633347582,1693038.3075800457,0.0,0.0,
1.3445292053409862e-08,5.327084460590658e-06,0.0019546219181719687,1.3441601961449898,839.6308186263958,877.8012108977085,2238.4236301486426,14952.425136912721,2381383.1029419783,292224.59587106534,0.0,0.0,0.0,
6.801635472473758e-09,2.2671984529435612e-06,0.001222024717547943,0.6345701991756919,1.344524688994338,3.7317452409512994,74.04889522863598,9842.683724402701,19655.846394377873,0.0,0.0,0.0,0.0,
2.544174005425757e-09,8.824347795696934e-07,0.000361937958815709,0.0012150144549046122,0.0053723343728351485,7.454154770279379,72678.26746254637,71.54328077203772,0.0,0.0,0.0,0.0,0.0,
0.0,1.6729917204245595e-07,8.618688428644524e-07,5.765917002439731e-06,0.0008222779596123937,0.001635493664897769,0.0,0.0,0.0,0.0,0.0,0.0,0.0,
0.0,0.0,0.0,0.0,0.0,0.0,0.0,10.595846368921526,10.61338943807394,8.477205844693415,1123.4615436207716,5160.323428589144,0.0,
0.0,0.0,0.0,0.0,0.0,0.05060480646669148,15.845067196023228,3348.1865465680694,3364.542410382286,1202.3073002512306,857544.2733992642,1594722.0164573176,4155.302873886383,
0.0,0.0,0.0,0.0,0.013507237324909176,5.318369300803329,3350.13419430718,1452643.361568181,11100.670065450347,22296.470308732853,36039.11049135972,21644.840791722818,145550.13940486163,
0.0,0.0,0.0,0.0022644654061074183,0.6720999090792179,20.732472073642995,5054.433564708865,1032827.938807883,1937684.389261258,2902923.127452556,2953787.756711774,1042190.9740332986,1220600.2405827874,
0.0,0.0,0.0021844464250506328,1.272674315250698,844.1922893244166,4846.476790248564,28837.689659938314,2695008.1724869907,3266887.739901166,2799965.7869192655,1275668.4486531166,2720253.2872557826,1416520.7855310112,
0.0,0.0007232090279276326,0.6328232257702201,837.2518645244096,748841.9460915405,1572007.980442066,2493216.0333167394,1961171.1041871717,3765576.6389238643,2908139.776747152,2196957.945680669,1107675.514233639,2519092.441421992,
0.0,0.0010947715013812653,1.2748997879166664,846.6937262415456,7002.63568756501,1170554.4792466029,2749041.8215488363,2787770.8466762477,3307722.2991658184,3120437.071148591,3862777.791019397,1764156.9822022761,0.0,
1.0712752131555684e-06,0.00112942121377451,0.7021177404066359,157.28003016629276,318072.48312115023,22240.665698139994,1680065.8547346052,2721875.5152591993,3006093.857144829,3376125.0893060206,1762589.1825627598,2591047.910980556,0.0,
7.49587906855601e-07,0.0004371895427509815,0.10844735091296484,149.73215663377675,2598.062893704311,1202991.8785106887,23626.43111277362,1602101.4836767314,1794903.8908103842,2275461.5209733667,2058371.9294967172,0.0,0.0,
2.484373039140017e-07,7.145176299083499e-05,0.10339474306247787,159.6748627654084,328663.8682583638,2460.752850110901,4197.754820791272,21739.165037816874,2661894.2806207747,808180.6279135488,0.0,0.0,0.0,
5.5726042337376617e-08,6.0499536999193354e-05,0.10476227476347616,156.61401463600404,159.6029940516164,33.27313837940074,125682.46976443908,13201.628357189671,25269.30135717756,0.0,0.0,0.0,0.0,
3.385247936353704e-08,4.265591115047905e-05,0.05090785538651478,0.10488211954595643,0.3847389872775618,548.590810508988,597260.9446811617,26408.680811761064,0.0,0.0,0.0,0.0,0.0,
0.0,1.3375464743433834e-05,4.277037712497127e-05,0.0003396445149405212,0.3148603163558226,0.6293788091586828,0.0,0.0,0.0,0.0,0.0,0.0,0.0,
0.0,0.0,0.0,0.0,0.0,0.0,0.0,22.86575426125332,23.16966331841384,167.0932848035274,2814.63587013708,8977.35037537683,0.0,
0.0,0.0,0.0,0.0,0.0,0.14457874071096977,34.32118523363857,5490.235222792363,5955.919685420438,318973.7617078988,1299520.178552069,1963736.2531056027,412389.37580999086,
0.0,0.0,0.0,0.0,0.04248493682175559,11.909711572006156,5834.758853186963,1829784.37719826,463391.6941976565,29810.262457204644,45769.84935919622,29491.203739262986,666917.9054208219,
0.0,0.0,0.0,0.016944219788191262,3.297083825688264,625.2484064260366,490638.69087856665,1463563.1394279345,2275909.2496740217,3137879.542713774,3179040.9442022024,1475246.1091343064,1632388.621422404,
0.0,0.0,0.016437817541850412,5.784924504276044,2489.9475026640166,413488.5884349165,188809.888472094,2952511.176564891,3470479.7895492855,3055571.090172615,1692853.9987561677,2971895.3687066445,1812127.8457214478,
0.0,0.005460250120683745,2.8420551444076136,2237.8648375131006,1202565.8184832304,1941557.487618221,2771786.112722959,2308597.3307540556,3916563.006886806,3151183.8088607877,2514910.246823348,1542849.699536963,2795130.0701285396,
0.0,0.008212363943163093,5.701387489609108,2259.905481210213,13366.026715433403,1587601.1009269895,2999796.351872042,3043432.065511407,3510115.896162186,3343609.6954608127,3997938.354328547,2124987.0323241376,0.0,
1.3391094615985664e-05,0.008803312760225147,3.7399625066694355,1029.7013025442363,817675.753931244,32118.648694768915,2045299.5695474693,2978852.5321589923,3237735.695758983,3567550.7672757437,2128911.5954044345,2864741.274490176,0.0,
9.748343074960197e-06,0.00443642395937361,1.7164976372790994,1012.8103372804,6252.274973427997,1608400.6674550893,33168.44614668974,1973080.2180374274,2153409.9014926148,2581280.875911415,2387328.6144753573,0.0,0.0,
4.221297894250637e-06,0.0022004170141383937,1.7182593868562737,1036.7663904681237,827110.5262172568,5365.883429232839,267776.18259516894,539292.0338512119,2914303.6754752817,1271511.846499072,0.0,0.0,0.0,
2.305837624223291e-06,0.0021994670758376704,1.7364660003298493,1027.573745090746,1035.6043430456464,740.0350367643459,645792.8627211931,99797.2004147479,245978.31754958763,0.0,0.0,0.0,0.0,
1.9917897210909536e-06,0.0016554499112948803,0.8639363323472117,1.737198131635149,3.6554533340006192,2355.334761579131,1066824.6971559776,558957.3630402683,0.0,0.0,0.0,0.0,0.0,
0.0,0.0005495468030637707,0.0016570586435062631,0.005524306312720715,2.3295992263342202,4.653970980996646,0.0,0.0,0.0,0.0,0.0,0.0,0.0,
0.0,0.0,0.0,0.0,0.0,0.0,0.0,40.89260243841033,44.72640012490504,1048.0172264014957,5698.140208688644,13564.233130014522,0.0,
0.0,0.0,0.0,0.0,0.0,0.32727879769177326,62.426585649282856,7950.33343109521,10310.876508535835,819787.3742674284,1695157.5578696614,2295229.9573814045,907300.9236628826,
0.0,0.0,0.0,0.0,0.11190059573499163,24.491108353702185,9367.665843696323,2168254.570840883,955296.7066359762,202975.0335263165,427208.279900215,39684.71779163295,1135316.350980497,
0.0,0.0,0.0,0.26475033493356,11.38886130141172,2707.139785550847,976661.0994601648,1851201.5950967611,2579942.8503477043,3349120.93460894,3382046.999654515,1864032.5927017448,2003211.8855131976,
0.0,0.0,0.4566753438745413,263.1607469226918,5621.176252284253,907755.8819363486,717129.3458354212,3185032.202620854,3654294.085732006,3285608.468975026,2067332.2100179293,3199737.770923966,2168018.5226245695,
0.0,0.21787050247095838,254.73040451873158,416540.30877948407,1608784.3158553706,2274117.205851513,3023154.279681938,2620401.0991330487,4053359.100390014,3370152.322324991,2800872.870327504,1933385.7782039668,3044445.0426969957,
0.0,0.24432436297287835,338.1646262072737,235273.79184397202,21610.16933380051,1961509.6646520826,3225792.8158539254,3273659.878655945,3692542.7768097776,3544509.038162079,4121176.530113199,2449613.2782406528,0.0,
0.00014043887781154679,0.16547483688584194,87.14975412390359,2673.794527828742,1263969.6401586842,43812.081582814775,2372685.9849465257,3210059.94539009,3446588.9836786455,3740568.9941449217,2457849.9711593254,3111412.528945396,0.0,
9.415061465827253e-05,0.04893649931312016,67.63537198995138,209249.2635377399,282504.43128832965,1971595.4364530123,89519.87757208379,2306586.221477959,2475805.1543989815,2856790.430346154,2683528.0162037797,0.0,0.0,
3.885005807133784e-05,0.03752181110676108,67.63596364347976,2707.55513329374,1272582.3084453363,468463.83362994925,776829.4793705142,1026821.158772872,3142968.847518371,1687592.365138763,0.0,0.0,0.0,
2.808888972112139e-05,0.02576264342880917,6.889204121786795,2520.2275635850256,2845.498664224724,3129.4191057113608,1112256.6189584085,631938.635710573,763082.8110635988,0.0,0.0,0.0,0.0,
2.1855584657230273e-05,0.010517908309555185,3.4118290699650213,6.979828154305882,14.492460312689845,5385.474221702334,1488252.1662218631,1037764.9094080062,0.0,0.0,0.0,0.0,0.0,
0.0,0.0035067766271783965,0.010560721321697294,0.03077584568326658,7.860723140219217,15.691627262943825,0.0,0.0,0.0,0.0,0.0,0.0,0.0,
0.0,0.0,0.0,0.0,0.0,0.0,0.0,65.44981528017041,79.7080558584089,2763.9677554457467,269928.15690287476,18820.96942340629,0.0,
0.0,0.0,0.0,0.0,0.0,453.1774836424366,394922.1051317134,11226.066645955634,16105.930716367211,1268370.30344494,2050636.5668236334,2593718.542807155,1352026.6429060472,
0.0,0.0,0.0,0.0,0.7832816633162276,629.5232508469605,508014.7551997367,2472398.0326369544,1396754.2119579443,729470.5785115231,930758.0883875972,347022.54912439326,1556304.815319471,
0.0,0.0,0.0,2.4532413645113094,30.213597670982686,6336.975728159682,1412917.1071555533,2200268.5464168093,2853837.625149822,3540195.6918961513,3565697.714667777,2213212.2293801424,2337141.877357143,
0.0,0.0,4.682544612468099,1260.4410244723315,10468.72765012953,1351012.818157385,1191360.3893129185,3395190.285535815,3820247.283290197,3492637.997513123,2403482.311718052,3406007.96117795,2488041.790837223,
0.0,2.316232319397728,1242.553281395572,906806.3741217747,1973645.3292118881,2573615.0616567633,3250171.6820063847,2900245.239453023,4177285.854594859,3567190.160795933,3057829.429557358,2283732.0816367036,2956064.962323597,
0.0,2.944115322651319,2070.0156743894204,745463.9475672945,31871.04217405457,2296755.7248020624,3429473.5751689808,3480982.5999785927,3856721.46375192,3320768.186764445,4233271.933794365,2741667.338779231,0.0,
0.003159180855919169,2.4286925927422307,840.5124732863455,6119.624826329301,1663858.7009262496,57433.207245555015,2666636.529171176,3418547.649532465,3537118.4637127435,3896691.5211107708,2753228.182248546,3333726.1206810554,0.0,
0.0022924239646085393,1.2199717561727421,784.3446770031043,721541.5574842466,792295.1384824152,2298553.240737398,630130.2169244557,2606975.4019096135,2765719.636053066,3104992.733728611,2950229.9072925337,0.0,0.0,
0.00136266190194611,1.150050454907969,783.8346812706684,6197.566427297092,1671815.5891432387,957193.9379992937,1233866.7210514867,1464977.362296505,3350524.037210619,2061250.070147595,0.0,0.0,0.0,
0.0010010749578363975,0.5995426332522668,18.515930902934365,4496.260979973137,5908.9565363190895,7470.569065626123,1531003.9139103119,1110173.467737653,1227847.5947788863,0.0,0.0,0.0,0.0,
0.00039291800582939374,0.03668085686093733,8.356171729683792,50.80388668870147,152438.00235633657,9397.290037827903,1866768.2612651738,1468820.7933134206,0.0,0.0,0.0,0.0,0.0,
0.0,0.011841037565131734,0.045597040503920085,32.87805478266154,50.97494294064994,36.30589901539369,0.0,0.0,0.0,0.0,0.0,0.0,0.0,
0.0,0.0,0.0,0.0,0.0,0.0,0.0,454090.02267928177,435.2301907202855,6344.989290862747,779648.3266637136,479460.8223154993,0.0,
0.0,0.0,0.0,0.0,0.0,2374.3306877091895,886214.9780187651,16419.440923380676,22994.800954813298,1670976.3402855024,2371167.577144466,2863127.8411406577,1752263.0941522392,
0.0,0.0,0.0,0.0,5.596738356659199,2703.863470439358,992297.979811724,2746146.4327279218,1793135.1977924355,1202117.2477077597,1382734.2384698112,861341.7096996444,1935288.2631047317,
0.0,0.0,0.0,8.477308516807145,66.27026897384955,11615.305406882275,1804952.6478651373,2514597.393262281,3100770.3123441073,3713243.9835889433,3732464.7538169124,2527430.705454888,2637847.3889728417,
0.0,0.0,16.397148024065626,2861.0219083258708,16658.428505723554,1748534.3261702086,1617047.4506259656,3585125.263016275,3970072.7120700874,3678964.660648677,2705234.115708987,3592726.448538322,2775346.7439470063,
0.0,8.158983795931155,2829.893245606367,1345241.642172389,2301643.421642844,2843469.103113689,3455185.5836955877,3151414.979655309,4289541.253641318,3744227.271642629,3288433.0209154924,2597538.552259447,2957430.7527260385,
0.0,10.96469399429038,5048.16882818942,1201783.8369249974,349114.04256042064,2597501.486798972,3613057.38537618,3667678.020905615,4004015.695516749,3430719.5926296064,4198934.931955068,3004388.7599208406,0.0,
0.019852450282639413,9.736598983842953,2253.4559986167087,11380.79215682883,2022574.2503546095,178350.35201149498,2930920.231484891,3606673.317159955,3661196.023024086,4037074.7799490127,3018450.532277061,3534084.160621898,0.0,
0.015239140784792424,5.552830404639875,2165.804776311627,1179864.2939124603,1249458.2930224885,2593333.0912763746,1115164.5898080983,2877661.9055612143,3026231.8791651092,3328592.189355792,3190369.9181469483,0.0,0.0,
0.010404118805381904,5.442490713103463,2359.589599113256,379622.05341623334,2029920.0684274246,1395475.1536359375,1644544.522538229,1858763.869953622,3538885.898959433,2396818.870905759,0.0,0.0,0.0,
0.007747184667350808,2.8911275719876164,236.91323462372725,7039.107011973854,10524.079142708026,13909.105807620723,1906923.8926522161,1539965.6335388576,1645576.0269008125,0.0,0.0,0.0,0.0,
0.002817140675962352,0.16692532055445142,16.670630922754434,699.8003693708911,667868.6233453687,14884.548875889925,2206748.4694860103,1856882.3888838268,0.0,0.0,0.0,0.0,0.0,
0.0,0.02974673658438673,0.976420242744186,663.9029503381041,857.0873199506353,332062.5094970255,0.0,0.0,0.0,0.0,0.0,0.0,0.0,
0.0,0.0,0.0,0.0,0.0,0.0,0.0,938995.5470570792,1632.0975069539347,11674.078319210896,1237489.2998045934,972620.6152154125,0.0,
0.0,0.0,0.0,0.0,0.0,6061.4175123570885,1325996.339681148,23695.181351500938,266896.1276189369,2032510.6938129757,2660777.574357979,3106363.729029907,2112540.5428470094,
0.0,0.0,0.0,0.0,571.390709112641,441431.1886643488,1426086.079599496,2992619.6294086883,2149127.943056904,1626429.0664471146,1788508.6497087583,1322799.7506294423,2276535.5615993952,
0.0,0.0,0.0,19.839120894844555,403.76288099957344,18438.859600272906,2157252.100843242,2797614.4850104176,3323364.308152334,3869951.5303934896,3883952.719038291,2810269.764576388,2908634.294130253,
0.0,0.0,38.022850898769754,4930.892475358326,68687.01115581885,2104829.5365837566,1998915.8735741142,3618030.4355881177,4105308.7632012973,3846663.114732709,2976115.33286545,3761727.632888497,3033818.908984943,
0.0,18.970937644896612,4880.224752701239,1737338.4450120244,2596878.7523148423,2918280.3544355277,3640069.464096392,3376829.9588069823,4391214.144592727,3903789.836262263,3495486.01014712,2878761.265521548,3195420.9304690463,
0.0,26.22402307248011,8988.745591254257,1610531.816021036,860780.309142401,2868221.805106392,3779064.7748960513,3835799.0454353606,4136870.045316079,3626170.768167406,4108763.5285832267,3240321.7891695485,0.0,
0.06743345614270736,24.103808033948745,4183.513320735852,18636.168413123905,2345500.9088705173,714925.1528737877,3169074.804193551,3776627.63839984,3829145.908802823,4163611.29953849,3256202.6666502575,3714651.5157161388,0.0,
0.053128024842807084,14.497708214481058,4068.8472706995944,1590486.2730455282,1660542.7856126507,2859630.6359204412,1550344.099466719,3121784.791129604,3260537.7793322154,3530025.4097286593,3406591.044366368,0.0,0.0,
0.03886420463264549,15.138134225457994,5177.525297442209,878054.4919927858,2351940.7331111855,1788755.3261738268,2013567.9605936764,2212676.9357445966,3709800.958041622,2698188.992850157,0.0,0.0,0.0,
0.030356982025185622,9.182884567835707,1193.3842289134595,10812.641211417662,413358.1854544609,22387.169232647073,2244406.2303416724,1926224.9233524464,2021033.467817595,0.0,0.0,0.0,0.0,
0.011949757086225508,1.198945082373574,31.296845286644224,2257.3234552243944,1127737.897009179,22284.35853922499,2512124.269872819,2206233.6641876996,0.0,0.0,0.0,0.0,0.0,
0.0,0.066947838239057,4.928213366401493,1967.8890378074852,3058.7058650101662,829833.847442776,0.0,0.0,0.0,0.0,0.0,0.0,0.0,
0.0,0.0,0.0,0.0,0.0,0.0,0.0,1373069.3410080445,280470.08176708047,19063.256799048737,1648756.7672570883,1415909.9322399814,0.0,
0.0,0.0,0.0,0.0,0.0,12156.109304536616,1720246.3778391157,166547.22538463084,781612.3301536794,2357773.535041583,2922440.338568835,3325961.741473196,2436847.389939176,
0.0,0.0,0.0,0.0,2616.0203229856475,930338.9923445855,1815196.5132463388,3215163.1243376974,2469454.666259668,2007355.8831516507,2152630.151180354,1736656.9941882289,2583801.2893760246,
0.0,0.0,0.0,554.0987771444208,2234.1807910983844,27416.043380924224,2473845.001635497,3052258.4582012515,3523837.529788075,4011665.12872393,3666298.356451681,3064680.902787323,3152479.9957047733,
0.0,0.0,585.4901895463674,427882.2087270872,603911.1795535117,2424843.995822056,2341488.5843600784,3768042.77772178,4227196.020258147,3997417.0561560164,3219109.0202820012,3914677.1248284793,3266431.741050994,
0.0,35.68367739123313,7536.614015821068,2088736.2557433448,2863347.6581725795,3156782.5820324994,3806802.762822722,3578804.974207124,4483137.358354092,4047612.8154707346,3681719.2970136725,3131178.7486240533,3409865.0931293564,
0.0,49.964857266243754,13655.373817810405,1977041.985278744,1319528.7550540841,3112421.7989621595,3929264.24473083,3675006.2261071033,4256561.060550012,3801655.51798485,4111535.5123549234,3444070.6920036185,0.0,
0.16625019441023936,46.87001908270412,6804.752018189665,475757.3272555699,2636823.8552531283,1195790.6450669337,3383777.778593662,3930007.3560925387,3980488.765199933,4277992.325902087,3469645.809831436,3877379.8280431284,0.0,
0.13299778417383054,29.215206101572303,6667.258766071921,1958714.919573014,2030481.2446225744,3100434.6658018776,1940802.57702706,3341947.8227954013,3471282.47241323,3711476.655838954,3601273.4183633407,0.0,0.0,
0.10234026613751783,32.205179530520404,8996.327924076171,1324407.184351951,2642353.963403019,2142215.5330131906,2345166.0688047707,2530757.1624857876,3864848.608277447,2876813.3407665044,0.0,0.0,0.0,
0.08494013141562134,21.920460527628187,3021.6301501189473,431021.44077415206,909588.9630425007,33002.861766819035,2547438.1487719724,2273363.2455460457,2358501.925668837,0.0,0.0,0.0,0.0,
0.03735831131296528,4.315262324792789,307.053637115542,5326.416859390347,1538647.8375772894,213498.51748945663,2786520.504900696,2520732.265013538,0.0,0.0,0.0,0.0,0.0,
0.0,0.2438061345769202,14.427078178107827,3797.8555947787895,6459.29472236919,1275244.3731690932,0.0,0.0,0.0,0.0,0.0,0.0,0.0,
0.0,0.0,0.0,0.0,0.0,0.0,0.0,1763981.5886700272,787707.0120499785,318359.96155772125,2018317.1513679286,1814374.8308800624,0.0,
0.0,0.0,0.0,0.0,0.0,20139.889322064293,2074823.0424759886,696059.0093081716,1243264.208231665,2650648.707236445,3158836.644217557,3524211.4195482577,2728773.4794874038,
0.0,0.0,0.0,0.0,5853.761889696147,1367451.6951968868,2164813.7810293105,3416773.524549622,2757809.931744181,2349340.0887758657,2479098.667091184,2107548.832489616,2860465.6281501744,
0.0,0.0,0.0,2570.655612956832,6115.814152599683,38359.8279322927,2758356.3018940804,3281581.6346213087,3704594.1732196785,4139504.8134003226,3746059.9968903675,3293239.1048986795,3372064.9371161805,
0.0,0.0,3161.2070043184,918422.9565727729,1083295.8419128044,2712552.529802343,2648968.143793715,3923780.231291458,4337234.578780141,4007612.0208103103,3436787.5858225324,4053084.7205218174,3475773.1327928137,
0.0,607.3028413650344,444348.9646489934,2405061.509742179,3104112.2502317443,3190586.468679457,3956916.051744411,3759064.8836985305,4565690.868059243,4177221.5385502963,3849092.978679287,3357192.7862064587,3603088.5279006483,
0.0,620.514841615625,444324.67433269456,2306452.826576644,1731291.1623113172,3332237.8640558063,3542779.39066932,3338031.808603555,4363866.09494933,3959084.498083293,4129863.462429103,3108294.6947809295,0.0,
0.5565831867484877,343.0748463132641,10719.602464161339,969123.8065370268,2900124.811235633,1626344.5545242585,3576406.9763678587,4067897.2173417923,4116865.1805678494,4381245.386779961,3660490.21499325,3676704.661021801,0.0,
0.38375033349650767,52.15753199997622,10299.820326471701,2289437.965768273,2363351.877436637,3318129.5465508006,2291143.476895277,3540495.223528888,3660838.5964402333,3874603.704831072,3776559.7397345603,0.0,0.0,
0.22040570723389513,58.611023784942454,13577.01836020617,1724631.7083090432,2741515.626992736,2460122.8027455094,2643380.846004666,2816635.7597852573,4005157.03151326,2970767.1019768696,0.0,0.0,0.0,
0.19243509593791497,43.90298504173419,25757.041781435586,924480.1194483496,1354580.0084872353,452988.90064931766,2820365.171367017,2585337.314068452,2661828.61951965,0.0,0.0,0.0,0.0,
0.09747398297375315,40.51539870826267,142806.93083434677,10160.175811706084,1907031.3748587007,736248.8958199057,2953297.6996169398,2803835.634221759,0.0,0.0,0.0,0.0,0.0,
0.0,29.618147319292028,61.37282873340795,6383.196237082872,500738.81638894574,1675689.3978829337,0.0,0.0,0.0,0.0,0.0,0.0,0.0,
0.0,0.0,0.0,0.0,0.0,0.0,0.0,2116649.631458599,1244165.8167594413,831241.7163299469,2351009.263989252,2172551.1087376177,0.0,
0.0,0.0,0.0,0.0,0.0,335173.6494896635,2394295.9355834303,1171471.4700652326,1658105.0120349634,2914816.990888818,3372393.5250026044,3703182.091948543,2991550.913847587,
0.0,0.0,0.0,0.0,10016.1653438159,1758410.1365603812,2479172.9378912104,3599473.2911637705,2735451.1067706198,2656177.136525104,2772229.098133724,2440404.040261171,3109573.5407321504,
0.0,0.0,0.0,5795.016299816248,11617.082401515281,50757.41476515424,3014043.7474279017,3487955.7264367663,3867024.824746934,4074782.5062022256,3902196.77333033,3499033.411098852,3569606.935606507,
0.0,0.0,480296.8727207831,1358085.0926093757,1512699.4812771268,2971144.8895234927,2924880.170064388,4063954.734587699,3944423.038596738,3610650.4515112224,3631331.283767455,4177752.9626784953,3506988.2864543116,
0.0,2660.8588710271783,935101.6814957188,2690869.1995190624,3321562.3930506194,3404493.295060439,4091831.1861155843,3919349.7212368413,4638835.594668707,4293092.076543451,3501027.666625441,3558875.270837647,3776793.1567609287,
0.0,2940.185113416679,936885.7714933521,2603057.8688561167,2100821.6326984083,3529869.566077304,3599030.6317517124,3159687.838477157,4459684.401139928,4100187.0087143998,4248203.407259525,2814703.816682498,0.0,
271.5827484349305,306737.73754934425,16298.78116389904,1410983.1510861388,3138085.407635362,2011702.2157004878,3748691.2940321956,3847999.3494973895,4239370.020793075,4474600.93974491,3830934.68106801,3844484.873877782,0.0,
136.02942303003417,221.22888323828798,14743.877964168558,2586499.645859664,2662296.8247300284,3514345.163698876,2605196.989851785,3719160.1336048963,3587103.669212158,4021472.6572982874,3934377.386664819,0.0,0.0,
0.4983795638191992,106.63173269678008,105651.92990853573,2083406.0200475552,2478062.476434113,2746027.567548553,2912117.5449265298,3073491.9384790226,4132329.731317944,3214529.115764054,0.0,0.0,0.0,
0.6211682346772112,531.0820698050459,560147.8910823927,1366526.2704600124,1753624.1791226368,955408.0694793464,3066672.81592185,2865496.9842926874,2934470.270080037,0.0,0.0,0.0,0.0,
1.1079919334157835,1115.538298721096,661453.7734608585,16938.37585568491,2238465.84318858,1205557.4552266656,3104776.7769308393,3058243.143631929,0.0,0.0,0.0,0.0,0.0,
0.0,649.7566932431662,709.5906983987321,10004.382573958002,986996.8919663138,2036957.543794597,0.0,0.0,0.0,0.0,0.0,0.0,0.0,
0.0,0.0,0.0,0.0,0.0,0.0,0.0,2434805.5823321133,1655093.1902003228,1291892.5742461216,2650593.4051681,2494515.7787137213,0.0,
0.0,0.0,0.0,0.0,0.0,846131.4019993307,2682732.404064437,1598321.3191834362,2030843.2380186943,3153041.0088354545,3565305.782129419,3864743.288674392,3048356.190849177,
0.0,0.0,0.0,0.0,14970.388030840115,2108749.926779543,2761832.9325883477,3764888.41058716,2971193.49139137,2930396.7582006482,3034865.579892655,2739092.564934054,3333776.281704549,
0.0,0.0,0.0,254456.88298155693,198039.55719767112,64228.89388433907,3243832.9513630667,3672956.606016781,3539817.1238863287,3737081.498362856,4042088.642050991,3684335.8959156205,3747467.088423916,
0.0,0.0,970625.9586180622,1752778.098576389,1897394.170429961,3203745.1339229294,3172438.601527066,3864029.4942237698,3911027.333350872,3446162.6823166343,3804784.8127204417,4289776.6504744245,3693332.259331109,
0.0,5916.2512618108285,1375232.9791653713,2949111.5819051107,3518118.940688213,3597318.0847860267,4213597.963482421,4062514.7621005606,4703928.150482649,4396169.80778988,3171755.9394883746,3738668.8673456167,3933241.245723805,
0.0,7864.19338364594,1378393.652659134,2870159.1375014717,2432632.523181544,3708273.1310663824,3772978.4439432384,3386582.6015365343,4545804.6945737945,3990123.7175205387,4353562.546458928,2692363.591709281,0.0,
1956.1256574141535,807232.335792249,146066.62590230658,1806747.326829387,3353124.2614680436,2357158.545443874,3903966.8015190577,3997088.0701702856,4348853.808511989,4343725.332281988,3983112.932584388,3525809.509429639,0.0,
979.2062349649225,1130.7556208958138,20334.66835298004,2853849.3030904373,2930607.0731153833,3691023.430524452,2886800.5402427753,3879518.0851096064,3518926.1057804995,4152969.5467195073,4076462.6974675283,0.0,0.0,
2.6554541470589013,697.3318129217834,634873.0763935423,2405740.4031730476,2240199.2526409617,3003002.394421952,3154304.3117515035,3303573.4317410323,3866277.7368771033,3432941.0797789395,0.0,0.0,0.0,
3.041123094631308,2271.2721987128953,1039091.508323503,1763109.697395947,2111508.982831146,1406280.2132818229,3289187.790818553,3117094.2566832458,3179099.643043502,0.0,0.0,0.0,0.0,
6.391950527338315,3590.284167026208,1125686.7098622378,380809.0979627904,2536863.3808964426,1627137.7671152782,3323714.4515112233,3287304.269261289,0.0,0.0,0.0,0.0,0.0,
0.0,2114.636334012849,336694.52929155726,14931.059016074694,1422965.0996137592,2362872.324987344,0.0,0.0,0.0,0.0,0.0,0.0,0.0,
0.0,0.0,0.0,0.0,0.0,0.0,0.0,2721818.4736216706,2025026.1178710214,1705636.8544640308,2920362.383939548,2783932.923668247,0.0,
0.0,0.0,0.0,0.0,0.0,1305045.747311776,2943205.850080517,1981578.2193367835,2365576.057483278,3367680.874349618,3739557.492040224,4010583.0787711907,3219040.682619756,
0.0,0.0,0.0,0.0,21685.05941639309,2423679.0903342944,3016308.85483925,3914057.1420913986,2684421.527037455,3175677.608548505,3270416.855594745,3006773.7585538095,3535039.0619534613,
0.0,0.0,0.0,767628.1774874108,719218.7288216801,542597.4705068035,3450265.2706917753,3316628.9192081327,3719812.2203625324,3895901.753808962,3918037.5860120025,3851091.915662798,3907654.6545830476,
0.0,0.0,1411647.9091699915,2108304.2646541595,2242900.228080064,3413231.919793017,3393855.921639259,3703506.5201276527,3595914.3825037964,3109927.3469527145,3959286.0687329327,4390556.579340654,3860913.328252905,
0.0,438527.419537198,1770308.4248661916,3182380.2724573724,3508053.53087363,3770993.9722533617,4178024.554383076,4190223.1097570327,4271130.9355841605,4486857.818677685,3087655.8070282587,3899139.968005506,4074241.877268977,
0.0,219229.08734581986,1774833.6103964422,3111190.959575958,2730530.630406549,3869243.142453953,3929673.2836252414,3589642.6094921306,4622683.77976146,3611834.8298202874,4446334.181195227,2434449.8158869804,0.0,
219750.4869099002,1254875.7887757611,673679.4440282768,2161790.437113899,3547433.625247405,2666875.750424594,4044356.108436838,4053304.477321401,4446028.6098379865,4007293.5277416627,4118491.5244365013,3709992.3320738147,0.0,
2519.7308302338324,3251.731874602478,27612.164498638085,3094731.882718995,3171745.8015065086,3850425.4169147126,3139533.0233670147,4023914.666271298,3322114.184740408,4270210.435923593,4204376.228369448,0.0,0.0,
10.089436867120844,1996.3584758680054,1108322.4388027748,2695928.0087018874,2499194.018787922,3234293.523574073,3372533.192259146,3379235.4181300434,3976115.4073887807,3628264.12721379,0.0,0.0,0.0,
10.333423373012755,5271.45471349733,1468622.8600984025,2119806.226070218,2433383.5448230393,1810901.0933784905,3490180.248280386,3342843.3305334514,3398221.0744800745,0.0,0.0,0.0,0.0,
19.40782713195145,7164.984364589479,1542392.2871872915,884846.3054972701,2806093.5085095773,2005858.563474338,3515844.47970829,3493563.2180623747,0.0,0.0,0.0,0.0,0.0,
0.0,4835.328041320653,836054.9715488619,22611.883991634477,1813858.6934729354,2656880.5178360078,0.0,0.0,0.0,0.0,0.0,0.0,0.0,
0.0,0.0,0.0,0.0,0.0,0.0,0.0,2980729.3747874466,2358049.3984930846,2077254.2864756752,3163281.08590019,3044095.5373603175,0.0,
0.0,0.0,0.0,0.0,0.0,1717223.7873033073,3178412.221406861,2325697.9847111437,2665912.1456425404,3560797.478281999,3896943.668038224,4142226.303157339,3433783.5106387795,
0.0,0.0,0.0,0.0,179826.62728502892,2707469.498411659,3198275.24187391,4047999.50469364,2635689.687267965,3395433.9493265403,3481582.0613733903,3246579.161470289,3716316.4307571547,
0.0,0.0,0.0,1229204.52383546,1186973.6385885216,1040103.3569745733,3635898.646769532,3254691.6380282114,3879365.059924739,4037228.5537943435,3904728.991179894,4000759.5513624772,4051924.067506618,
0.0,0.0,1808322.825638714,2428835.565240375,2553291.506827899,3601799.566344764,3591501.539152204,3565192.027045515,3417893.23481151,2997344.9531401903,4097057.0828324673,4481795.977923236,4011563.2384763816,
0.0,932405.1506048167,2126071.190380965,3392498.089551078,3170746.186299257,3926783.742332726,4292507.812559617,4303629.535658476,4376043.251898911,4567079.505241862,3322818.384584904,4042791.671811081,3999958.6886723293,
0.0,739502.4306174406,2131640.9061325253,3328337.6607419434,2997386.888897896,3903193.2111878064,4070767.610343728,3770966.031963963,4690830.551361421,3441214.6732373443,4500729.51385756,2243536.3958455054,0.0,
733744.052453444,1656914.1695161355,1146506.431107475,2480599.099041853,3722980.6197717376,2944472.8677499336,4170817.051566424,3943166.2557729473,4531766.424186621,4141656.744716374,4239555.3147834595,3875670.095892422,0.0,
5961.241449611773,398929.30507064814,232860.44975875271,3311819.601859921,3388665.489210827,3774400.685256775,3365902.3615199844,4152557.5258897645,3114108.3590276395,4375078.18759199,4319524.726160469,0.0,0.0,
428687.25009297,528755.0546707741,1532349.9139158875,2957434.791184155,2575009.3341813376,3442663.181562119,3568611.067336919,3046220.4775420954,3990140.879807188,3803710.2621952775,0.0,0.0,0.0,
695.7102743744725,9651.432093415555,1853847.0582599395,2440935.0268065236,2723181.469971867,2174022.6531249797,3670739.129200457,3544809.1265529646,3595267.5966933426,0.0,0.0,0.0,0.0,
43.041978468932236,11588.138838062938,1916564.691539468,1336977.9035437258,3049042.535419982,2345657.761983748,3162751.024058681,3678440.6306801424,0.0,0.0,0.0,0.0,0.0,
0.0,141937.61341425084,1283437.727342977,32571.083591939416,2164353.5550049283,2922093.8950536293,0.0,0.0,0.0,0.0,0.0,0.0,0.0,
0.0,0.0,0.0,0.0,0.0,0.0,0.0,3214282.5966826607,2657841.3569403584,2411037.8366806326,3382020.16222274,3277963.1445856546,0.0,
0.0,0.0,0.0,0.0,0.0,2087431.1809196107,3390317.3085805173,2634086.852383123,2935843.8242709367,3735124.6400562706,4039088.935142865,4261051.075476274,3626984.6527488176,
0.0,0.0,0.0,0.0,706441.3915214367,2963298.3028371986,2883941.2647950207,3876839.836345903,2914093.196497505,3592665.4145332724,3671341.942874326,3461875.720927282,3879564.880026742,
0.0,0.0,0.0,1644373.3488094269,1607365.5066841193,1485637.3849174175,3802837.342407263,3466443.809014825,3620332.891265435,4164367.9921479216,4047578.10470473,4135509.459127523,4021245.5175599377,
0.0,0.0,2165113.8046208117,2717808.537914748,2832161.120261191,3771554.0928414324,3768450.423200998,3277833.208838715,3614309.0082473247,3241706.1835927884,4221084.307659955,4564492.937250123,4146519.6240960993,
0.0,1376721.1418672616,2446598.291617962,3581779.132973689,3197717.854811646,4066139.946431659,4394683.938832989,4404833.20687997,3966335.9900445943,4539054.641652375,3532932.184437947,4170639.441540118,3969038.096300133,
0.0,1207056.1018262121,2452926.7338922406,3523976.961243071,3235925.44556912,3527984.1295217024,4197402.8963305345,3933208.486571612,4752116.33480333,3639398.882589531,4046114.3632955356,2037656.6438955863,0.0,
1194709.1806036134,2018848.0650586642,1571397.485087461,2767469.786159568,3881031.925518597,3192204.718937471,4284494.599282667,4085883.150489194,4608656.184291903,4261404.88723848,4347445.639702177,3705661.610649431,0.0,
12636.387062623147,895445.8841948379,755512.6529909128,3508054.387523089,3583333.5969377407,3573216.1703227875,3568430.1874476657,4267525.955428599,2987653.0699503575,4468860.666610697,4423178.002805352,0.0,0.0,
917363.7097642354,1008796.1814632488,1913121.8699926168,3193172.43238358,2856993.849168857,3629911.8304463727,3744725.6401937837,3086697.352737436,3924949.089883975,3960527.9941585395,0.0,0.0,0.0,
2845.889548265168,23928.507269070386,2199343.615662535,2730121.370975824,2984179.560517713,2499904.34078503,3832526.864737746,3724673.2011757595,3632887.8165903147,0.0,0.0,0.0,0.0,
81.50627556095634,16649.552471902723,2253107.6322206156,1742559.524835752,3268266.1210768386,2650184.6037775395,2881240.1067356504,3843439.638999135,0.0,0.0,0.0,0.0,0.0,
0.0,665763.9092449215,1685383.6465043987,44247.75250983656,2478638.081010611,3161320.5121017243,0.0,0.0,0.0,0.0,0.0,0.0,0.0,
