0, 1001365, 0, 0, 0, 0.0,
1, 991352, 10011, 2, 0, 0.0,
2, 966, 990217, 10184, 0, 5357306880.0,
3, 0, 983766, 17597, 0, 11523871744.0,
4, 0, 943567, 57798, 0, 28641531904.0,
5, 0, 850494, 150868, 2, 79698522112.0,
6, 0, 712402, 288949, 14, 188747767808.0,
7, 0, 555280, 446025, 63, 367384068096.0,
8, 0, 405834, 595316, 221, 611263479808.0,
9, 0, 280432, 720270, 655, 904713863168.0,
10, 0, 184738, 814889, 1740, 1227357487104.0,
11, 1, 116729, 880379, 4260, 1561080102912.0,
12, 0, 71224, 920658, 9500, 1887684001792.0,
13, 7, 42112, 939776, 19451, 2203550875648.0,
14, 1, 24303, 940633, 36463, 2483668910080.0,
15, 1, 13721, 924798, 62843, 2732328091648.0,
16, 1, 7650, 893207, 100494, 2935211556864.0,
17, 2, 4272, 846848, 150175, 3134546771968.0,
18, 2, 2526, 787424, 211368, 3235062874112.0,
19, 2, 1657, 717335, 282339, 3342754381824.0,
20, 2, 1301, 639942, 360115, 3373053771776.0,
21, 3, 1199, 558934, 441207, 3357105192960.0,
22, 3, 1260, 478019, 522076, 3287726948352.0,
23, 4, 1384, 400394, 599563, 3182947205120.0,
24, 4, 1529, 328983, 670841, 3076583587840.0,
25, 4, 1652, 265303, 734414, 2913705918464.0,
26, 5, 1758, 210362, 789244, 2753900314624.0,
27, 5, 1833, 164397, 835118, 2583945019392.0,
28, 5, 1868, 126986, 872522, 2394696712192.0,
29, 6, 1854, 97286, 902192, 2219307827200.0,
30, 6, 1814, 74450, 925101, 2042124435456.0,
31, 6, 1721, 57207, 942425, 1869600325632.0,
32, 6, 1628, 44609, 955128, 1711777120256.0,
33, 6, 1514, 35654, 964204, 1564618194944.0,
34, 7, 1385, 29474, 970499, 1426204393472.0,
35, 6, 1253, 25400, 974700, 1297658281984.0,
36, 6, 1121, 22844, 977387, 1179193049088.0,
37, 7, 1000, 21410, 978960, 1071679340544.0,
38, 6, 895, 20687, 979769, 977430904832.0,
39, 6, 797, 20482, 980063, 889769295872.0,
40, 6, 712, 20616, 980024, 810788192256.0,
41, 7, 645, 20899, 979818, 740761501696.0,
42, 6, 590, 21302, 979453, 678052102144.0,
43, 7, 552, 21737, 979064, 622236139520.0,
44, 7, 523, 22167, 978661, 572040216576.0,
45, 7, 513, 22551, 978287, 526719844352.0,
46, 8, 512, 22904, 977943, 486164545536.0,
47, 7, 520, 23185, 977666, 449838825472.0,
48, 8, 533, 23391, 977439, 417320763392.0,
49, 8, 555, 23552, 977271, 388126916608.0,
50, 8, 584, 23634, 977135, 361971859456.0,
51, 8, 613, 23651, 977090, 338440192000.0,
52, 8, 645, 23627, 977082, 317286678528.0,
53, 8, 678, 23557, 977116, 298229956608.0,
54, 9, 711, 23453, 977189, 281013108736.0,
55, 9, 748, 23321, 977281, 265401573376.0,
56, 9, 784, 23130, 977456, 251322048512.0,
57, 9, 813, 22907, 977628, 238519271424.0,
58, 11, 847, 22686, 977822, 226869731328.0,
59, 10, 873, 22468, 978016, 216265072640.0,
60, 10, 899, 22233, 978218, 206620426240.0,
61, 10, 923, 21987, 978441, 197797576704.0,
62, 10, 942, 21747, 978666, 189734330368.0,
63, 10, 959, 21513, 978884, 182345383936.0,
64, 11, 974, 21301, 979082, 175568846848.0,
65, 11, 982, 21099, 979269, 169358622720.0,
66, 11, 990, 20923, 979439, 163681222656.0,
67, 12, 999, 20769, 979584, 158466310144.0,
68, 12, 999, 20618, 979740, 153717260288.0,
69, 11, 1006, 20481, 979854, 149342019584.0,
70, 12, 1006, 20360, 979968, 145324589056.0,
71, 11, 999, 20307, 980049, 141662707712.0,
72, 12, 999, 20236, 980115, 138363617280.0,
73, 12, 997, 20194, 980169, 135372525568.0,
74, 13, 983, 20163, 980215, 132675170304.0,
75, 12, 977, 20143, 980251, 130192683008.0,
76, 13, 965, 20132, 980247, 127957291008.0,
77, 13, 957, 20127, 980251, 125946015744.0,
78, 13, 950, 20148, 980248, 124193472512.0,
79, 13, 943, 20179, 980230, 122591916032.0,
80, 13, 930, 20232, 980191, 121166041088.0,
81, 14, 929, 20291, 980134, 119919525888.0,
82, 13, 922, 20339, 980089, 118778646528.0,
83, 14, 913, 20376, 980049, 117808898048.0,
84, 14, 907, 20447, 979989, 116984369152.0,
85, 15, 905, 20504, 979958, 116261920768.0,
86, 15, 896, 20546, 979903, 115634724864.0,
87, 15, 888, 20637, 979820, 115082567680.0,
88, 16, 886, 20682, 979793, 114640842752.0,
89, 15, 875, 20723, 979727, 114272862208.0,
90, 15, 877, 20771, 979697, 113974603776.0,
91, 16, 875, 20821, 979654, 113726402560.0,
92, 15, 875, 20853, 979614, 113545789440.0,
93, 17, 868, 20905, 979570, 113407234048.0,
94, 17, 866, 20944, 979532, 113269968896.0,
95, 17, 872, 20990, 979486, 113178947584.0,
96, 16, 875, 21025, 979451, 113125855232.0,
97, 16, 881, 21055, 979421, 113059606528.0,
98, 16, 875, 21061, 979400, 113036894208.0,
99, 17, 874, 21075, 979407, 113040822272.0,
100, 17, 876, 21072, 979390, 113045635072.0,
101, 16, 878, 21089, 979371, 113025556480.0,
102, 18, 880, 21096, 979375, 113030381568.0,
103, 17, 892, 21095, 979366, 113046155264.0,
104, 17, 885, 21079, 979373, 113046044672.0,
105, 17, 886, 21070, 979374, 113061617664.0,
106, 18, 886, 21057, 979397, 113035743232.0,
107, 18, 888, 21070, 979373, 112997023744.0,
108, 18, 899, 21048, 979398, 112949436416.0,
109, 18, 898, 21049, 979401, 112917295104.0,
110, 18, 900, 21039, 979413, 112918368256.0,
111, 19, 900, 21011, 979429, 112908800000.0,
112, 19, 902, 21011, 979429, 112892903424.0,
113, 18, 902, 20997, 979445, 112849981440.0,
114, 19, 899, 20984, 979457, 112812859392.0,
115, 20, 905, 20973, 979456, 112772063232.0,
116, 19, 913, 20961, 979474, 112724705280.0,
117, 20, 916, 20951, 979480, 112692420608.0,
118, 20, 911, 20947, 979497, 112652361728.0,
119, 20, 913, 20943, 979502, 112640507904.0,
120, 20, 908, 20944, 979502, 112604663808.0,
121, 20, 907, 20935, 979508, 112574586880.0,
122, 21, 906, 20921, 979509, 112545677312.0,
123, 21, 912, 20913, 979525, 112489938944.0,
124, 20, 911, 20903, 979533, 112452153344.0,
125, 21, 909, 20911, 979523, 112419565568.0,
126, 21, 909, 20886, 979550, 112398118912.0,
127, 22, 908, 20909, 979537, 112367820800.0,
128, 21, 906, 20889, 979542, 112330551296.0,
129, 22, 906, 20901, 979541, 112256065536.0,
130, 23, 907, 20896, 979527, 112231870464.0,
131, 22, 910, 20896, 979545, 112186761216.0,
132, 21, 912, 20887, 979555, 112154406912.0,
133, 22, 913, 20890, 979533, 112135786496.0,
134, 23, 910, 20899, 979522, 112138219520.0,
135, 23, 909, 20894, 979528, 112132993024.0,
136, 22, 905, 20894, 979537, 112111673344.0,
137, 23, 904, 20904, 979535, 112103755776.0,
138, 23, 907, 20891, 979538, 112118841344.0,
139, 23, 908, 20886, 979552, 112131346432.0,
140, 23, 912, 20896, 979533, 112113070080.0,
141, 23, 907, 20883, 979556, 112090034176.0,
142, 24, 907, 20890, 979551, 112058900480.0,
143, 24, 913, 20882, 979539, 112034721792.0,
144, 24, 912, 20888, 979542, 112034537472.0,
145, 24, 910, 20882, 979538, 112036311040.0,
146, 24, 913, 20888, 979530, 111995088896.0,
147, 25, 917, 20907, 979528, 111965495296.0,
148, 24, 915, 20904, 979532, 111944384512.0,
149, 24, 914, 20894, 979534, 111927705600.0,
150, 25, 913, 20893, 979546, 111922143232.0,
151, 24, 912, 20881, 979555, 111938789376.0,
152, 25, 904, 20899, 979542, 111960621056.0,
153, 25, 905, 20892, 979538, 111966646272.0,
154, 25, 907, 20897, 979535, 111981117440.0,
155, 26, 909, 20902, 979516, 111999377408.0,
156, 26, 913, 20920, 979503, 112029601792.0,
157, 25, 912, 20933, 979495, 112050335744.0,
158, 26, 914, 20936, 979487, 112076840960.0,
159, 26, 909, 20944, 979488, 112097652736.0,
160, 25, 913, 20925, 979493, 112109780992.0,
161, 26, 913, 20939, 979492, 112089214976.0,
162, 25, 916, 20932, 979507, 112092164096.0,
163, 26, 910, 20930, 979489, 112072142848.0,
164, 27, 908, 20944, 979493, 112088076288.0,
165, 28, 906, 20930, 979496, 112091590656.0,
166, 27, 910, 20931, 979491, 112112099328.0,
167, 29, 909, 20933, 979494, 112091406336.0,
168, 27, 913, 20929, 979505, 112108126208.0,
169, 26, 912, 20921, 979506, 112112361472.0,
170, 28, 914, 20919, 979510, 112115781632.0,
171, 28, 912, 20922, 979504, 112155336704.0,
172, 28, 914, 20918, 979513, 112166363136.0,
173, 28, 914, 20936, 979495, 112167628800.0,
174, 30, 908, 20933, 979486, 112180166656.0,
175, 30, 905, 20922, 979501, 112165736448.0,
176, 28, 910, 20922, 979487, 112188833792.0,
177, 30, 913, 20925, 979496, 112150491136.0,
178, 29, 917, 20930, 979480, 112166047744.0,
179, 28, 915, 20937, 979482, 112174272512.0,
180, 29, 918, 20945, 979485, 112163614720.0,
181, 29, 924, 20911, 979513, 112167292928.0,
182, 29, 921, 20925, 979500, 112173187072.0,
183, 31, 913, 20921, 979503, 112169910272.0,
184, 30, 915, 20910, 979500, 112146141184.0,
185, 30, 913, 20917, 979490, 112187473920.0,
186, 30, 911, 20929, 979489, 112191131648.0,
187, 31, 915, 20943, 979489, 112212918272.0,
188, 31, 916, 20917, 979495, 112179429376.0,
189, 30, 915, 20921, 979483, 112171843584.0,
190, 30, 919, 20924, 979481, 112163942400.0,
191, 32, 914, 20935, 979467, 112148451328.0,
192, 33, 916, 20920, 979480, 112184922112.0,
193, 32, 917, 20923, 979487, 112187744256.0,
194, 32, 919, 20926, 979474, 112171192320.0,
195, 32, 919, 20926, 979477, 112177872896.0,
196, 31, 912, 20924, 979484, 112167333888.0,
197, 32, 919, 20914, 979504, 112146132992.0,
198, 33, 919, 20925, 979494, 112152698880.0,
199, 33, 923, 20913, 979497, 112154308608.0,
200, 32, 923, 20917, 979486, 112126332928.0,
201, 33, 922, 20938, 979477, 112123170816.0,
202, 32, 924, 20940, 979480, 112123392000.0,
203, 33, 919, 20941, 979464, 112118403072.0,
204, 33, 922, 20952, 979448, 112132419584.0,
205, 33, 914, 20940, 979474, 112124502016.0,
206, 34, 911, 20934, 979488, 112125202432.0,
207, 33, 918, 20941, 979475, 112146235392.0,
208, 34, 918, 20934, 979481, 112193855488.0,
209, 33, 918, 20937, 979475, 112185569280.0,
210, 34, 916, 20939, 979474, 112178466816.0,
211, 33, 917, 20934, 979480, 112188936192.0,
212, 35, 913, 20942, 979477, 112195080192.0,
213, 34, 915, 20932, 979487, 112187736064.0,
214, 35, 914, 20924, 979487, 112133857280.0,
215, 33, 919, 20913, 979485, 112128274432.0,
216, 35, 918, 20915, 979506, 112118075392.0,
217, 34, 914, 20919, 979497, 112119894016.0,
218, 35, 914, 20932, 979485, 112128503808.0,
219, 35, 921, 20927, 979487, 112127352832.0,
220, 37, 925, 20928, 979475, 112111558656.0,
221, 36, 920, 20921, 979491, 112129630208.0,
222, 37, 920, 20928, 979481, 112146817024.0,
223, 36, 920, 20918, 979494, 112186753024.0,
224, 36, 925, 20905, 979505, 112184881152.0,
225, 35, 924, 20903, 979501, 112164069376.0,
226, 36, 925, 20918, 979476, 112147062784.0,
227, 37, 922, 20924, 979481, 112152469504.0,
228, 35, 925, 20926, 979480, 112140050432.0,
229, 36, 922, 20953, 979451, 112137621504.0,
230, 36, 922, 20936, 979472, 112168103936.0,
231, 36, 925, 20928, 979461, 112150380544.0,
232, 37, 924, 20926, 979483, 112174710784.0,
233, 36, 921, 20938, 979469, 112205475840.0,
234, 37, 917, 20935, 979473, 112198262784.0,
235, 37, 920, 20937, 979451, 112196620288.0,
236, 38, 921, 20933, 979452, 112194367488.0,
237, 38, 926, 20936, 979452, 112198168576.0,
238, 37, 926, 20941, 979468, 112224931840.0,
239, 39, 926, 20943, 979468, 112237326336.0,
240, 37, 923, 20951, 979457, 112218419200.0,
241, 38, 926, 20932, 979475, 112214220800.0,
242, 39, 923, 20943, 979465, 112267833344.0,
243, 40, 921, 20945, 979459, 112249020416.0,
244, 38, 931, 20954, 979447, 112225095680.0,
245, 39, 925, 20953, 979445, 112243785728.0,
246, 39, 927, 20963, 979448, 112267890688.0,
247, 42, 924, 20957, 979442, 112218292224.0,
248, 40, 920, 20953, 979449, 112214396928.0,
249, 41, 917, 20947, 979449, 112184729600.0,
250, 41, 919, 20942, 979458, 112200077312.0,
251, 39, 922, 20919, 979481, 112215351296.0,
252, 40, 917, 20913, 979492, 112228282368.0,
253, 40, 921, 20923, 979483, 112227061760.0,
254, 40, 921, 20918, 979480, 112193216512.0,
255, 40, 922, 20936, 979453, 112191860736.0,
256, 41, 921, 20943, 979461, 112190332928.0,
257, 39, 920, 20949, 979462, 112170762240.0,
258, 41, 916, 20923, 979488, 112171003904.0,
259, 40, 920, 20920, 979483, 112179187712.0,
260, 41, 921, 20921, 979468, 112194445312.0,
261, 41, 921, 20922, 979469, 112184520704.0,
262, 42, 927, 20932, 979456, 112194682880.0,
263, 42, 926, 20934, 979472, 112195174400.0,
264, 41, 921, 20945, 979457, 112196726784.0,
265, 42, 927, 20928, 979466, 112207048704.0,
266, 42, 927, 20945, 979459, 112208990208.0,
267, 42, 923, 20928, 979457, 112240934912.0,
268, 42, 925, 20923, 979450, 112259641344.0,
269, 42, 929, 20928, 979455, 112250454016.0,
270, 42, 928, 20946, 979441, 112244604928.0,
271, 44, 932, 20954, 979445, 112212459520.0,
272, 43, 931, 20951, 979438, 112219361280.0,
273, 43, 927, 20951, 979426, 112223719424.0,
274, 43, 931, 20947, 979442, 112241360896.0,
275, 43, 931, 20927, 979463, 112237178880.0,
276, 43, 924, 20925, 979473, 112252010496.0,
277, 43, 928, 20920, 979476, 112266506240.0,
278, 43, 929, 20939, 979456, 112250490880.0,
279, 43, 923, 20939, 979445, 112255168512.0,
280, 43, 929, 20942, 979454, 112237215744.0,
281, 44, 921, 20936, 979467, 112243265536.0,
282, 43, 925, 20926, 979482, 112253157376.0,
283, 45, 926, 20941, 979466, 112208719872.0,
284, 45, 931, 20923, 979461, 112169914368.0,
285, 44, 933, 20914, 979463, 112162775040.0,
286, 44, 936, 20921, 979453, 112148848640.0,
287, 46, 932, 20938, 979450, 112165535744.0,
288, 44, 934, 20930, 979443, 112192913408.0,
289, 44, 932, 20931, 979457, 112184102912.0,
290, 48, 931, 20927, 979453, 112180715520.0,
291, 47, 936, 20924, 979444, 112163110912.0,
292, 46, 930, 20940, 979437, 112185331712.0,
293, 46, 935, 20946, 979432, 112212004864.0,
294, 45, 929, 20949, 979428, 112220094464.0,
295, 46, 931, 20960, 979430, 112216621056.0,
296, 46, 925, 20970, 979426, 112206200832.0,
297, 46, 928, 20953, 979435, 112252297216.0,
298, 47, 924, 20959, 979439, 112269545472.0,
299, 47, 925, 20937, 979443, 112266379264.0,
300, 45, 931, 20951, 979435, 112250789888.0,
301, 47, 927, 20957, 979431, 112252891136.0,
302, 48, 937, 20942, 979444, 112271507456.0,
303, 46, 929, 20943, 979450, 112299843584.0,
304, 46, 926, 20947, 979445, 112285515776.0,
305, 45, 930, 20942, 979448, 112279576576.0,
306, 48, 933, 20942, 979444, 112277475328.0,
307, 47, 930, 20945, 979437, 112270249984.0,
308, 48, 928, 20953, 979421, 112257974272.0,
309, 48, 932, 20945, 979431, 112289521664.0,
310, 48, 928, 20934, 979454, 112278241280.0,
311, 47, 931, 20948, 979441, 112269053952.0,
312, 49, 928, 20931, 979444, 112275091456.0,
313, 47, 934, 20933, 979444, 112279425024.0,
314, 47, 933, 20948, 979429, 112253251584.0,
315, 47, 930, 20949, 979423, 112235659264.0,
316, 49, 928, 20943, 979435, 112240951296.0,
317, 48, 936, 20937, 979452, 112224690176.0,
318, 49, 933, 20935, 979450, 112232288256.0,
319, 51, 938, 20938, 979420, 112241758208.0,
320, 49, 936, 20944, 979427, 112261177344.0,
321, 48, 938, 20942, 979426, 112294027264.0,
322, 50, 936, 20963, 979423, 112326008832.0,
323, 50, 933, 20955, 979436, 112302321664.0,
324, 52, 927, 20951, 979421, 112274071552.0,
325, 49, 936, 20962, 979421, 112261529600.0,
326, 50, 935, 20955, 979432, 112241070080.0,
327, 50, 936, 20948, 979439, 112264884224.0,
328, 50, 939, 20944, 979446, 112282492928.0,
329, 50, 933, 20944, 979432, 112269307904.0,
330, 51, 930, 20954, 979434, 112228769792.0,
331, 49, 926, 20938, 979455, 112218247168.0,
332, 50, 933, 20940, 979433, 112217153536.0,
333, 51, 934, 20938, 979453, 112198512640.0,
334, 51, 937, 20946, 979446, 112172339200.0,
335, 52, 939, 20931, 979455, 112176603136.0,
336, 52, 934, 20931, 979451, 112194822144.0,
337, 52, 940, 20933, 979454, 112187125760.0,
338, 51, 943, 20920, 979446, 112190038016.0,
339, 51, 945, 20926, 979437, 112198885376.0,
340, 50, 938, 20921, 979460, 112205135872.0,
341, 51, 940, 20933, 979439, 112162619392.0,
342, 51, 938, 20934, 979448, 112206819328.0,
343, 51, 935, 20943, 979429, 112212701184.0,
344, 53, 931, 20944, 979426, 112210145280.0,
345, 53, 933, 20947, 979424, 112219148288.0,
346, 51, 933, 20960, 979415, 112228270080.0,
347, 52, 939, 20964, 979415, 112260595712.0,
348, 53, 938, 20965, 979423, 112298885120.0,
349, 53, 938, 20939, 979430, 112288448512.0,
350, 52, 937, 20959, 979415, 112264925184.0,
351, 52, 933, 20969, 979405, 112286814208.0,
352, 53, 935, 20956, 979413, 112294629376.0,
353, 52, 941, 20940, 979425, 112290746368.0,
354, 53, 936, 20961, 979402, 112266215424.0,
355, 53, 941, 20958, 979399, 112271220736.0,
356, 53, 938, 20968, 979411, 112269402112.0,
357, 53, 937, 20970, 979406, 112293527552.0,
358, 52, 937, 20957, 979421, 112328650752.0,
359, 55, 933, 20958, 979414, 112340434944.0,
360, 55, 938, 20954, 979414, 112316469248.0,
361, 54, 937, 20945, 979426, 112316510208.0,
362, 56, 941, 20938, 979430, 112292474880.0,
363, 53, 939, 20947, 979431, 112279945216.0,
364, 54, 938, 20947, 979417, 112259887104.0,
365, 54, 937, 20953, 979421, 112273555456.0,
366, 56, 937, 20951, 979400, 112266645504.0,
367, 55, 943, 20955, 979417, 112287232000.0,
368, 55, 942, 20945, 979425, 112274907136.0,
369, 55, 937, 20930, 979443, 112260263936.0,
370, 55, 940, 20949, 979427, 112243208192.0,
371, 56, 944, 20961, 979405, 112285970432.0,
372, 58, 944, 20955, 979417, 112297320448.0,
373, 57, 945, 20944, 979419, 112292499456.0,
374, 56, 942, 20947, 979425, 112294588416.0,
375, 55, 935, 20943, 979434, 112284622848.0,
376, 57, 933, 20949, 979433, 112236924928.0,
377, 57, 940, 20947, 979428, 112240640000.0,
378, 57, 943, 20947, 979419, 112233865216.0,
379, 56, 934, 20937, 979420, 112254291968.0,
380, 55, 941, 20945, 979425, 112259289088.0,
381, 59, 943, 20937, 979411, 112271220736.0,
382, 57, 938, 20955, 979419, 112255934464.0,
383, 56, 943, 20961, 979400, 112269860864.0,
384, 57, 939, 20957, 979422, 112265715712.0,
385, 55, 937, 20957, 979413, 112255094784.0,
386, 58, 941, 20933, 979433, 112245960704.0,
387, 57, 939, 20942, 979417, 112229916672.0,
388, 59, 939, 20942, 979420, 112235393024.0,
389, 57, 937, 20934, 979413, 112248524800.0,
390, 58, 943, 20944, 979416, 112254291968.0,
391, 57, 943, 20959, 979395, 112250839040.0,
392, 57, 942, 20961, 979403, 112235712512.0,
393, 57, 946, 20960, 979397, 112221294592.0,
394, 58, 936, 20970, 979396, 112225857536.0,
395, 58, 942, 20966, 979396, 112229011456.0,
396, 58, 939, 20966, 979406, 112235995136.0,
397, 56, 942, 20974, 979405, 112242868224.0,
398, 59, 941, 20979, 979388, 112250523648.0,
399, 59, 950, 20958, 979389, 112259715072.0,
400, 58, 944, 20972, 979408, 112289656832.0,
401, 60, 943, 20967, 979386, 112301875200.0,
402, 59, 945, 20965, 979382, 112324358144.0,
403, 59, 939, 20970, 979401, 112333520896.0,
404, 59, 946, 20970, 979395, 112360972288.0,
405, 59, 941, 20987, 979365, 112331669504.0,
406, 61, 939, 20966, 979394, 112373362688.0,
407, 60, 937, 20980, 979395, 112363421696.0,
408, 58, 938, 20963, 979399, 112356212736.0,
409, 61, 940, 20956, 979406, 112402022400.0,
410, 62, 942, 20936, 979436, 112370495488.0,
411, 60, 945, 20928, 979424, 112369188864.0,
412, 59, 945, 20930, 979423, 112341032960.0,
413, 62, 948, 20929, 979421, 112330387456.0,
414, 60, 949, 20926, 979428, 112309067776.0,
415, 59, 951, 20919, 979426, 112294137856.0,
416, 60, 948, 20923, 979435, 112285024256.0,
417, 60, 947, 20917, 979436, 112270413824.0,
418, 60, 943, 20935, 979428, 112257781760.0,
419, 62, 947, 20944, 979394, 112227500032.0,
420, 62, 953, 20956, 979405, 112210522112.0,
421, 60, 954, 20947, 979401, 112197853184.0,
422, 60, 953, 20943, 979408, 112197435392.0,
423, 62, 951, 20957, 979398, 112201908224.0,
424, 62, 951, 20968, 979385, 112216985600.0,
425, 61, 948, 20964, 979396, 112248676352.0,
426, 60, 950, 20951, 979411, 112281522176.0,
427, 61, 948, 20942, 979421, 112261144576.0,
428, 62, 944, 20965, 979395, 112256856064.0,
429, 60, 944, 20969, 979392, 112235200512.0,
430, 61, 945, 20951, 979397, 112259964928.0,
431, 60, 946, 20959, 979400, 112304312320.0,
432, 62, 949, 20946, 979405, 112331341824.0,
433, 62, 946, 20957, 979392, 112323174400.0,
434, 61, 945, 20982, 979388, 112360955904.0,
435, 64, 946, 20976, 979368, 112368246784.0,
436, 62, 943, 20986, 979380, 112365719552.0,
437, 64, 939, 20971, 979388, 112361287680.0,
438, 62, 946, 20964, 979401, 112322613248.0,
439, 63, 944, 20970, 979388, 112334098432.0,
440, 62, 941, 20952, 979396, 112335581184.0,
441, 63, 950, 20947, 979406, 112352272384.0,
442, 63, 952, 20958, 979379, 112342466560.0,
443, 64, 950, 20973, 979379, 112338763776.0,
444, 62, 949, 20950, 979409, 112376926208.0,
445, 62, 943, 20950, 979395, 112368107520.0,
446, 63, 946, 20951, 979411, 112365322240.0,
447, 63, 951, 20959, 979392, 112321454080.0,
448, 63, 952, 20951, 979396, 112337231872.0,
449, 65, 950, 20959, 979398, 112350150656.0,
450, 65, 953, 20942, 979416, 112351268864.0,
451, 65, 949, 20941, 979417, 112367988736.0,
452, 64, 956, 20935, 979406, 112320434176.0,
453, 64, 956, 20942, 979405, 112330428416.0,
454, 64, 949, 20954, 979397, 112307073024.0,
455, 66, 952, 20952, 979391, 112264769536.0,
456, 66, 948, 20954, 979388, 112262873088.0,
457, 66, 947, 20967, 979393, 112239239168.0,
458, 66, 951, 20966, 979382, 112226570240.0,
459, 65, 952, 20949, 979395, 112249696256.0,
460, 65, 948, 20927, 979416, 112294174720.0,
461, 66, 951, 20963, 979380, 112305127424.0,
462, 64, 952, 20965, 979380, 112328982528.0,
463, 65, 950, 20971, 979384, 112295440384.0,
464, 67, 949, 20960, 979385, 112316268544.0,
465, 66, 955, 20956, 979402, 112326144000.0,
466, 67, 947, 20961, 979390, 112310669312.0,
467, 67, 949, 20959, 979377, 112299945984.0,
468, 66, 954, 20969, 979366, 112302841856.0,
469, 66, 948, 20966, 979373, 112385003520.0,
470, 67, 951, 20973, 979374, 112414449664.0,
471, 66, 946, 20964, 979386, 112409640960.0,
472, 65, 947, 20967, 979382, 112396894208.0,
473, 68, 948, 20954, 979389, 112412708864.0,
474, 68, 948, 20962, 979376, 112394469376.0,
475, 67, 944, 20965, 979386, 112400113664.0,
476, 66, 948, 20961, 979386, 112427098112.0,
477, 67, 952, 20969, 979381, 112422244352.0,
478, 68, 949, 20973, 979382, 112438321152.0,
479, 67, 947, 20984, 979368, 112448761856.0,
480, 70, 954, 20971, 979370, 112432992256.0,
481, 67, 956, 20967, 979377, 112402989056.0,
482, 68, 954, 20978, 979364, 112394940416.0,
483, 67, 947, 20986, 979369, 112387686400.0,
484, 68, 950, 20977, 979359, 112403050496.0,
485, 68, 958, 20979, 979355, 112407941120.0,
486, 67, 952, 20983, 979363, 112400207872.0,
487, 67, 951, 20989, 979368, 112414289920.0,
488, 66, 953, 20977, 979365, 112405188608.0,
489, 69, 948, 20993, 979352, 112368439296.0,
490, 69, 954, 20996, 979346, 112398733312.0,
491, 70, 955, 20961, 979379, 112406683648.0,
492, 69, 951, 20972, 979379, 112392310784.0,
493, 68, 954, 20967, 979364, 112388075520.0,
494, 68, 957, 20940, 979397, 112381091840.0,
495, 69, 952, 20952, 979404, 112389349376.0,
496, 68, 957, 20949, 979406, 112371736576.0,
497, 69, 953, 20941, 979405, 112331403264.0,
498, 71, 958, 20951, 979380, 112299933696.0,
499, 70, 951, 20951, 979390, 112279252992.0,
500, 71, 952, 20952, 979376, 112281460736.0,
501, 71, 952, 20979, 979374, 112275726336.0,
502, 70, 953, 20968, 979377, 112284626944.0,
503, 69, 955, 20964, 979380, 112301518848.0,
504, 69, 958, 20968, 979373, 112316309504.0,
505, 70, 954, 20961, 979372, 112306855936.0,
506, 70, 955, 20952, 979383, 112329080832.0,
507, 68, 953, 20966, 979387, 112341577728.0,
508, 72, 951, 20959, 979381, 112357904384.0,
509, 70, 957, 20969, 979367, 112362172416.0,
510, 72, 958, 20956, 979372, 112347406336.0,
511, 71, 961, 20965, 979369, 112313389056.0,
512, 70, 954, 20959, 979366, 112317657088.0,
513, 70, 957, 20952, 979382, 112313520128.0,
514, 71, 954, 20945, 979383, 112292855808.0,
515, 70, 957, 20956, 979371, 112315006976.0,
516, 74, 960, 20973, 979365, 112323842048.0,
517, 70, 958, 20965, 979366, 112337436672.0,
518, 72, 955, 20967, 979372, 112342134784.0,
519, 71, 957, 20969, 979371, 112335781888.0,
520, 72, 957, 20977, 979371, 112383410176.0,
521, 72, 952, 20985, 979345, 112425410560.0,
522, 72, 955, 20976, 979360, 112397152256.0,
523, 73, 951, 20977, 979361, 112378064896.0,
524, 73, 953, 21002, 979335, 112415760384.0,
525, 72, 953, 20992, 979340, 112416972800.0,
526, 71, 954, 20972, 979360, 112402649088.0,
527, 73, 961, 20980, 979366, 112410877952.0,
528, 73, 958, 20974, 979349, 112420253696.0,
529, 73, 956, 20974, 979357, 112436371456.0,
530, 73, 955, 20979, 979349, 112421670912.0,
531, 72, 956, 20973, 979363, 112410378240.0,
532, 71, 953, 20970, 979370, 112396754944.0,
533, 73, 951, 20951, 979372, 112354557952.0,
534, 73, 955, 20965, 979371, 112369967104.0,
535, 72, 956, 20955, 979372, 112361541632.0,
536, 73, 959, 20967, 979368, 112358666240.0,
537, 74, 958, 20971, 979364, 112392409088.0,
538, 74, 962, 20969, 979363, 112407945216.0,
539, 74, 956, 20959, 979378, 112432164864.0,
540, 74, 957, 20959, 979378, 112426967040.0,
541, 77, 957, 20967, 979362, 112390197248.0,
542, 73, 961, 20967, 979372, 112388530176.0,
543, 74, 966, 20965, 979359, 112321449984.0,
544, 74, 961, 20979, 979364, 112333258752.0,
545, 75, 959, 20977, 979358, 112327335936.0,
546, 74, 956, 20967, 979368, 112309121024.0,
547, 75, 957, 20977, 979360, 112318705664.0,
548, 75, 958, 20966, 979364, 112312143872.0,
549, 74, 955, 20952, 979379, 112302813184.0,
550, 74, 959, 20971, 979362, 112328237056.0,
551, 75, 964, 20959, 979372, 112332279808.0,
552, 74, 961, 20975, 979356, 112337448960.0,
553, 76, 962, 20963, 979349, 112300322816.0,
554, 73, 966, 20958, 979361, 112310468608.0,
555, 77, 965, 20970, 979333, 112322994176.0,
556, 74, 967, 20972, 979348, 112357396480.0,
557, 76, 960, 20976, 979328, 112384598016.0,
558, 77, 961, 20988, 979344, 112417628160.0,
559, 75, 955, 20982, 979367, 112410374144.0,
560, 75, 960, 20980, 979350, 112380141568.0,
561, 76, 961, 21002, 979330, 112344436736.0,
562, 77, 959, 20997, 979321, 112375525376.0,
563, 76, 953, 20994, 979333, 112415027200.0,
564, 76, 956, 21003, 979329, 112440958976.0,
565, 75, 957, 20988, 979340, 112429977600.0,
566, 77, 957, 20994, 979331, 112451874816.0,
567, 75, 962, 20983, 979346, 112439549952.0,
568, 77, 953, 20985, 979354, 112454684672.0,
569, 75, 956, 20979, 979359, 112476487680.0,
570, 77, 953, 20970, 979355, 112469942272.0,
571, 76, 954, 20982, 979352, 112463941632.0,
572, 77, 951, 20985, 979344, 112469307392.0,
573, 77, 955, 20981, 979353, 112497897472.0,
574, 76, 961, 20971, 979352, 112498982912.0,
575, 77, 956, 20969, 979351, 112484265984.0,
576, 75, 961, 20995, 979344, 112504492032.0,
577, 78, 961, 20985, 979345, 112457179136.0,
578, 79, 966, 20955, 979364, 112435863552.0,
579, 77, 967, 20971, 979342, 112417333248.0,
580, 78, 965, 20965, 979368, 112403120128.0,
581, 79, 968, 20958, 979358, 112410705920.0,
582, 74, 969, 20972, 979354, 112409849856.0,
583, 78, 974, 20964, 979353, 112405090304.0,
584, 77, 977, 20960, 979358, 112399441920.0,
585, 77, 965, 20962, 979359, 112387907584.0,
586, 79, 967, 20958, 979359, 112350584832.0,
587, 79, 962, 20941, 979374, 112356749312.0,
588, 78, 962, 20947, 979380, 112308248576.0,
589, 79, 966, 20946, 979384, 112297381888.0,
590, 77, 967, 20965, 979351, 112292175872.0,
591, 77, 967, 20986, 979337, 112293326848.0,
592, 79, 958, 20994, 979328, 112312020992.0,
593, 78, 959, 20985, 979340, 112288022528.0,
594, 79, 961, 20984, 979328, 112325947392.0,
595, 80, 966, 20997, 979328, 112386064384.0,
596, 78, 966, 20990, 979327, 112387391488.0,
597, 79, 959, 20989, 979339, 112387993600.0,
598, 80, 960, 20975, 979344, 112376758272.0,
599, 80, 962, 20989, 979338, 112360300544.0,
600, 79, 958, 20986, 979331, 112370012160.0,
601, 79, 960, 21007, 979324, 112406212608.0,
602, 79, 960, 21001, 979325, 112451076096.0,
603, 79, 967, 20977, 979324, 112499961856.0,
604, 79, 964, 20984, 979334, 112501559296.0,
605, 79, 968, 20982, 979333, 112512409600.0,
606, 80, 964, 20967, 979350, 112493416448.0,
607, 80, 969, 20977, 979326, 112516775936.0,
608, 81, 967, 20979, 979342, 112536981504.0,
609, 80, 963, 20961, 979350, 112532631552.0,
610, 83, 969, 20965, 979351, 112517730304.0,
611, 81, 970, 20953, 979355, 112499200000.0,
612, 81, 966, 20949, 979359, 112502001664.0,
613, 81, 960, 20961, 979362, 112471072768.0,
614, 80, 961, 20976, 979362, 112445190144.0,
615, 80, 961, 20986, 979353, 112436842496.0,
616, 81, 962, 20975, 979357, 112420941824.0,
617, 80, 964, 20980, 979345, 112395964416.0,
618, 80, 964, 21000, 979303, 112387981312.0,
619, 80, 968, 20976, 979328, 112398229504.0,
620, 80, 964, 20974, 979345, 112453664768.0,
621, 80, 965, 20976, 979345, 112439582720.0,
622, 80, 964, 20968, 979330, 112454332416.0,
623, 80, 969, 20962, 979340, 112458387456.0,
624, 81, 965, 20969, 979336, 112468246528.0,
625, 81, 967, 20970, 979341, 112472010752.0,
626, 80, 967, 20972, 979338, 112432877568.0,
627, 81, 969, 20939, 979368, 112408510464.0,
628, 82, 972, 20958, 979352, 112391544832.0,
629, 81, 965, 20965, 979369, 112377446400.0,
630, 82, 972, 20970, 979348, 112395759616.0,
631, 81, 969, 20974, 979327, 112409538560.0,
632, 82, 967, 20958, 979357, 112404086784.0,
633, 83, 964, 20980, 979345, 112399323136.0,
634, 83, 961, 20956, 979364, 112360730624.0,
635, 81, 966, 20956, 979376, 112353890304.0,
636, 81, 966, 20959, 979368, 112367370240.0,
637, 82, 965, 20961, 979353, 112378957824.0,
638, 81, 969, 20971, 979358, 112382717952.0,
639, 83, 968, 20951, 979353, 112351993856.0,
640, 85, 963, 20976, 979349, 112356450304.0,
641, 83, 966, 20979, 979346, 112383078400.0,
642, 83, 969, 20974, 979342, 112388182016.0,
643, 83, 967, 20977, 979338, 112379486208.0,
644, 84, 967, 20988, 979320, 112384311296.0,
645, 83, 968, 20983, 979333, 112368685056.0,
646, 83, 972, 20992, 979328, 112382083072.0,
647, 83, 968, 21008, 979311, 112373575680.0,
648, 83, 967, 20996, 979311, 112383959040.0,
649, 83, 968, 21002, 979312, 112403927040.0,
650, 84, 969, 21004, 979311, 112451670016.0,
651, 83, 967, 21004, 979312, 112470740992.0,
652, 82, 968, 20999, 979331, 112511356928.0,
653, 82, 967, 21002, 979316, 112531554304.0,
654, 84, 972, 20978, 979335, 112521547776.0,
655, 82, 970, 20991, 979322, 112515026944.0,
656, 83, 967, 20990, 979319, 112520499200.0,
657, 84, 970, 20980, 979315, 112513654784.0,
658, 85, 974, 20972, 979323, 112494002176.0,
659, 84, 973, 20967, 979326, 112474820608.0,
660, 84, 973, 20987, 979313, 112497717248.0,
661, 83, 970, 20964, 979333, 112488583168.0,
662, 85, 969, 20967, 979358, 112482361344.0,
663, 86, 971, 20970, 979340, 112465440768.0,
664, 86, 973, 20953, 979350, 112451133440.0,
665, 84, 972, 20957, 979351, 112412831744.0,
666, 83, 970, 20981, 979333, 112420818944.0,
667, 83, 968, 20969, 979348, 112412852224.0,
668, 86, 968, 20957, 979343, 112421814272.0,
669, 86, 968, 20967, 979346, 112433209344.0,
670, 84, 972, 20987, 979330, 112397000704.0,
671, 83, 970, 20990, 979330, 112406368256.0,
672, 84, 970, 20994, 979319, 112394858496.0,
673, 87, 967, 21002, 979303, 112422735872.0,
674, 84, 968, 20984, 979325, 112380551168.0,
675, 87, 972, 20981, 979330, 112370233344.0,
676, 85, 968, 20989, 979322, 112361418752.0,
677, 86, 969, 20994, 979313, 112350117888.0,
678, 85, 969, 20996, 979325, 112382095360.0,
679, 86, 966, 20986, 979335, 112387395584.0,
680, 86, 972, 20972, 979334, 112400887808.0,
681, 87, 974, 20974, 979315, 112412905472.0,
682, 85, 969, 20955, 979357, 112436486144.0,
683, 86, 976, 20965, 979336, 112422281216.0,
684, 85, 976, 20973, 979345, 112452489216.0,
685, 87, 972, 20979, 979329, 112449757184.0,
686, 85, 972, 20994, 979325, 112418455552.0,
687, 87, 969, 20977, 979339, 112444952576.0,
688, 86, 975, 20956, 979347, 112447168512.0,
689, 85, 972, 20973, 979323, 112413204480.0,
690, 88, 973, 20967, 979327, 112404811776.0,
691, 87, 968, 20980, 979330, 112400089088.0,
692, 86, 974, 20982, 979323, 112390070272.0,
693, 86, 973, 20971, 979322, 112393416704.0,
694, 87, 973, 20976, 979319, 112415879168.0,
695, 89, 975, 21001, 979301, 112413495296.0,
696, 88, 970, 21014, 979280, 112391081984.0,
697, 86, 968, 21001, 979297, 112400404480.0,
698, 89, 973, 20998, 979297, 112447381504.0,
699, 86, 966, 20994, 979313, 112484134912.0,
700, 87, 969, 20980, 979327, 112510541824.0,
701, 89, 965, 20982, 979336, 112522936320.0,
702, 88, 965, 20970, 979342, 112528105472.0,
703, 88, 973, 20965, 979329, 112501829632.0,
704, 89, 974, 20974, 979322, 112485142528.0,
705, 87, 972, 20969, 979327, 112482541568.0,
706, 87, 969, 20962, 979341, 112476839936.0,
707, 88, 968, 20975, 979320, 112462954496.0,
708, 88, 969, 20991, 979319, 112446799872.0,
709, 88, 970, 20981, 979326, 112446005248.0,
710, 89, 967, 20980, 979315, 112449228800.0,
711, 87, 972, 20994, 979293, 112437567488.0,
712, 87, 968, 20995, 979310, 112421220352.0,
713, 87, 974, 20999, 979319, 112438513664.0,
714, 88, 979, 20994, 979305, 112449372160.0,
715, 89, 978, 20990, 979302, 112487813120.0,
716, 89, 981, 20999, 979304, 112481263616.0,
717, 87, 976, 20979, 979316, 112485220352.0,
718, 88, 981, 20996, 979311, 112474742784.0,
719, 92, 980, 20997, 979312, 112495230976.0,
