0, 1001365, 0, 0, 0, 0.0,
1, 991352, 10011, 2, 0, 0.0,
2, 980788, 10563, 10013, 0, 5343416320.0,
3, 972181, 19127, 10055, 0, 10186233344.0,
4, 965081, 25913, 10377, 0, 14625395712.0,
5, 958865, 31061, 11450, 2, 18976501760.0,
6, 953101, 34638, 13636, 13, 23759001600.0,
7, 946944, 37290, 17042, 56, 29579206656.0,
8, 940245, 39491, 21434, 168, 36926773248.0,
9, 932793, 41646, 26475, 398, 46076768256.0,
10, 924650, 44088, 31811, 806, 57108400128.0,
11, 915977, 46797, 37229, 1407, 69934448640.0,
12, 906789, 49580, 42718, 2226, 84424826880.0,
13, 897172, 52516, 48342, 3248, 100432687104.0,
14, 887317, 55456, 54132, 4459, 117886705664.0,
15, 877114, 58245, 60074, 5887, 136720011264.0,
16, 866509, 61025, 66273, 7552, 156937682944.0,
17, 855552, 63724, 72565, 9489, 178553102336.0,
18, 844142, 66309, 79130, 11752, 201365512192.0,
19, 832392, 68897, 85626, 14386, 225380040704.0,
20, 820577, 71267, 92125, 17474, 250488733696.0,
21, 808137, 73662, 98537, 21011, 276566065152.0,
22, 795534, 75886, 104867, 25040, 303677882368.0,
23, 782597, 78124, 111123, 29537, 331369906176.0,
24, 769396, 80252, 117205, 34528, 359497285632.0,
25, 755930, 82298, 123187, 39944, 388097294336.0,
26, 742303, 84208, 129055, 45842, 416880967680.0,
27, 728613, 86017, 134813, 52199, 446076551168.0,
28, 714509, 87715, 140494, 58959, 475073855488.0,
29, 700201, 89137, 145923, 66123, 504571822080.0,
30, 685821, 90535, 151205, 73753, 533982904320.0,
31, 671496, 91784, 156377, 81728, 562993332224.0,
32, 656933, 92901, 161305, 90197, 591766650880.0,
33, 642140, 94000, 166195, 99065, 620323373056.0,
34, 627576, 94665, 170863, 108371, 648571879424.0,
35, 612807, 95346, 175207, 117904, 676528291840.0,
36, 597911, 96076, 179374, 127897, 703952420864.0,
37, 583030, 96601, 183230, 138238, 730678853632.0,
38, 568386, 96989, 186852, 148898, 756964327424.0,
39, 553632, 97244, 190402, 159893, 782518550528.0,
40, 538792, 97471, 193642, 171256, 807333986304.0,
41, 524319, 97573, 196682, 182936, 831327338496.0,
42, 509711, 97507, 199303, 194868, 854155132928.0,
43, 494862, 97539, 201735, 207073, 876220252160.0,
44, 480828, 97115, 203920, 219565, 897237417984.0,
45, 466274, 96660, 205768, 232245, 917650505728.0,
46, 452335, 96174, 207319, 245245, 936645033984.0,
47, 438473, 95538, 208652, 258415, 954646003712.0,
48, 424600, 94787, 209836, 271735, 971493539840.0,
49, 411059, 94030, 210759, 285252, 987264483328.0,
50, 397901, 92949, 211374, 298922, 1001902440448.0,
51, 384817, 91923, 211731, 312704, 1014957277184.0,
52, 372056, 90702, 211881, 326605, 1026976907264.0,
53, 359285, 89521, 211742, 340703, 1037779501056.0,
54, 346960, 88254, 211413, 354729, 1047497015296.0,
55, 334840, 86989, 210686, 368878, 1055748751360.0,
56, 322742, 85599, 209796, 383046, 1062852165632.0,
57, 311156, 84107, 208661, 397284, 1068982566912.0,
58, 299835, 82584, 207251, 411555, 1073594007552.0,
59, 289006, 81057, 205746, 425691, 1076789182464.0,
60, 278375, 79527, 204062, 439867, 1078998794240.0,
61, 267650, 77815, 202073, 453966, 1079951425536.0,
62, 257519, 76101, 200009, 467947, 1079908040704.0,
63, 247407, 74336, 197686, 481849, 1078189654016.0,
64, 238073, 72639, 195320, 495795, 1075861487616.0,
65, 228871, 70948, 192772, 509541, 1072124035072.0,
66, 219808, 69152, 189970, 523209, 1067380932608.0,
67, 211070, 67294, 187016, 536618, 1061398020096.0,
68, 202477, 65415, 183919, 549943, 1054542069760.0,
69, 194376, 63608, 180636, 563004, 1046701670400.0,
70, 186794, 61742, 177339, 576006, 1038161772544.0,
71, 179404, 59882, 174005, 588713, 1028530110464.0,
72, 172364, 58020, 170506, 601158, 1018270285824.0,
73, 165336, 56160, 166893, 613447, 1006963458048.0,
74, 158766, 54426, 163231, 625478, 994685091840.0,
75, 152406, 52684, 159589, 637193, 981568487424.0,
76, 146546, 50833, 155833, 648749, 967869071360.0,
77, 140753, 49040, 151993, 660082, 953528713216.0,
78, 135233, 47237, 148128, 671039, 938547445760.0,
79, 129862, 45623, 144195, 681970, 923035140096.0,
80, 124852, 43898, 140404, 692488, 906993893376.0,
81, 120066, 42274, 136525, 702759, 890495959040.0,
82, 115467, 40620, 132577, 712785, 873391587328.0,
83, 111405, 39065, 128648, 722448, 856052400128.0,
84, 107218, 37452, 124842, 731767, 838171361280.0,
85, 103418, 35887, 120900, 740836, 820095090688.0,
86, 99934, 34369, 116978, 749826, 801715879936.0,
87, 96659, 33018, 113204, 758410, 783267004416.0,
88, 93463, 31542, 109447, 766735, 764670738432.0,
89, 90564, 30198, 105581, 774821, 745751674880.0,
90, 87731, 28808, 101980, 782488, 726863904768.0,
91, 85162, 27491, 98332, 789866, 708231692288.0,
92, 82831, 26216, 94787, 796973, 689304633344.0,
93, 80626, 25005, 91310, 803803, 670202691584.0,
94, 78628, 23820, 87739, 810471, 650947526656.0,
95, 76925, 22641, 84321, 816730, 631841816576.0,
96, 75331, 21521, 81046, 822921, 612935925760.0,
97, 73797, 20482, 77803, 828694, 593986879488.0,
98, 72534, 19431, 74671, 834220, 575336546304.0,
99, 71443, 18447, 71598, 839614, 556885311488.0,
100, 70298, 17403, 68557, 844742, 538809106432.0,
101, 69342, 16546, 65605, 849537, 520737980416.0,
102, 68622, 15674, 62769, 854068, 502923444224.0,
103, 67965, 14840, 60001, 858400, 485439127552.0,
104, 67376, 14006, 57293, 862448, 468179238912.0,
105, 66906, 13255, 54691, 866346, 451353722880.0,
106, 66520, 12483, 52222, 870022, 434664177664.0,
107, 66239, 11808, 49769, 873443, 418514550784.0,
108, 66056, 11107, 47360, 876723, 402692128768.0,
109, 65915, 10462, 45101, 879712, 387155804160.0,
110, 65893, 9834, 42928, 882573, 372074643456.0,
111, 66008, 9281, 40792, 885275, 357211045888.0,
112, 66178, 8742, 38722, 887783, 342989062144.0,
113, 66403, 8229, 36805, 890117, 328994832384.0,
114, 66703, 7714, 34936, 892172, 315214692352.0,
115, 67036, 7243, 33140, 894072, 301893386240.0,
116, 67369, 6773, 31394, 895811, 288946110464.0,
117, 67834, 6360, 29678, 897499, 276519534592.0,
118, 68406, 5937, 28063, 898918, 264366022656.0,
119, 68953, 5582, 26529, 900298, 252623364096.0,
120, 69594, 5196, 25035, 901504, 241171054592.0,
121, 70223, 4854, 23669, 902542, 230156550144.0,
122, 70919, 4521, 22320, 903520, 219647959040.0,
123, 71613, 4231, 21080, 904355, 209504026624.0,
124, 72372, 3959, 19846, 905091, 199525580800.0,
125, 73199, 3678, 18712, 905702, 189797605376.0,
126, 73951, 3429, 17616, 906199, 180575412224.0,
127, 74812, 3198, 16589, 906631, 171756879872.0,
128, 75721, 2947, 15619, 906944, 163240640512.0,
129, 76638, 2762, 14678, 907189, 154921689088.0,
130, 77564, 2564, 13805, 907376, 147025690624.0,
131, 78507, 2394, 12951, 907443, 139507736576.0,
132, 79455, 2221, 12177, 907457, 132273606656.0,
133, 80458, 2060, 11438, 907371, 125374496768.0,
134, 81414, 1912, 10708, 907247, 118711275520.0,
135, 82422, 1792, 10038, 907017, 112341274624.0,
136, 83468, 1649, 9419, 906719, 106252967936.0,
137, 84485, 1530, 8848, 906431, 100441706496.0,
138, 85532, 1424, 8297, 906063, 94939086848.0,
139, 86567, 1322, 7770, 905653, 89693671424.0,
140, 87656, 1211, 7273, 905202, 84748664832.0,
141, 88749, 1117, 6788, 904701, 80044908544.0,
142, 89844, 1035, 6354, 904132, 75558449152.0,
143, 90942, 961, 5929, 903529, 71307710464.0,
144, 92017, 900, 5552, 902915, 67306252288.0,
145, 93140, 817, 5201, 902248, 63475685376.0,
146, 94229, 759, 4863, 901566, 59811182592.0,
147, 95328, 709, 4538, 900824, 56337545216.0,
148, 96444, 652, 4238, 900061, 53132464128.0,
149, 97550, 606, 3985, 899228, 50000822272.0,
150, 98671, 565, 3723, 898417, 46998628352.0,
151, 99789, 522, 3475, 897603, 44192903168.0,
152, 100895, 477, 3235, 896758, 41538250752.0,
153, 102029, 433, 3021, 895868, 39062618112.0,
154, 103163, 401, 2845, 894938, 36759044096.0,
155, 104264, 380, 2664, 894034, 34563266560.0,
156, 105380, 351, 2481, 893123, 32471411712.0,
157, 106508, 324, 2322, 892180, 30491529216.0,
158, 107642, 296, 2175, 891224, 28627490816.0,
159, 108767, 271, 2031, 890278, 26874817536.0,
160, 109888, 255, 1901, 889300, 25206398976.0,
161, 111012, 236, 1789, 888332, 23668139008.0,
162, 112123, 219, 1672, 887322, 22216038400.0,
163, 113227, 199, 1570, 886328, 20841018368.0,
164, 114357, 186, 1473, 885316, 19558531072.0,
165, 115504, 173, 1381, 884285, 18390876160.0,
166, 116608, 159, 1298, 883296, 17309717504.0,
167, 117704, 146, 1220, 882246, 16261978624.0,
168, 118856, 135, 1148, 881204, 15225063424.0,
169, 119961, 127, 1082, 880173, 14270359552.0,
170, 121065, 118, 1016, 879147, 13394798080.0,
171, 122223, 112, 957, 878102, 12583157248.0,
172, 123324, 105, 906, 877058, 11834910720.0,
173, 124449, 97, 855, 875987, 11130395136.0,
174, 125561, 90, 810, 874947, 10484428800.0,
175, 126678, 86, 769, 873865, 9860336640.0,
176, 127781, 82, 724, 872811, 9266403328.0,
177, 128886, 79, 693, 871736, 8702167040.0,
178, 129982, 71, 654, 870672, 8186871552.0,
179, 131109, 67, 624, 869597, 7690694656.0,
180, 132187, 64, 595, 868543, 7239463168.0,
181, 133297, 61, 569, 867457, 6823581184.0,
182, 134393, 57, 545, 866407, 6442194176.0,
183, 135465, 53, 517, 865344, 6082961408.0,
184, 136566, 50, 491, 864275, 5749193984.0,
185, 137644, 49, 467, 863201, 5408232192.0,
186, 138742, 45, 453, 862142, 5102647808.0,
187, 139820, 44, 431, 861085, 4823511808.0,
188, 140894, 42, 417, 860051, 4579466496.0,
189, 141983, 40, 400, 858965, 4348769536.0,
190, 143082, 36, 389, 857866, 4129753984.0,
191, 144167, 35, 377, 856792, 3920132864.0,
192, 145240, 34, 362, 855733, 3718739200.0,
193, 146325, 31, 351, 854647, 3532450944.0,
194, 147402, 29, 337, 853568, 3354916864.0,
195, 148461, 28, 327, 852540, 3197158144.0,
196, 149554, 26, 319, 851477, 3047895808.0,
197, 150595, 26, 312, 850435, 2907551232.0,
198, 151659, 25, 301, 849379, 2785737216.0,
199, 152744, 24, 293, 848322, 2666989824.0,
200, 153788, 22, 285, 847260, 2548384512.0,
201, 154876, 21, 277, 846187, 2441848960.0,
202, 155940, 21, 271, 845150, 2344219392.0,
203, 156967, 22, 265, 844106, 2256397568.0,
204, 157992, 20, 259, 843046, 2170070656.0,
205, 159053, 19, 252, 841997, 2084123264.0,
206, 160145, 19, 245, 840940, 2010263104.0,
207, 161168, 19, 242, 839923, 1941078208.0,
208, 162228, 18, 237, 838876, 1876109888.0,
209, 163278, 18, 229, 837838, 1819825664.0,
210, 164327, 18, 226, 836779, 1761109248.0,
211, 165390, 18, 221, 835740, 1704961024.0,
212, 166452, 17, 216, 834688, 1648660288.0,
213, 167489, 17, 212, 833638, 1596367488.0,
214, 168532, 16, 210, 832600, 1545138752.0,
215, 169596, 16, 206, 831547, 1503276800.0,
216, 170639, 16, 203, 830510, 1463104192.0,
217, 171666, 15, 198, 829459, 1421882176.0,
218, 172740, 16, 196, 828413, 1385017088.0,
219, 173771, 16, 193, 827378, 1348909824.0,
220, 174827, 15, 189, 826340, 1312980032.0,
221, 175871, 15, 185, 825294, 1282553536.0,
222, 176880, 14, 182, 824269, 1246086592.0,
223, 177950, 15, 178, 823243, 1214038208.0,
224, 178991, 14, 176, 822190, 1185381888.0,
225, 180007, 14, 172, 821157, 1155825472.0,
226, 181040, 14, 171, 820146, 1131891648.0,
227, 182041, 13, 168, 819132, 1109761024.0,
228, 183075, 13, 165, 818097, 1089981504.0,
229, 184100, 13, 163, 817085, 1074507520.0,
230, 185143, 13, 162, 816060, 1052075904.0,
231, 186155, 12, 160, 815050, 1033126304.0,
232, 187197, 12, 157, 814014, 1016816864.0,
233, 188207, 12, 154, 812991, 999081728.0,
234, 189202, 13, 151, 811980, 981377568.0,
235, 190230, 13, 151, 810967, 966129760.0,
236, 191263, 12, 148, 809951, 944968672.0,
237, 192271, 12, 147, 808948, 929752064.0,
238, 193264, 11, 146, 807929, 916169376.0,
239, 194285, 12, 144, 806941, 902522688.0,
240, 195291, 11, 142, 805905, 890071968.0,
241, 196299, 11, 141, 804906, 874400768.0,
242, 197304, 11, 140, 803902, 861597792.0,
243, 198302, 10, 139, 802904, 848304480.0,
244, 199331, 10, 137, 801880, 838125632.0,
245, 200345, 10, 136, 800865, 825494656.0,
246, 201346, 10, 135, 799881, 815266784.0,
247, 202332, 10, 133, 798883, 807687328.0,
248, 203347, 10, 132, 797867, 799826112.0,
249, 204363, 10, 130, 796849, 790585568.0,
250, 205361, 10, 126, 795865, 780735392.0,
251, 206337, 10, 125, 794872, 770850688.0,
252, 207342, 9, 124, 793889, 761489568.0,
253, 208325, 9, 124, 792904, 751328224.0,
254, 209341, 9, 122, 791893, 742795648.0,
255, 210318, 9, 121, 790908, 732518624.0,
256, 211326, 9, 120, 789904, 721629184.0,
257, 212296, 9, 118, 788936, 711771712.0,
258, 213280, 9, 115, 787953, 703114944.0,
259, 214278, 9, 116, 786955, 693312640.0,
260, 215251, 9, 113, 785979, 684425088.0,
261, 216257, 9, 112, 784980, 676876000.0,
262, 217246, 8, 112, 783988, 668783488.0,
263, 218244, 9, 112, 782994, 661111040.0,
264, 219217, 9, 110, 782020, 651454368.0,
265, 220213, 8, 107, 781034, 643496352.0,
266, 221207, 9, 107, 780037, 634756608.0,
267, 222178, 8, 106, 779067, 626280448.0,
268, 223128, 8, 106, 778129, 623304448.0,
269, 224079, 8, 104, 777151, 621294560.0,
270, 225059, 8, 103, 776178, 614434880.0,
271, 226045, 8, 103, 775188, 607126368.0,
272, 227015, 8, 101, 774223, 603457824.0,
273, 227994, 8, 100, 773252, 597017312.0,
274, 228956, 8, 99, 772289, 589105952.0,
275, 229923, 8, 100, 771339, 582828896.0,
276, 230878, 8, 99, 770373, 577882656.0,
277, 231838, 8, 98, 769413, 575322816.0,
278, 232808, 8, 97, 768442, 572691776.0,
279, 233781, 8, 97, 767468, 568853088.0,
280, 234744, 8, 96, 766513, 564215296.0,
281, 235721, 8, 95, 765550, 557164384.0,
282, 236676, 7, 93, 764588, 552057504.0,
283, 237617, 7, 92, 763641, 546912704.0,
284, 238577, 7, 90, 762691, 540631744.0,
285, 239534, 8, 88, 761733, 535043696.0,
286, 240471, 7, 88, 760792, 528284928.0,
287, 241445, 7, 87, 759832, 521997936.0,
288, 242370, 7, 86, 758892, 516870704.0,
289, 243330, 7, 85, 757943, 509239696.0,
290, 244286, 7, 86, 756980, 502167776.0,
291, 245245, 7, 85, 756031, 499157648.0,
292, 246204, 7, 85, 755074, 494890080.0,
293, 247160, 6, 84, 754125, 489554464.0,
294, 248088, 7, 83, 753192, 485511264.0,
295, 249028, 7, 82, 752257, 481718768.0,
296, 249960, 7, 82, 751320, 478804720.0,
297, 250916, 7, 82, 750368, 474826288.0,
298, 251846, 7, 80, 749432, 468998112.0,
299, 252786, 6, 80, 748491, 463051008.0,
300, 253730, 6, 79, 747550, 458324016.0,
301, 254662, 6, 79, 746624, 456201088.0,
302, 255574, 6, 77, 745697, 454388640.0,
303, 256513, 6, 76, 744771, 453190496.0,
304, 257464, 6, 76, 743827, 449107200.0,
305, 258392, 6, 76, 742907, 447023440.0,
306, 259309, 6, 75, 741974, 443399872.0,
307, 260232, 6, 74, 741059, 438910944.0,
308, 261167, 6, 73, 740126, 432733200.0,
309, 262081, 6, 72, 739207, 427776880.0,
310, 263014, 6, 72, 738272, 424239904.0,
311, 263904, 6, 71, 737367, 419812976.0,
312, 264821, 6, 70, 736459, 415250528.0,
313, 265761, 6, 69, 735525, 411116464.0,
314, 266678, 6, 69, 734615, 408532336.0,
315, 267598, 6, 69, 733688, 402635264.0,
316, 268521, 6, 68, 732771, 398295888.0,
317, 269424, 6, 69, 731861, 394764800.0,
318, 270355, 5, 67, 730937, 391747856.0,
319, 271259, 5, 67, 730033, 388189616.0,
320, 272168, 5, 66, 729123, 384667120.0,
321, 273107, 5, 66, 728196, 380845504.0,
322, 273999, 5, 64, 727292, 376073008.0,
323, 274891, 5, 64, 726402, 371775072.0,
324, 275791, 5, 65, 725499, 367776176.0,
325, 276712, 5, 64, 724590, 363930000.0,
326, 277631, 5, 64, 723660, 362464288.0,
327, 278527, 5, 63, 722771, 362099088.0,
328, 279469, 5, 62, 721825, 360542208.0,
329, 280380, 5, 61, 720915, 357669744.0,
330, 281289, 6, 61, 720004, 355412912.0,
331, 282182, 5, 60, 719113, 353196784.0,
332, 283094, 5, 59, 718195, 350740704.0,
333, 283998, 5, 59, 717298, 346907936.0,
334, 284904, 5, 58, 716396, 345364048.0,
335, 285795, 5, 59, 715498, 343430928.0,
336, 286685, 5, 59, 714602, 340074352.0,
337, 287583, 4, 58, 713715, 337803088.0,
338, 288476, 4, 58, 712835, 335766048.0,
339, 289375, 4, 58, 711930, 332172928.0,
340, 290258, 5, 56, 711040, 331001040.0,
341, 291129, 5, 56, 710172, 329903648.0,
342, 292019, 4, 56, 709290, 327023664.0,
343, 292939, 4, 56, 708369, 323708784.0,
344, 293819, 4, 55, 707483, 321449184.0,
345, 294707, 4, 55, 706595, 318628576.0,
346, 295591, 4, 54, 705716, 316007328.0,
347, 296482, 4, 54, 704837, 314251552.0,
348, 297380, 4, 53, 703931, 311409808.0,
349, 298246, 5, 52, 703056, 309010928.0,
350, 299118, 4, 52, 702185, 306575808.0,
351, 299990, 4, 51, 701324, 304764704.0,
352, 300860, 4, 51, 700431, 302166192.0,
353, 301740, 4, 51, 699565, 301017856.0,
354, 302634, 4, 49, 698669, 297026752.0,
355, 303500, 4, 49, 697807, 293593040.0,
356, 304385, 4, 49, 696916, 290287632.0,
357, 305271, 4, 49, 696034, 286588768.0,
358, 306137, 4, 48, 695170, 283681888.0,
359, 307024, 4, 49, 694286, 280591824.0,
360, 307889, 4, 48, 693428, 276818928.0,
361, 308748, 4, 48, 692557, 273832080.0,
362, 309611, 4, 47, 691697, 272174192.0,
363, 310481, 4, 48, 690829, 270025504.0,
364, 311376, 4, 47, 689936, 268719224.0,
365, 312233, 4, 47, 689074, 266683784.0,
366, 313081, 4, 46, 688229, 265181080.0,
367, 313944, 4, 46, 687364, 263116624.0,
368, 314813, 4, 45, 686503, 261240944.0,
369, 315655, 3, 45, 685658, 260706464.0,
370, 316516, 4, 45, 684801, 259174960.0,
371, 317377, 4, 45, 683938, 257964192.0,
372, 318229, 4, 45, 683088, 256529152.0,
373, 319060, 3, 45, 682248, 255364296.0,
374, 319907, 3, 44, 681400, 252543840.0,
375, 320778, 4, 43, 680534, 249534920.0,
376, 321632, 4, 43, 679687, 248129352.0,
377, 322473, 4, 43, 678841, 246864816.0,
378, 323311, 4, 42, 678008, 243953528.0,
379, 324113, 4, 42, 677188, 243138080.0,
380, 324976, 4, 42, 676324, 241637328.0,
381, 325816, 4, 41, 675495, 239769592.0,
382, 326662, 3, 41, 674648, 238884608.0,
383, 327544, 4, 42, 673762, 237679560.0,
384, 328349, 3, 41, 672968, 235565152.0,
385, 329168, 3, 41, 672136, 234509928.0,
386, 330013, 4, 41, 671302, 233377928.0,
387, 330851, 4, 41, 670456, 232577640.0,
388, 331713, 3, 41, 669609, 230810456.0,
389, 332583, 3, 41, 668744, 229415256.0,
390, 333408, 3, 41, 667914, 229002768.0,
391, 334262, 3, 40, 667069, 226078576.0,
392, 335106, 3, 39, 666222, 225259896.0,
393, 335922, 3, 39, 665399, 225416568.0,
394, 336743, 3, 38, 664578, 223525288.0,
395, 337582, 3, 38, 663742, 222035832.0,
396, 338399, 3, 38, 662921, 218945520.0,
397, 339219, 3, 37, 662116, 217591056.0,
398, 340065, 4, 37, 661268, 215886408.0,
399, 340873, 3, 36, 660459, 213458752.0,
400, 341699, 3, 36, 659626, 212243736.0,
401, 342508, 3, 37, 658816, 209935696.0,
402, 343345, 3, 36, 657985, 208599264.0,
403, 344192, 3, 36, 657149, 206619120.0,
404, 345008, 3, 35, 656323, 204651648.0,
405, 345830, 3, 35, 655502, 202676160.0,
406, 346644, 3, 35, 654690, 201170688.0,
407, 347460, 3, 35, 653863, 199278280.0,
408, 348295, 3, 35, 653032, 197403104.0,
409, 349122, 3, 34, 652204, 195922544.0,
410, 349945, 3, 35, 651386, 193973640.0,
411, 350725, 3, 35, 650602, 191638464.0,
412, 351536, 3, 34, 649791, 190964688.0,
413, 352358, 3, 34, 648963, 190465224.0,
414, 353189, 3, 33, 648137, 188847456.0,
415, 354008, 3, 34, 647323, 189279728.0,
416, 354815, 3, 34, 646514, 188359672.0,
417, 355603, 3, 33, 645728, 187977288.0,
418, 356409, 3, 33, 644920, 187539736.0,
419, 357223, 3, 33, 644104, 187372832.0,
420, 358027, 3, 33, 643302, 186239120.0,
421, 358856, 2, 33, 642472, 185431864.0,
422, 359675, 3, 32, 641654, 184201168.0,
423, 360487, 3, 32, 640840, 181886968.0,
424, 361294, 2, 32, 640030, 181244856.0,
425, 362090, 2, 32, 639240, 180779864.0,
426, 362864, 2, 31, 638466, 178805144.0,
427, 363678, 2, 31, 637654, 178899880.0,
428, 364484, 3, 31, 636845, 177597208.0,
429, 365267, 3, 31, 636065, 176648536.0,
430, 366053, 3, 31, 635280, 175635808.0,
431, 366854, 2, 31, 634478, 173753584.0,
432, 367644, 3, 30, 633692, 172603344.0,
433, 368452, 3, 30, 632880, 171312232.0,
434, 369251, 3, 29, 632081, 170391440.0,
435, 370064, 3, 29, 631263, 170122600.0,
436, 370861, 2, 29, 630466, 169066464.0,
437, 371638, 2, 28, 629694, 167036888.0,
438, 372423, 3, 28, 628912, 163662392.0,
439, 373196, 2, 28, 628139, 161560664.0,
440, 373971, 2, 27, 627355, 161387016.0,
441, 374757, 2, 27, 626573, 160501072.0,
442, 375538, 2, 27, 625797, 159132952.0,
443, 376302, 3, 27, 625031, 160137056.0,
444, 377104, 3, 27, 624230, 159709248.0,
445, 377895, 2, 28, 623438, 158689504.0,
446, 378676, 3, 27, 622654, 157283160.0,
447, 379477, 2, 27, 621853, 155924264.0,
448, 380231, 2, 27, 621097, 153366544.0,
449, 381014, 2, 27, 620317, 151608240.0,
450, 381769, 2, 27, 619564, 150068296.0,
451, 382539, 2, 26, 618796, 149755544.0,
452, 383305, 2, 26, 618028, 149820288.0,
453, 384112, 2, 27, 617220, 148699392.0,
454, 384864, 2, 26, 616469, 148517456.0,
455, 385647, 2, 26, 615692, 147392456.0,
456, 386405, 2, 26, 614934, 146626464.0,
457, 387172, 2, 26, 614158, 146749728.0,
458, 387950, 2, 26, 613385, 146282920.0,
459, 388745, 2, 26, 612584, 145956272.0,
460, 389493, 2, 25, 611841, 145253448.0,
461, 390269, 2, 25, 611061, 144199624.0,
462, 391027, 2, 25, 610307, 143800656.0,
463, 391806, 2, 25, 609536, 142399520.0,
464, 392568, 2, 25, 608765, 140828352.0,
465, 393330, 2, 25, 608005, 140107480.0,
466, 394089, 2, 25, 607249, 140388304.0,
467, 394863, 2, 24, 606477, 139150240.0,
468, 395583, 2, 24, 605753, 137342312.0,
469, 396346, 2, 24, 604992, 136216736.0,
470, 397101, 2, 24, 604233, 135479912.0,
471, 397861, 2, 25, 603475, 134862240.0,
472, 398620, 2, 24, 602718, 134278448.0,
473, 399371, 2, 23, 601964, 134996248.0,
474, 400157, 2, 23, 601179, 134367260.0,
475, 400895, 2, 22, 600435, 133313504.0,
476, 401641, 2, 23, 599699, 132412548.0,
477, 402393, 2, 22, 598941, 131326608.0,
478, 403141, 2, 23, 598191, 130058016.0,
479, 403874, 2, 22, 597455, 128228168.0,
480, 404616, 2, 21, 596721, 125823676.0,
481, 405387, 2, 21, 595951, 124950516.0,
482, 406118, 2, 22, 595215, 124114432.0,
483, 406852, 2, 22, 594480, 122293596.0,
484, 407603, 2, 21, 593734, 121181548.0,
485, 408347, 2, 21, 592994, 120790700.0,
486, 409092, 2, 21, 592248, 119838056.0,
487, 409834, 2, 21, 591507, 119566128.0,
488, 410573, 2, 20, 590772, 119189112.0,
489, 411329, 2, 20, 590014, 118295984.0,
490, 412050, 2, 20, 589287, 118034352.0,
491, 412796, 2, 20, 588547, 118098628.0,
492, 413524, 2, 21, 587819, 117071852.0,
493, 414262, 2, 21, 587075, 117027348.0,
494, 414998, 2, 21, 586340, 116865144.0,
495, 415719, 2, 21, 585614, 116339372.0,
496, 416481, 2, 20, 584853, 115952300.0,
497, 417214, 2, 20, 584129, 115360076.0,
498, 417948, 2, 20, 583393, 114751152.0,
499, 418679, 2, 20, 582664, 113776996.0,
500, 419409, 2, 20, 581934, 113033312.0,
501, 420130, 2, 20, 581215, 112734808.0,
502, 420869, 2, 20, 580475, 111962216.0,
503, 421577, 2, 20, 579764, 111515876.0,
504, 422317, 2, 19, 579024, 110171572.0,
505, 423040, 2, 19, 578289, 109663304.0,
506, 423761, 2, 19, 577586, 108350580.0,
507, 424494, 2, 19, 576850, 107080480.0,
508, 425202, 2, 20, 576128, 107407072.0,
509, 425917, 2, 20, 575424, 107702412.0,
510, 426633, 2, 20, 574710, 107866788.0,
511, 427329, 1, 20, 574004, 107957456.0,
512, 428040, 2, 19, 573299, 108195976.0,
513, 428765, 2, 19, 572576, 107753696.0,
514, 429470, 2, 19, 571872, 107068488.0,
515, 430205, 1, 19, 571137, 106145940.0,
516, 430913, 1, 18, 570428, 106038516.0,
517, 431634, 1, 18, 569707, 105713788.0,
518, 432357, 1, 18, 568982, 104050924.0,
519, 433046, 2, 18, 568296, 104195012.0,
520, 433732, 2, 18, 567604, 104310520.0,
521, 434462, 2, 18, 566876, 102842860.0,
522, 435176, 2, 18, 566160, 101324256.0,
523, 435889, 2, 17, 565448, 101192780.0,
524, 436584, 2, 17, 564749, 101460996.0,
525, 437276, 2, 17, 564060, 100778484.0,
526, 437996, 2, 17, 563339, 100300640.0,
527, 438707, 1, 17, 562628, 99721924.0,
528, 439392, 1, 17, 561947, 98532916.0,
529, 440099, 1, 16, 561243, 97906784.0,
530, 440802, 1, 17, 560540, 96727088.0,
531, 441494, 2, 16, 559849, 95879652.0,
532, 442189, 1, 16, 559154, 95543468.0,
533, 442882, 2, 16, 558454, 94930740.0,
534, 443590, 1, 15, 557754, 93915872.0,
535, 444277, 2, 15, 557068, 92590488.0,
536, 444979, 2, 16, 556363, 91103888.0,
537, 445662, 2, 16, 555675, 89692812.0,
538, 446383, 1, 16, 554967, 88762016.0,
539, 447075, 1, 16, 554269, 88191256.0,
540, 447794, 1, 16, 553554, 87656556.0,
541, 448491, 1, 16, 552859, 87590764.0,
542, 449185, 1, 16, 552161, 85960388.0,
543, 449874, 2, 16, 551475, 85655576.0,
544, 450568, 1, 16, 550781, 86022664.0,
545, 451274, 2, 15, 550078, 86172088.0,
546, 451969, 1, 16, 549383, 86487028.0,
547, 452670, 1, 16, 548682, 86609164.0,
548, 453359, 1, 15, 547990, 86504308.0,
549, 454058, 2, 15, 547293, 86057280.0,
550, 454694, 2, 15, 546660, 85236080.0,
551, 455379, 1, 15, 545974, 83901024.0,
552, 456067, 1, 15, 545286, 82900512.0,
553, 456756, 1, 15, 544597, 82534000.0,
554, 457475, 1, 14, 543876, 81429188.0,
555, 458143, 1, 14, 543205, 80536288.0,
556, 458830, 1, 14, 542520, 81088512.0,
557, 459520, 1, 15, 541829, 81554720.0,
558, 460193, 2, 14, 541155, 81214844.0,
559, 460883, 2, 15, 540469, 80762080.0,
560, 461558, 1, 15, 539795, 79895172.0,
561, 462247, 1, 15, 539101, 79892532.0,
562, 462916, 1, 15, 538433, 79915668.0,
563, 463595, 1, 15, 537752, 79793352.0,
564, 464241, 1, 15, 537106, 79927236.0,
565, 464896, 1, 15, 536453, 80081492.0,
566, 465573, 1, 15, 535772, 79855748.0,
567, 466240, 1, 14, 535108, 79602860.0,
568, 466885, 1, 14, 534463, 79772504.0,
569, 467557, 1, 14, 533794, 79891136.0,
570, 468215, 1, 14, 533132, 79221316.0,
571, 468883, 2, 14, 532470, 79084296.0,
572, 469528, 1, 14, 531821, 78684304.0,
573, 470204, 1, 14, 531145, 77762728.0,
574, 470846, 1, 14, 530503, 77010428.0,
575, 471499, 1, 14, 529853, 75863944.0,
576, 472187, 1, 14, 529167, 74419328.0,
577, 472854, 1, 14, 528500, 73675112.0,
578, 473524, 1, 13, 527826, 73443340.0,
579, 474172, 1, 13, 527177, 73812252.0,
580, 474851, 1, 13, 526498, 74280244.0,
581, 475511, 1, 13, 525840, 74159284.0,
582, 476165, 1, 13, 525184, 74115204.0,
583, 476830, 1, 13, 524516, 74548656.0,
584, 477484, 1, 13, 523867, 74538064.0,
585, 478135, 1, 13, 523215, 74390988.0,
586, 478795, 1, 13, 522561, 74716492.0,
587, 479451, 1, 13, 521901, 75643148.0,
588, 480065, 1, 13, 521281, 76174060.0,
589, 480733, 1, 13, 520616, 75776740.0,
590, 481370, 1, 13, 519980, 75438984.0,
591, 482031, 1, 13, 519321, 74664392.0,
592, 482656, 1, 12, 518687, 73491936.0,
593, 483290, 1, 12, 518064, 71735764.0,
594, 483937, 1, 12, 517408, 71303600.0,
595, 484575, 1, 12, 516775, 69965480.0,
596, 485199, 1, 12, 516145, 69074144.0,
597, 485843, 1, 12, 515509, 68314232.0,
598, 486519, 1, 12, 514833, 67953736.0,
599, 487166, 1, 12, 514185, 67411286.0,
600, 487808, 1, 12, 513543, 66844226.0,
601, 488437, 1, 12, 512907, 66328482.0,
602, 489071, 1, 11, 512272, 65569952.0,
603, 489691, 1, 11, 511659, 65528572.0,
604, 490328, 1, 11, 511020, 65104358.0,
605, 490969, 1, 11, 510386, 64285686.0,
606, 491615, 1, 11, 509732, 63180132.0,
607, 492252, 1, 11, 509092, 63079926.0,
608, 492889, 1, 11, 508459, 62283112.0,
609, 493493, 1, 11, 507859, 61155410.0,
610, 494127, 1, 11, 507224, 60275700.0,
611, 494766, 1, 11, 506587, 60351340.0,
612, 495397, 1, 11, 505954, 60477518.0,
613, 496014, 1, 11, 505337, 60968314.0,
614, 496673, 1, 12, 504678, 61628626.0,
615, 497287, 1, 11, 504070, 61790772.0,
616, 497916, 1, 11, 503441, 61695310.0,
617, 498560, 1, 11, 502798, 60778166.0,
618, 499167, 1, 11, 502186, 59787418.0,
619, 499789, 1, 11, 501566, 61024794.0,
620, 500395, 1, 11, 500955, 60401848.0,
621, 501027, 1, 11, 500324, 60524090.0,
622, 501662, 1, 11, 499695, 60633512.0,
623, 502288, 1, 11, 499069, 60589694.0,
624, 502900, 1, 11, 498458, 60306454.0,
625, 503540, 1, 11, 497813, 60373412.0,
626, 504153, 1, 11, 497205, 60241694.0,
627, 504773, 1, 10, 496577, 60247456.0,
628, 505387, 1, 10, 495963, 59928068.0,
629, 505995, 1, 11, 495357, 58947186.0,
630, 506641, 1, 10, 494713, 59016774.0,
631, 507254, 1, 10, 494102, 57996842.0,
632, 507864, 1, 10, 493492, 57333524.0,
633, 508488, 1, 10, 492868, 57328820.0,
634, 509113, 1, 9, 492243, 56606548.0,
635, 509715, 1, 10, 491637, 56119784.0,
636, 510331, 1, 10, 491024, 55430530.0,
637, 510941, 1, 10, 490409, 55018442.0,
638, 511571, 1, 10, 489782, 53933002.0,
639, 512171, 1, 10, 489185, 53338412.0,
640, 512761, 1, 10, 488590, 53259752.0,
641, 513384, 1, 10, 487969, 53525560.0,
642, 513995, 1, 10, 487361, 53699122.0,
643, 514628, 1, 10, 486729, 54084978.0,
644, 515234, 1, 10, 486121, 54004354.0,
645, 515838, 1, 10, 485513, 53499442.0,
646, 516448, 1, 10, 484904, 53887742.0,
647, 517051, 1, 10, 484303, 54291610.0,
648, 517666, 1, 10, 483690, 53907404.0,
649, 518283, 1, 10, 483078, 54081230.0,
650, 518886, 1, 10, 482472, 53742208.0,
651, 519494, 1, 10, 481859, 53636034.0,
652, 520117, 1, 10, 481240, 53688972.0,
653, 520698, 1, 10, 480656, 54163052.0,
654, 521292, 1, 9, 480062, 53811158.0,
655, 521893, 1, 9, 479456, 53607000.0,
656, 522489, 1, 10, 478858, 53090212.0,
657, 523076, 1, 9, 478271, 52848982.0,
658, 523690, 1, 9, 477661, 52431364.0,
659, 524302, 1, 9, 477056, 51596284.0,
660, 524904, 1, 9, 476453, 51544384.0,
661, 525502, 1, 9, 475856, 51936966.0,
662, 526084, 1, 9, 475275, 51388608.0,
663, 526686, 1, 9, 474672, 51089932.0,
664, 527272, 1, 9, 474082, 51499370.0,
665, 527862, 1, 9, 473485, 52087896.0,
666, 528464, 1, 9, 472891, 52399032.0,
667, 529070, 1, 9, 472282, 52150942.0,
668, 529668, 1, 9, 471687, 51518674.0,
669, 530268, 1, 10, 471088, 51229066.0,
670, 530851, 1, 9, 470506, 50912774.0,
671, 531448, 1, 9, 469906, 50857788.0,
672, 532041, 1, 9, 469316, 50314464.0,
673, 532622, 1, 9, 468732, 49726560.0,
674, 533215, 1, 9, 468142, 49407142.0,
675, 533791, 1, 9, 467568, 49254292.0,
676, 534376, 1, 9, 466980, 49041596.0,
677, 534966, 1, 9, 466391, 48906306.0,
678, 535559, 1, 9, 465795, 48228506.0,
679, 536136, 1, 8, 465219, 48231650.0,
680, 536713, 1, 9, 464646, 48239640.0,
681, 537299, 1, 8, 464055, 48234802.0,
682, 537880, 1, 8, 463472, 48109500.0,
683, 538479, 1, 8, 462873, 47791350.0,
684, 539086, 1, 8, 462271, 47480604.0,
685, 539648, 1, 8, 461707, 46872962.0,
686, 540232, 1, 8, 461124, 46749460.0,
687, 540783, 1, 8, 460575, 46450102.0,
688, 541351, 1, 8, 460004, 45540082.0,
689, 541932, 1, 9, 459424, 45214222.0,
690, 542504, 1, 8, 458852, 45374270.0,
691, 543104, 1, 8, 458251, 45784500.0,
692, 543668, 1, 8, 457690, 45628132.0,
693, 544238, 1, 8, 457116, 45247856.0,
694, 544813, 1, 8, 456542, 44614694.0,
695, 545370, 1, 8, 455987, 44349262.0,
696, 545925, 1, 8, 455433, 43921900.0,
697, 546499, 1, 8, 454858, 43985860.0,
698, 547044, 1, 8, 454311, 43397224.0,
699, 547616, 1, 8, 453744, 43456884.0,
700, 548174, 1, 8, 453183, 43594550.0,
701, 548760, 1, 8, 452599, 44168598.0,
702, 549329, 1, 8, 452031, 45115910.0,
703, 549904, 1, 8, 451454, 45137856.0,
704, 550448, 1, 8, 450911, 45408646.0,
705, 551024, 1, 8, 450331, 45421914.0,
706, 551580, 1, 8, 449773, 44563142.0,
707, 552146, 1, 8, 449211, 44385778.0,
708, 552727, 1, 8, 448630, 44199510.0,
709, 553256, 1, 8, 448102, 44067932.0,
710, 553804, 1, 8, 447550, 43949538.0,
711, 554372, 1, 8, 446985, 44191450.0,
712, 554944, 1, 8, 446415, 43833900.0,
713, 555496, 1, 8, 445860, 44128204.0,
714, 556051, 1, 8, 445302, 43734864.0,
715, 556635, 1, 8, 444723, 43381874.0,
716, 557210, 1, 8, 444148, 42415382.0,
717, 557758, 1, 8, 443599, 41915562.0,
718, 558316, 1, 7, 443043, 42414734.0,
719, 558869, 1, 8, 442489, 42468700.0,
