0, 1001365, 0, 0, 0, 0.0,
1, 991352, 10011, 2, 0, 0.0,
2, 980830, 10521, 10013, 0, 5343738112.0,
3, 972336, 18981, 10054, 0, 10186287104.0,
4, 965101, 25890, 10379, 0, 14626568192.0,
5, 958875, 31035, 11438, 2, 18978500608.0,
6, 953052, 34638, 13642, 12, 23755709440.0,
7, 946981, 37314, 17040, 48, 29563682816.0,
8, 940277, 39495, 21455, 140, 36902897664.0,
9, 932872, 41697, 26482, 327, 46079393792.0,
10, 924881, 44103, 31838, 630, 57120817152.0,
11, 916344, 46767, 37270, 1059, 69970538496.0,
12, 907388, 49710, 42774, 1603, 84512309248.0,
13, 897991, 52718, 48379, 2223, 100473704448.0,
14, 888492, 55724, 54131, 2915, 117882372096.0,
15, 878786, 58729, 60169, 3664, 136781688832.0,
16, 868626, 61730, 66430, 4486, 157050994688.0,
17, 858228, 64747, 72949, 5418, 178751365120.0,
18, 847470, 67729, 79644, 6468, 201750585344.0,
19, 836661, 70706, 86435, 7654, 226114985984.0,
20, 825277, 73648, 93370, 9019, 251779940352.0,
21, 813981, 76413, 100360, 10541, 278545039360.0,
22, 802342, 79454, 107456, 12219, 306428182528.0,
23, 790552, 82214, 114592, 14042, 335454683136.0,
24, 778668, 85037, 121780, 15908, 365420675072.0,
25, 766688, 87762, 129159, 17883, 396253364224.0,
26, 754438, 90292, 136566, 19899, 427800100864.0,
27, 742420, 92860, 144146, 21942, 460382732288.0,
28, 730172, 95431, 151827, 24000, 493770260480.0,
29, 717731, 97904, 159629, 26109, 527935193088.0,
30, 705329, 100323, 167552, 28225, 562924683264.0,
31, 692740, 102759, 175550, 30257, 598622404608.0,
32, 680199, 105071, 183751, 32399, 635172356096.0,
33, 667512, 107313, 192077, 34470, 672542916608.0,
34, 654714, 109552, 200684, 36574, 710755155968.0,
35, 641796, 111702, 209212, 38647, 749477593088.0,
36, 629279, 113578, 217912, 40753, 788914667520.0,
37, 616550, 115488, 226773, 42826, 829405757440.0,
38, 603677, 117190, 235771, 44865, 870606929920.0,
39, 590998, 118797, 244734, 46977, 912431874048.0,
40, 578139, 120403, 253943, 48985, 954832683008.0,
41, 565246, 121892, 263115, 50930, 997819973632.0,
42, 552903, 123008, 272570, 53030, 1041640816640.0,
43, 540015, 124300, 281879, 55046, 1086305075200.0,
44, 527710, 125286, 291321, 56978, 1131239768064.0,
45, 515443, 126097, 300663, 58949, 1176742592512.0,
46, 503368, 126723, 310168, 60901, 1223025557504.0,
47, 491367, 127383, 319603, 62753, 1269384871936.0,
48, 479328, 127865, 329030, 64702, 1316454793216.0,
49, 468054, 128091, 338448, 66550, 1363852132352.0,
50, 456685, 128617, 347727, 68416, 1411553755136.0,
51, 444964, 129225, 357178, 70232, 1459173851136.0,
52, 433783, 129154, 366265, 72007, 1507178708992.0,
53, 422672, 129417, 375512, 73789, 1555754385408.0,
54, 411906, 129248, 384734, 75459, 1603797909504.0,
55, 401718, 129107, 393555, 77200, 1652135821312.0,
56, 391169, 128812, 402469, 78910, 1700477009920.0,
57, 380746, 128591, 411344, 80583, 1748623294464.0,
58, 370709, 128361, 420074, 82246, 1796614389760.0,
59, 361281, 127916, 428544, 83783, 1844697235456.0,
60, 351872, 127344, 437026, 85405, 1892192813056.0,
61, 342365, 126830, 445264, 86946, 1939469959168.0,
62, 333723, 125900, 453392, 88396, 1986253881344.0,
63, 324919, 125104, 461199, 89857, 2032831496192.0,
64, 316490, 124453, 468962, 91302, 2078929518592.0,
65, 308087, 123906, 476580, 92693, 2124791873536.0,
66, 300451, 122964, 483843, 94023, 2169872121856.0,
67, 292899, 121995, 491146, 95323, 2214461440000.0,
68, 285399, 120964, 498254, 96620, 2258879905792.0,
69, 277948, 120121, 505088, 97848, 2302079139840.0,
70, 271015, 119154, 511742, 99085, 2344392982528.0,
71, 264105, 118129, 518432, 100240, 2385892081664.0,
72, 258026, 117357, 524774, 101382, 2426200129536.0,
73, 251512, 116131, 530964, 102534, 2466587607040.0,
74, 245432, 115261, 536976, 103636, 2505984180224.0,
75, 239851, 114145, 542547, 104653, 2544464429056.0,
76, 234459, 113279, 547960, 105618, 2583369875456.0,
77, 228795, 112375, 553420, 106713, 2620826845184.0,
78, 223722, 111497, 558623, 107695, 2656874528768.0,
79, 218907, 110263, 563660, 108508, 2691901685760.0,
80, 214414, 109158, 568612, 109408, 2726490275840.0,
81, 209881, 108387, 573067, 110301, 2760093335552.0,
82, 205704, 107160, 577744, 111058, 2792633663488.0,
83, 202022, 105903, 581815, 111888, 2824467382272.0,
84, 198117, 104869, 586002, 112593, 2855281098752.0,
85, 194299, 103834, 590167, 113218, 2885136154624.0,
86, 190421, 102955, 594021, 113849, 2914210676736.0,
87, 186986, 101929, 597543, 114404, 2941700931584.0,
88, 183968, 101111, 600946, 115069, 2969860046848.0,
89, 181005, 100237, 604527, 115567, 2995969064960.0,
90, 177944, 99328, 607976, 116131, 3020620300288.0,
91, 175461, 98597, 611096, 116609, 3045143609344.0,
92, 172446, 97566, 614024, 117091, 3069486301184.0,
93, 170289, 96872, 616816, 117648, 3092552089600.0,
94, 167741, 96070, 619491, 118026, 3114692247552.0,
95, 165717, 95305, 621854, 118352, 3136241926144.0,
96, 163506, 94485, 624632, 118710, 3157032697856.0,
97, 161136, 93923, 627063, 119065, 3176873721856.0,
98, 159170, 93035, 629410, 119419, 3195740880896.0,
99, 157210, 92586, 631608, 119813, 3214232911872.0,
100, 155935, 91851, 633860, 120081, 3231814254592.0,
101, 154413, 91011, 635819, 120368, 3249275797504.0,
102, 152915, 90233, 637571, 120562, 3265805025280.0,
103, 151727, 89794, 639316, 120854, 3280694673408.0,
104, 150238, 89262, 640966, 121040, 3295754977280.0,
105, 149087, 88618, 642641, 121253, 3310152974336.0,
106, 147781, 88186, 644023, 121432, 3323735179264.0,
107, 146598, 87594, 645434, 121581, 3337191292928.0,
108, 145353, 87275, 647003, 121806, 3349836333056.0,
109, 144262, 86850, 648308, 122023, 3361920647168.0,
110, 143322, 86304, 649577, 122131, 3373586317312.0,
111, 142499, 86065, 650712, 122267, 3384433836032.0,
112, 141705, 85449, 651862, 122442, 3395064168448.0,
113, 140744, 84974, 652941, 122545, 3404857999360.0,
114, 139957, 84595, 654062, 122719, 3414591143936.0,
115, 139511, 84200, 654892, 122797, 3423967641600.0,
116, 138784, 83778, 655998, 122922, 3432722595840.0,
117, 138248, 83375, 656615, 123108, 3441365352448.0,
118, 137812, 82970, 657306, 123069, 3449635733504.0,
119, 137419, 82855, 658017, 123159, 3457541341184.0,
120, 136929, 82857, 658716, 123211, 3464853454848.0,
121, 136552, 82427, 659224, 123285, 3471902507008.0,
122, 136232, 82117, 659770, 123367, 3478538289152.0,
123, 135649, 81788, 660307, 123427, 3484598927360.0,
124, 135360, 81708, 660753, 123475, 3490856042496.0,
125, 134945, 81470, 661211, 123570, 3496579956736.0,
126, 134769, 81271, 661774, 123561, 3501579567104.0,
127, 134411, 81107, 662231, 123618, 3506468552704.0,
128, 133697, 81185, 662598, 123681, 3510782656512.0,
129, 133882, 80998, 663022, 123741, 3514701447168.0,
130, 133797, 80758, 663318, 123765, 3518684725248.0,
131, 133699, 80635, 663589, 123875, 3522703261696.0,
132, 133031, 80586, 663914, 123954, 3526509461504.0,
133, 132873, 80315, 664045, 123932, 3530290495488.0,
134, 132684, 80188, 664536, 123969, 3533971914752.0,
135, 132837, 79945, 664791, 124005, 3537335484416.0,
136, 132701, 79777, 664842, 123996, 3540284473344.0,
137, 132785, 79876, 665130, 124067, 3542451879936.0,
138, 132585, 79699, 665047, 124019, 3544740265984.0,
139, 132606, 79555, 665213, 124021, 3546837286912.0,
140, 132860, 79342, 665152, 124122, 3548710436864.0,
141, 132689, 79294, 665266, 124110, 3551065538560.0,
142, 132732, 79218, 665294, 124118, 3552654786560.0,
143, 132596, 79341, 665471, 124094, 3554249539584.0,
144, 132455, 79281, 665511, 124081, 3555815587840.0,
145, 132486, 79128, 665714, 124050, 3557325012992.0,
146, 132328, 79306, 665846, 124067, 3558794592256.0,
147, 132219, 79222, 665755, 124068, 3560051965952.0,
148, 132128, 79155, 665976, 124126, 3561514729472.0,
149, 131908, 79219, 666109, 124142, 3562662002688.0,
150, 132047, 79067, 666113, 124129, 3563511611392.0,
151, 131818, 79188, 666181, 124115, 3564573949952.0,
152, 131532, 79300, 666222, 124133, 3565391446016.0,
153, 131439, 79205, 666337, 124098, 3566096875520.0,
154, 131495, 79257, 666442, 124159, 3566732181504.0,
155, 131572, 79103, 666473, 124134, 3567604465664.0,
156, 131558, 78915, 666581, 124139, 3568299147264.0,
157, 131522, 78793, 666672, 124048, 3569161076736.0,
158, 131749, 78777, 666608, 124129, 3569701093376.0,
159, 131509, 78856, 666745, 124104, 3570530648064.0,
160, 131624, 78917, 666736, 124097, 3571013255168.0,
161, 131869, 78888, 666832, 124097, 3571740180480.0,
162, 131711, 78818, 666860, 124053, 3571988430848.0,
163, 131528, 78907, 666858, 124014, 3572223049728.0,
164, 131621, 78932, 666933, 124030, 3572988116992.0,
165, 131235, 79004, 667129, 124072, 3573301772288.0,
166, 131232, 78868, 667265, 124081, 3573620277248.0,
167, 131396, 78866, 667217, 124095, 3574033940480.0,
168, 131174, 78908, 667169, 124088, 3574705815552.0,
169, 131071, 78756, 667244, 124122, 3575206903808.0,
170, 131077, 78998, 667212, 124165, 3575338500096.0,
171, 131344, 78711, 667234, 124128, 3575861346304.0,
172, 131399, 78656, 667112, 124132, 3576254038016.0,
173, 131446, 78751, 667100, 124172, 3576429019136.0,
174, 131286, 78761, 667006, 124152, 3576422465536.0,
175, 131113, 78783, 667023, 124185, 3576519458816.0,
176, 131090, 78910, 667019, 124224, 3576477384704.0,
177, 131217, 78735, 667174, 124205, 3576545673216.0,
178, 131152, 78864, 667216, 124258, 3576590893056.0,
179, 130775, 78708, 667291, 124235, 3576384847872.0,
180, 131385, 78696, 667214, 124207, 3576703614976.0,
181, 131519, 78542, 667185, 124235, 3577070485504.0,
182, 131523, 78453, 667001, 124241, 3577151488000.0,
183, 131395, 78608, 667089, 124280, 3577508921344.0,
184, 131476, 78657, 667043, 124237, 3577467764736.0,
185, 131502, 78605, 667030, 124264, 3577343639552.0,
186, 131784, 78544, 666915, 124313, 3577507872768.0,
187, 131971, 78522, 666737, 124284, 3577279152128.0,
188, 131852, 78574, 666747, 124268, 3577445220352.0,
189, 131678, 78633, 666730, 124255, 3577650085888.0,
190, 131651, 78792, 666745, 124199, 3577568165888.0,
191, 131282, 78845, 666718, 124274, 3577303924736.0,
192, 131504, 78872, 666601, 124216, 3577143885824.0,
193, 131254, 78875, 666816, 124199, 3577026445312.0,
194, 131406, 78826, 666679, 124215, 3576784224256.0,
195, 131683, 78882, 666890, 124162, 3576772952064.0,
196, 131208, 78902, 666970, 124196, 3576816599040.0,
197, 131271, 78844, 666981, 124188, 3576521949184.0,
198, 131369, 78884, 666857, 124192, 3576362696704.0,
199, 131209, 78822, 666910, 124248, 3576392056832.0,
200, 131289, 78625, 667008, 124251, 3576365318144.0,
201, 131496, 78696, 666830, 124227, 3576423645184.0,
202, 131184, 78704, 667079, 124221, 3576781471744.0,
203, 131343, 78741, 667008, 124112, 3576723275776.0,
204, 131631, 78696, 667164, 124093, 3576666128384.0,
205, 131369, 78694, 667167, 124119, 3576980176896.0,
206, 131433, 78633, 667006, 124097, 3577236815872.0,
207, 131404, 78669, 667154, 124052, 3577299599360.0,
208, 131368, 78842, 667281, 124117, 3577254117376.0,
209, 131183, 78895, 667235, 124140, 3577671843840.0,
210, 130952, 78802, 667290, 124111, 3577701466112.0,
211, 130925, 78787, 667442, 124134, 3577681936384.0,
212, 130904, 78913, 667592, 124176, 3578184073216.0,
213, 131304, 78706, 667415, 124151, 3578450673664.0,
214, 131503, 78586, 667312, 124194, 3578476101632.0,
215, 131472, 78494, 667291, 124134, 3578408992768.0,
216, 131453, 78685, 667104, 124198, 3578525384704.0,
217, 131376, 78648, 667000, 124175, 3578375438336.0,
218, 131233, 78695, 667148, 124303, 3578329563136.0,
219, 131141, 78743, 667078, 124250, 3578121682944.0,
220, 130905, 78759, 667240, 124227, 3578016038912.0,
221, 131355, 78747, 667097, 124230, 3577816285184.0,
222, 131339, 78767, 667079, 124152, 3577986809856.0,
223, 131314, 78844, 667238, 124181, 3578165460992.0,
224, 131251, 78734, 667369, 124165, 3578091929600.0,
225, 131124, 78664, 667256, 124087, 3577733578752.0,
226, 131027, 78686, 667272, 124126, 3578136494080.0,
227, 131277, 78634, 667183, 124151, 3578164281344.0,
228, 131335, 78729, 667199, 124206, 3578223525888.0,
229, 131455, 78810, 667219, 124219, 3578299416576.0,
230, 131358, 78735, 667252, 124161, 3578382909440.0,
231, 131225, 78918, 667142, 124226, 3578585022464.0,
232, 131480, 78765, 667195, 124243, 3578128498688.0,
233, 131937, 78576, 666890, 124224, 3578261143552.0,
234, 131970, 78523, 666944, 124212, 3577762676736.0,
235, 131760, 78566, 666882, 124260, 3577322274816.0,
236, 131560, 78735, 666860, 124274, 3577442074624.0,
237, 131652, 78624, 666739, 124282, 3577114001408.0,
238, 131818, 78579, 666751, 124265, 3576827478016.0,
239, 131938, 78524, 666660, 124227, 3576685395968.0,
240, 131807, 78751, 666746, 124244, 3576365449216.0,
241, 131952, 78671, 666678, 124285, 3576368463872.0,
242, 131871, 78909, 666616, 124140, 3576266358784.0,
243, 131554, 78957, 666752, 124155, 3576346312704.0,
244, 131488, 78893, 666619, 124185, 3576148131840.0,
245, 131363, 78802, 666804, 124201, 3576220090368.0,
246, 131268, 78898, 666836, 124166, 3576110120960.0,
247, 131246, 78849, 666914, 124180, 3576244207616.0,
248, 131540, 78854, 666904, 124133, 3576176312320.0,
249, 131299, 78992, 666954, 124139, 3576379211776.0,
250, 131459, 78758, 667007, 124107, 3576563105792.0,
251, 131469, 78934, 667192, 124087, 3576208949248.0,
252, 131705, 78720, 666993, 124080, 3576499535872.0,
253, 131652, 78630, 666961, 124104, 3577044402176.0,
254, 131584, 78705, 666817, 124209, 3576654725120.0,
255, 131423, 78755, 666944, 124192, 3576571887616.0,
256, 131640, 78732, 666901, 124143, 3576699027456.0,
257, 131427, 78713, 666995, 124135, 3576581193728.0,
258, 131346, 78744, 666984, 124099, 3576398610432.0,
259, 131459, 78797, 666864, 124146, 3576387731456.0,
260, 131850, 78604, 666959, 124140, 3576362303488.0,
261, 131601, 78583, 667027, 124039, 3576325734400.0,
262, 131653, 78716, 666971, 124087, 3576655511552.0,
263, 131179, 78751, 667078, 124093, 3576452743168.0,
264, 131219, 78899, 667221, 124166, 3576947277824.0,
265, 130976, 79017, 667348, 124104, 3577173245952.0,
266, 130887, 78950, 667534, 124112, 3577503809536.0,
267, 130976, 78986, 667463, 124144, 3577648250880.0,
268, 131077, 78809, 667469, 124135, 3578163888128.0,
269, 131075, 78695, 667447, 124156, 3578474004480.0,
270, 131085, 78792, 667459, 124163, 3578472169472.0,
271, 131343, 78449, 667422, 124167, 3578565099520.0,
272, 131327, 78470, 667290, 124226, 3578313572352.0,
273, 131080, 78438, 667314, 124214, 3578088128512.0,
274, 131168, 78532, 667329, 124217, 3578224312320.0,
275, 131230, 78617, 667250, 124278, 3578399817728.0,
276, 131313, 78448, 667039, 124269, 3578426949632.0,
277, 131562, 78481, 667054, 124277, 3578448314368.0,
278, 131597, 78538, 667052, 124239, 3578038452224.0,
279, 131264, 78725, 667005, 124189, 3577859276800.0,
280, 131450, 78570, 666999, 124268, 3577832013824.0,
281, 131572, 78803, 667032, 124217, 3577796100096.0,
282, 131604, 78719, 666900, 124307, 3578102284288.0,
283, 131817, 78564, 666782, 124275, 3578200064000.0,
284, 131735, 78573, 666827, 124249, 3578042646528.0,
285, 131583, 78645, 666832, 124290, 3577476546560.0,
286, 131686, 78548, 666802, 124202, 3577746423808.0,
287, 131693, 78556, 666739, 124255, 3577303138304.0,
288, 131733, 78724, 666530, 124200, 3577299075072.0,
289, 131728, 78683, 666643, 124215, 3576752242688.0,
290, 131783, 78741, 666670, 124187, 3576778719232.0,
291, 131795, 78698, 666813, 124229, 3576573591552.0,
292, 131689, 78764, 666733, 124161, 3576468078592.0,
293, 131568, 78825, 666692, 124197, 3576271208448.0,
294, 131692, 78755, 666638, 124227, 3576354570240.0,
295, 131784, 78866, 666678, 124175, 3576388517888.0,
296, 131746, 78842, 666682, 124124, 3576683429888.0,
297, 131661, 78769, 666767, 124135, 3576752111616.0,
298, 131609, 78666, 666783, 124120, 3576363745280.0,
299, 131916, 78598, 666598, 124096, 3576654069760.0,
300, 131991, 78705, 666520, 124075, 3576316690432.0,
301, 131845, 78697, 666571, 124076, 3576234770432.0,
302, 131908, 78690, 666620, 124152, 3576316559360.0,
303, 131828, 78924, 666728, 124137, 3576362041344.0,
304, 131704, 78934, 666971, 124117, 3576480530432.0,
305, 131436, 79186, 667166, 124083, 3576687886336.0,
306, 131216, 79026, 667176, 124118, 3576588926976.0,
307, 131153, 78899, 667225, 124073, 3576727207936.0,
308, 131120, 78958, 667151, 124036, 3576873222144.0,
309, 130979, 78927, 667320, 124113, 3577170362368.0,
310, 131051, 78838, 667362, 124114, 3577134317568.0,
311, 131536, 78676, 667418, 124132, 3577707495424.0,
312, 131490, 78685, 667251, 124106, 3577779585024.0,
313, 131592, 78638, 667260, 124109, 3577563971584.0,
314, 131505, 78600, 667267, 124086, 3577810255872.0,
315, 131251, 78664, 667256, 124123, 3577776046080.0,
316, 131288, 78574, 667322, 124095, 3578135576576.0,
317, 131065, 78656, 667330, 124192, 3578445955072.0,
318, 131388, 78813, 667270, 124176, 3578451329024.0,
319, 131204, 78643, 667171, 124129, 3578272153600.0,
320, 131319, 78706, 667239, 124198, 3578067419136.0,
321, 131165, 78671, 667244, 124199, 3577900171264.0,
322, 131188, 78514, 667351, 124194, 3577876185088.0,
323, 131490, 78669, 667366, 124225, 3577833062400.0,
324, 131448, 78456, 667270, 124192, 3577850494976.0,
325, 131415, 78621, 667217, 124218, 3578037272576.0,
326, 131587, 78603, 667216, 124140, 3577982091264.0,
327, 131450, 78692, 667142, 124191, 3578084851712.0,
328, 131482, 78597, 667002, 124196, 3578332839936.0,
329, 131683, 78460, 667018, 124219, 3578178306048.0,
330, 131700, 78539, 667040, 124187, 3578291027968.0,
331, 131853, 78350, 667055, 124185, 3578043301888.0,
332, 131708, 78705, 666752, 124140, 3578155368448.0,
333, 131717, 78787, 666742, 124260, 3577504858112.0,
334, 131723, 78791, 666567, 124259, 3576945442816.0,
335, 131791, 78599, 666619, 124236, 3576599281664.0,
336, 131535, 78590, 666687, 124195, 3576540037120.0,
337, 131498, 78732, 666750, 124197, 3576291917824.0,
338, 131344, 78980, 666822, 124208, 3576061755392.0,
339, 131695, 79004, 666963, 124131, 3576015224832.0,
340, 131616, 78918, 666808, 124160, 3576378163200.0,
341, 131698, 78657, 666576, 124087, 3576315117568.0,
342, 131788, 78612, 666586, 124123, 3576330584064.0,
343, 132019, 78644, 666551, 124124, 3576430198784.0,
344, 131944, 78545, 666594, 124126, 3576017584128.0,
345, 131804, 78654, 666629, 124131, 3576002510848.0,
346, 131339, 78833, 666941, 124110, 3575999889408.0,
347, 131624, 78982, 666833, 124111, 3575874584576.0,
348, 131486, 78888, 666996, 124120, 3575813636096.0,
349, 131734, 78737, 666857, 124107, 3575335092224.0,
350, 131459, 78787, 666853, 124189, 3575279124480.0,
351, 131905, 78576, 666789, 124132, 3575588061184.0,
352, 131849, 78565, 666893, 124111, 3575771561984.0,
353, 131604, 78598, 666738, 124164, 3575790043136.0,
354, 131647, 78613, 666946, 124125, 3575648878592.0,
355, 131650, 78591, 666971, 124104, 3575690690560.0,
356, 131679, 78726, 666839, 124089, 3575637999616.0,
357, 131543, 78695, 666931, 124119, 3575766581248.0,
358, 131247, 78955, 666936, 124131, 3575997399040.0,
359, 131474, 78931, 667000, 124101, 3576321277952.0,
360, 131174, 78780, 667039, 124149, 3576334385152.0,
361, 131205, 78969, 667292, 124147, 3576294801408.0,
362, 131255, 78829, 667202, 124164, 3576557731840.0,
363, 131374, 78734, 667161, 124176, 3576864833536.0,
364, 131724, 78616, 666976, 124204, 3576928665600.0,
365, 131348, 78753, 666971, 124139, 3576990793728.0,
366, 131361, 78788, 667079, 124176, 3577332498432.0,
367, 131154, 78759, 667199, 124157, 3577651920896.0,
368, 131278, 78741, 667140, 124128, 3577227509760.0,
369, 131289, 78754, 667153, 124149, 3577395806208.0,
370, 131317, 78793, 667170, 124091, 3577546932224.0,
371, 131315, 78733, 667244, 124088, 3577454002176.0,
372, 131468, 78708, 667373, 124080, 3577435914240.0,
373, 131212, 78531, 667384, 124061, 3577443254272.0,
374, 131018, 78694, 667342, 124111, 3577462915072.0,
375, 131142, 78612, 667367, 124104, 3577791381504.0,
376, 131374, 78768, 667292, 124095, 3578025082880.0,
377, 131457, 78631, 667081, 124125, 3578347126784.0,
378, 131205, 78709, 667055, 124159, 3578223394816.0,
379, 131384, 78783, 666978, 124154, 3577841713152.0,
380, 131598, 78557, 667119, 124159, 3578114080768.0,
381, 131223, 78491, 667061, 124189, 3578008961024.0,
382, 131328, 78762, 667045, 124258, 3577783386112.0,
383, 131347, 78643, 666974, 124261, 3577683771392.0,
384, 131086, 78770, 667077, 124298, 3577516392448.0,
385, 131435, 78659, 666993, 124250, 3577603817472.0,
386, 131804, 78551, 666844, 124327, 3577458851840.0,
387, 131613, 78745, 666914, 124303, 3577397510144.0,
388, 131695, 78770, 666949, 124256, 3577316900864.0,
389, 131367, 78818, 666930, 124305, 3577114656768.0,
390, 131501, 78786, 667000, 124237, 3577134186496.0,
391, 131736, 78780, 667003, 124232, 3577001672704.0,
392, 131738, 78669, 666787, 124186, 3577108365312.0,
393, 131603, 78777, 666839, 124208, 3576987910144.0,
394, 131524, 78633, 666952, 124176, 3576851202048.0,
395, 131415, 78803, 666935, 124176, 3576600854528.0,
396, 131395, 78634, 666931, 124188, 3576547115008.0,
397, 131395, 78762, 666941, 124173, 3576599019520.0,
398, 131583, 78743, 666973, 124159, 3576876105728.0,
399, 131605, 78736, 666881, 124107, 3576864702464.0,
400, 131564, 78684, 666934, 124144, 3576738086912.0,
401, 131595, 78588, 666954, 124231, 3576836128768.0,
402, 131461, 78538, 666987, 124147, 3576931024896.0,
403, 131420, 78553, 667019, 124174, 3576852250624.0,
404, 131177, 79031, 667188, 124147, 3576930107392.0,
405, 131493, 78814, 667118, 124177, 3577043091456.0,
406, 131296, 78779, 666913, 124088, 3576957894656.0,
407, 131117, 78798, 667042, 124151, 3577302482944.0,
408, 131510, 78730, 667072, 124113, 3577199067136.0,
409, 131318, 78559, 667100, 124184, 3577403932672.0,
410, 131487, 78776, 667101, 124143, 3577359761408.0,
411, 131711, 78738, 667076, 124099, 3577540247552.0,
412, 131762, 78482, 666996, 124175, 3577586647040.0,
413, 131552, 78653, 667024, 124103, 3577361072128.0,
414, 131484, 78502, 666995, 124128, 3577348882432.0,
415, 131883, 78582, 666824, 124145, 3577352028160.0,
416, 131855, 78777, 666805, 124156, 3577453740032.0,
417, 131921, 78629, 666955, 124093, 3577450070016.0,
418, 131837, 78616, 666827, 124179, 3577004032000.0,
419, 131645, 78610, 666815, 124183, 3576616845312.0,
420, 131637, 78536, 666813, 124085, 3576847794176.0,
421, 131751, 78607, 666830, 124140, 3576921325568.0,
422, 131722, 78588, 666849, 124131, 3576455757824.0,
423, 131580, 78657, 666762, 124159, 3576806113280.0,
424, 131181, 78810, 666807, 124156, 3576410537984.0,
425, 131280, 78938, 666896, 124138, 3576149049344.0,
426, 131509, 78586, 666892, 124120, 3576113397760.0,
427, 131607, 78669, 666971, 124175, 3575882973184.0,
428, 131469, 78741, 666885, 124178, 3576034885632.0,
429, 131454, 78771, 667031, 124245, 3575833690112.0,
430, 131636, 78582, 666951, 124227, 3575799087104.0,
431, 131658, 78519, 667023, 124197, 3575971184640.0,
432, 131549, 78882, 666970, 124199, 3576073420800.0,
433, 131568, 78803, 666882, 124174, 3576028332032.0,
434, 131636, 78565, 666850, 124287, 3576285102080.0,
435, 131476, 78728, 666977, 124207, 3576663375872.0,
436, 131417, 78849, 667050, 124209, 3576779112448.0,
437, 131189, 78783, 667013, 124194, 3576628772864.0,
438, 131235, 78835, 666946, 124193, 3576766660608.0,
439, 131216, 78814, 666855, 124125, 3576858148864.0,
440, 131550, 78797, 666797, 124217, 3577003769856.0,
441, 131476, 78649, 666949, 124139, 3577098797056.0,
442, 131592, 78657, 667022, 124124, 3576714756096.0,
443, 131541, 78638, 667025, 124147, 3576882266112.0,
444, 131525, 78596, 667047, 124124, 3576965365760.0,
445, 131571, 78569, 667080, 124112, 3576872828928.0,
446, 131864, 78568, 667115, 124101, 3576735334400.0,
447, 131746, 78580, 667147, 124201, 3576951603200.0,
448, 131591, 78658, 666990, 124146, 3576487477248.0,
449, 131823, 78503, 666823, 124187, 3576577392640.0,
450, 131774, 78494, 666705, 124104, 3576329666560.0,
451, 131787, 78473, 666642, 124048, 3576557600768.0,
452, 131973, 78553, 666627, 124116, 3576687624192.0,
453, 131729, 78682, 666857, 124106, 3576362696704.0,
454, 131800, 78777, 666651, 124210, 3575995170816.0,
455, 131769, 78752, 666629, 124211, 3575778115584.0,
456, 131657, 78797, 666648, 124211, 3575807475712.0,
457, 131528, 78669, 666636, 124229, 3575585439744.0,
458, 131345, 78953, 666813, 124182, 3575895425024.0,
459, 131198, 78898, 666919, 124195, 3575930290176.0,
460, 131164, 78942, 666940, 124240, 3576131092480.0,
461, 131143, 78948, 667022, 124231, 3576491016192.0,
462, 131247, 78895, 667026, 124164, 3576915820544.0,
463, 131150, 78913, 667111, 124102, 3576923029504.0,
464, 131053, 78958, 667052, 124133, 3576619597824.0,
465, 131328, 78779, 667082, 124164, 3577162760192.0,
466, 131161, 78639, 667180, 124192, 3577018974208.0,
467, 131128, 78625, 667233, 124192, 3577207717888.0,
468, 131333, 78772, 667318, 124197, 3577213353984.0,
469, 131238, 78741, 667275, 124117, 3577237864448.0,
470, 131080, 78789, 667157, 124101, 3577191596032.0,
471, 131051, 78677, 667277, 124118, 3577374572544.0,
472, 131297, 78756, 667184, 124175, 3577331974144.0,
473, 131396, 78609, 667311, 124080, 3577985892352.0,
474, 131232, 78551, 667364, 124149, 3577688621056.0,
475, 131210, 78587, 667092, 124208, 3577774211072.0,
476, 130976, 78763, 667442, 124210, 3578251051008.0,
477, 131311, 78717, 667289, 124190, 3578100711424.0,
478, 131203, 78559, 667283, 124176, 3578195738624.0,
479, 131534, 78695, 667219, 124211, 3577994936320.0,
480, 131587, 78767, 667306, 124181, 3578180665344.0,
481, 131485, 78738, 667232, 124231, 3578354335744.0,
482, 131381, 78587, 667249, 124199, 3578398507008.0,
483, 131395, 78734, 667124, 124129, 3577922846720.0,
484, 131351, 78587, 667030, 124179, 3577713786880.0,
485, 131464, 78572, 667058, 124154, 3577687703552.0,
486, 131459, 78692, 667117, 124095, 3577629507584.0,
487, 131104, 78891, 667114, 124120, 3577532121088.0,
488, 131145, 78974, 667306, 124167, 3577786138624.0,
489, 131171, 78937, 667252, 124180, 3578020626432.0,
490, 131313, 78693, 667186, 124226, 3578076594176.0,
491, 131463, 78617, 667023, 124234, 3578180534272.0,
492, 131572, 78663, 667106, 124212, 3578054574080.0,
493, 131394, 78586, 667140, 124238, 3577967935488.0,
494, 131517, 78616, 667083, 124171, 3577994543104.0,
495, 131476, 78795, 666984, 124081, 3578074103808.0,
496, 131612, 78638, 666984, 124113, 3577867796480.0,
497, 131758, 78663, 666922, 124117, 3577451380736.0,
498, 131322, 78774, 666945, 124089, 3577270894592.0,
499, 131039, 78903, 667089, 124080, 3576940855296.0,
500, 131040, 78831, 667080, 124126, 3576839405568.0,
501, 131469, 78731, 667098, 124199, 3576602034176.0,
502, 131365, 78665, 667127, 124233, 3577132613632.0,
503, 131231, 78847, 667130, 124244, 3577052659712.0,
504, 131584, 78760, 667044, 124270, 3577318604800.0,
505, 131509, 78726, 666981, 124217, 3577246777344.0,
506, 131494, 78652, 666796, 124263, 3577039945728.0,
507, 131346, 78579, 667005, 124193, 3577156993024.0,
508, 131357, 78667, 667072, 124160, 3576957239296.0,
509, 131487, 78595, 666793, 124211, 3576547508224.0,
510, 131233, 78926, 667010, 124218, 3576419319808.0,
511, 131319, 78683, 666960, 124225, 3576698634240.0,
512, 131256, 78763, 666909, 124220, 3576783699968.0,
513, 131443, 78798, 666817, 124215, 3576945836032.0,
514, 131567, 78830, 667016, 124186, 3576815681536.0,
515, 131191, 78684, 666850, 124200, 3576957108224.0,
516, 131640, 78804, 666919, 124214, 3576999444480.0,
517, 131414, 78893, 667006, 124235, 3576768102400.0,
518, 131311, 78817, 666898, 124274, 3577056985088.0,
519, 131480, 78660, 666940, 124207, 3577102073856.0,
520, 131758, 78432, 666872, 124198, 3576669929472.0,
521, 131481, 78620, 666893, 124100, 3576764039168.0,
522, 131607, 78840, 667044, 124068, 3576816730112.0,
523, 131565, 78669, 667113, 124144, 3576510808064.0,
524, 131813, 78795, 667071, 124101, 3576688410624.0,
525, 131583, 78722, 667089, 124037, 3576633229312.0,
526, 131506, 78613, 667040, 124062, 3576779767808.0,
527, 131644, 78576, 667067, 124162, 3577084248064.0,
528, 131410, 78687, 667105, 124067, 3577171410944.0,
529, 131459, 78504, 667104, 124097, 3577418481664.0,
530, 131534, 78599, 666932, 124109, 3577572884480.0,
531, 131491, 78732, 666952, 124154, 3577139167232.0,
532, 131423, 78680, 666916, 124208, 3577143099392.0,
533, 131430, 78768, 666866, 124235, 3576948195328.0,
534, 131752, 78577, 666787, 124263, 3576973361152.0,
535, 131818, 78661, 666838, 124170, 3576715804672.0,
536, 131911, 78707, 666718, 124226, 3576885805056.0,
537, 131631, 78788, 666696, 124237, 3576710037504.0,
538, 131609, 78847, 666649, 124260, 3576585650176.0,
539, 131543, 78813, 666648, 124281, 3576287723520.0,
540, 131508, 78787, 666643, 124237, 3576121131008.0,
541, 131789, 78783, 666637, 124251, 3576326914048.0,
542, 131413, 78952, 667003, 124149, 3576454053888.0,
543, 131430, 78765, 666882, 124166, 3576126767104.0,
544, 131327, 78808, 666948, 124130, 3575944052736.0,
545, 131651, 78705, 666990, 124143, 3575760420864.0,
546, 131633, 78685, 666919, 124160, 3575754915840.0,
547, 131542, 78802, 666933, 124113, 3575558045696.0,
548, 131488, 78862, 666890, 124062, 3575575347200.0,
549, 131633, 78522, 666874, 124121, 3575861346304.0,
550, 131670, 78615, 667031, 124146, 3575774314496.0,
551, 131589, 78679, 666986, 124175, 3575987699712.0,
552, 131441, 78778, 667043, 124167, 3576132534272.0,
553, 131540, 78654, 666995, 124120, 3576256266240.0,
554, 131610, 78843, 666889, 124151, 3576232017920.0,
555, 131676, 78700, 666785, 124099, 3576678711296.0,
556, 131958, 78509, 666787, 124038, 3577120161792.0,
557, 131756, 78684, 666843, 123980, 3577129730048.0,
558, 131585, 78892, 667007, 123996, 3577063669760.0,
559, 131733, 78671, 666945, 123974, 3577102860288.0,
560, 131720, 78596, 666997, 124116, 3577206800384.0,
561, 131861, 78605, 666809, 124142, 3577105612800.0,
562, 131475, 78787, 667167, 124106, 3577156468736.0,
563, 131318, 78834, 666982, 124139, 3576856969216.0,
564, 131308, 78773, 667039, 124152, 3576885805056.0,
565, 131452, 78834, 667053, 124177, 3576774262784.0,
566, 131422, 78719, 666992, 124190, 3576711872512.0,
567, 131560, 78585, 666957, 124219, 3576747655168.0,
568, 131705, 78553, 666894, 124207, 3576958681088.0,
569, 131733, 78560, 666807, 124229, 3576958025728.0,
570, 131609, 78534, 666827, 124195, 3576701779968.0,
571, 131374, 78950, 666866, 124244, 3576551047168.0,
572, 131183, 78961, 666974, 124167, 3576667832320.0,
573, 131174, 78828, 667050, 124206, 3576597708800.0,
574, 131354, 78701, 666967, 124253, 3576392581120.0,
575, 131565, 78664, 666986, 124234, 3576301748224.0,
576, 131443, 78815, 667014, 124163, 3576531255296.0,
577, 131441, 78828, 667000, 124233, 3576267669504.0,
578, 131523, 78752, 666947, 124235, 3576663244800.0,
579, 131384, 78761, 667075, 124259, 3576779636736.0,
580, 131652, 78645, 667050, 124141, 3576693391360.0,
581, 131545, 78417, 667034, 124128, 3576668356608.0,
582, 131541, 78595, 667048, 124061, 3576791171072.0,
583, 131690, 78675, 667077, 124073, 3576524570624.0,
584, 131595, 78579, 667089, 124122, 3576577130496.0,
585, 131655, 78609, 666990, 124151, 3576605573120.0,
586, 131619, 78760, 667077, 124108, 3576668225536.0,
587, 131337, 78814, 667084, 124171, 3576625102848.0,
588, 131386, 78795, 667035, 124269, 3576867454976.0,
589, 131082, 78838, 667021, 124241, 3576665866240.0,
590, 131352, 78757, 667097, 124230, 3576691556352.0,
591, 131287, 78807, 667178, 124193, 3577102991360.0,
592, 131378, 78618, 667142, 124198, 3577438011392.0,
593, 131659, 78560, 666911, 124169, 3577431195648.0,
594, 131464, 78696, 666937, 124180, 3577207848960.0,
595, 131648, 78695, 666792, 124253, 3577374965760.0,
596, 131387, 78767, 666949, 124257, 3577470255104.0,
597, 131573, 78724, 666844, 124171, 3577430147072.0,
598, 131470, 78661, 666768, 124176, 3577250840576.0,
599, 131315, 78700, 666838, 124181, 3577226199040.0,
600, 131310, 78644, 667095, 124153, 3577063407616.0,
601, 131440, 78813, 667076, 124150, 3576967593984.0,
602, 131745, 78730, 667004, 124165, 3576760369152.0,
603, 131528, 78834, 666970, 124130, 3576696274944.0,
604, 131458, 78838, 667085, 124023, 3576636637184.0,
605, 131354, 78653, 667095, 124074, 3576980570112.0,
606, 131356, 78677, 667109, 124056, 3577072975872.0,
607, 131500, 78592, 667206, 124070, 3576599543808.0,
608, 131485, 78678, 666994, 124086, 3576800215040.0,
609, 131481, 78789, 667012, 124103, 3576625102848.0,
610, 131664, 78695, 666916, 124083, 3576694046720.0,
611, 131513, 78707, 667032, 124134, 3576718950400.0,
612, 131433, 78775, 666903, 124161, 3577289375744.0,
613, 131654, 78944, 666961, 124114, 3576994332672.0,
614, 131463, 78718, 666951, 124183, 3576961040384.0,
615, 131362, 78802, 667041, 124220, 3577095520256.0,
616, 131654, 78629, 666933, 124179, 3576814108672.0,
617, 131776, 78571, 666863, 124180, 3576637685760.0,
618, 131439, 78750, 667072, 124193, 3576775180288.0,
619, 131290, 78783, 666963, 124165, 3576313413632.0,
620, 131235, 78949, 667101, 124190, 3576670060544.0,
621, 131357, 78732, 666976, 124218, 3576600723456.0,
622, 131365, 78594, 667113, 124212, 3576356929536.0,
623, 131383, 78495, 667078, 124240, 3576677531648.0,
624, 131295, 78758, 667143, 124149, 3576794185728.0,
625, 131817, 78589, 667013, 124184, 3577184911360.0,
626, 131739, 78746, 667016, 124189, 3577110462464.0,
627, 131420, 78884, 666932, 124125, 3577212829696.0,
628, 131458, 78905, 666987, 124104, 3577186615296.0,
629, 131468, 78825, 666950, 124169, 3576838488064.0,
630, 131750, 78628, 666973, 124131, 3576830230528.0,
631, 131617, 78776, 666939, 124144, 3576858279936.0,
632, 131790, 78498, 666805, 124156, 3576175525888.0,
633, 131743, 78647, 666871, 124147, 3576685527040.0,
634, 131218, 78837, 666883, 124159, 3576987910144.0,
635, 131637, 78614, 666928, 124110, 3577179930624.0,
636, 131456, 78776, 666897, 124176, 3576963399680.0,
637, 131454, 78697, 666818, 124190, 3576801656832.0,
638, 131657, 78701, 666762, 124260, 3576521162752.0,
639, 131680, 78670, 666771, 124196, 3576330715136.0,
640, 131676, 78601, 666799, 124159, 3576332812288.0,
641, 131441, 78813, 666888, 124188, 3576346574848.0,
642, 131683, 78628, 666968, 124200, 3576570314752.0,
643, 131718, 78667, 666764, 124139, 3576602296320.0,
644, 131638, 78706, 666855, 124124, 3576707547136.0,
645, 131425, 78725, 666965, 124133, 3577047941120.0,
646, 131817, 78745, 666900, 124095, 3576834162688.0,
647, 131584, 78858, 667021, 124150, 3577203261440.0,
648, 131500, 78747, 667032, 124117, 3576968904704.0,
649, 131679, 78617, 666787, 124120, 3576687755264.0,
650, 131772, 78562, 666759, 124160, 3576472535040.0,
651, 131863, 78557, 666961, 124167, 3576508055552.0,
652, 131976, 78528, 666783, 124139, 3576581980160.0,
653, 131951, 78526, 666660, 124123, 3576751980544.0,
654, 131733, 78553, 666811, 124098, 3576926437376.0,
655, 131480, 78935, 666852, 124109, 3576556027904.0,
656, 131542, 78767, 666754, 124107, 3576398479360.0,
657, 131901, 78741, 666878, 124146, 3576092426240.0,
658, 131748, 78728, 666933, 124141, 3576025317376.0,
659, 131738, 78708, 666838, 124163, 3575718477824.0,
660, 131595, 78823, 666871, 124159, 3575939858432.0,
661, 131567, 78644, 667052, 124151, 3576058478592.0,
662, 131487, 78681, 666947, 124134, 3576151015424.0,
663, 131618, 78609, 666958, 124117, 3575976427520.0,
664, 131543, 78764, 667033, 124064, 3576124669952.0,
665, 131522, 78658, 666899, 124128, 3576263868416.0,
666, 131363, 78650, 667047, 124150, 3576234377216.0,
667, 131483, 78714, 667066, 124148, 3576284184576.0,
668, 131665, 78680, 666927, 124188, 3576536891392.0,
669, 131205, 78802, 666880, 124174, 3576523259904.0,
670, 131314, 78741, 666911, 124105, 3576730484736.0,
671, 131441, 78815, 666944, 124158, 3576528240640.0,
672, 131659, 78696, 666736, 124149, 3576262950912.0,
673, 131620, 78649, 666887, 124194, 3576235425792.0,
674, 131470, 78746, 667069, 124160, 3576706629632.0,
675, 131280, 78746, 666991, 124229, 3576359944192.0,
676, 131277, 78792, 666963, 124160, 3576449335296.0,
677, 131175, 78880, 666968, 124175, 3576527716352.0,
678, 131084, 78780, 667136, 124142, 3576519589888.0,
679, 131254, 78659, 667183, 124212, 3576748572672.0,
680, 131336, 78658, 667235, 124205, 3576905990144.0,
681, 131201, 78730, 667220, 124158, 3576727339008.0,
682, 131221, 78664, 667138, 124182, 3577135104000.0,
683, 131724, 78510, 667208, 124218, 3577372606464.0,
684, 131483, 78631, 667120, 124255, 3577492406272.0,
685, 131622, 78601, 666964, 124256, 3577919045632.0,
686, 131563, 78645, 666901, 124219, 3577722437632.0,
687, 131819, 78566, 667022, 124184, 3577231966208.0,
688, 131418, 78753, 666941, 124210, 3577180717056.0,
689, 131450, 78785, 666804, 124255, 3577134972928.0,
690, 131667, 78841, 666929, 124196, 3577044795392.0,
691, 131480, 78731, 666966, 124244, 3577210470400.0,
692, 131509, 78571, 666916, 124208, 3577115181056.0,
693, 131532, 78852, 667011, 124197, 3577155420160.0,
694, 131508, 78973, 666927, 124217, 3576897077248.0,
695, 131543, 78675, 666988, 124166, 3577323847680.0,
696, 131471, 78583, 667101, 124191, 3576886591488.0,
697, 131339, 78678, 667153, 124157, 3577088573440.0,
698, 131726, 78579, 667255, 124141, 3576847400960.0,
699, 131496, 78922, 667027, 124108, 3576743329792.0,
700, 131853, 78517, 666938, 124035, 3577023823872.0,
701, 131691, 78739, 666948, 124104, 3576834949120.0,
702, 131596, 78647, 667063, 124107, 3577255690240.0,
703, 131557, 78693, 666999, 124134, 3577337741312.0,
704, 131663, 78647, 666858, 124080, 3577067864064.0,
705, 131540, 78697, 666853, 124135, 3577108365312.0,
706, 131961, 78557, 666719, 124186, 3576890785792.0,
707, 131377, 78814, 666946, 124149, 3576654331904.0,
708, 131579, 78845, 666963, 124212, 3576575426560.0,
709, 131426, 78672, 666912, 124176, 3576812011520.0,
710, 131537, 78715, 666960, 124110, 3576581455872.0,
711, 131846, 78611, 666908, 124175, 3576923947008.0,
712, 131527, 78791, 667000, 124148, 3576920276992.0,
713, 131311, 78843, 666893, 124162, 3576986206208.0,
714, 131132, 78893, 666978, 124197, 3576630870016.0,
715, 131506, 78724, 666979, 124154, 3576947277824.0,
716, 131434, 78770, 667073, 124085, 3577138642944.0,
717, 131352, 78829, 667062, 124149, 3577360941056.0,
718, 131322, 78690, 667108, 124108, 3577479036928.0,
719, 131483, 78810, 667015, 124114, 3577109544960.0,
