0, 1001365, 0, 0, 0, 0.0,
1, 991352, 10011, 2, 0, 0.0,
2, 933, 990254, 10182, 0, 5356418560.0,
3, 0, 983781, 17581, 0, 11517444608.0,
4, 0, 943577, 57787, 0, 28639529984.0,
5, 0, 850556, 150806, 2, 79688343552.0,
6, 0, 712496, 288859, 14, 188670156800.0,
7, 0, 555477, 445828, 64, 367248605184.0,
8, 0, 405873, 595261, 220, 611081125888.0,
9, 0, 280493, 720225, 650, 904420491264.0,
10, 2, 184789, 814853, 1734, 1227157536768.0,
11, 0, 116742, 880392, 4236, 1560831983616.0,
12, 22, 71232, 920648, 9455, 1887568068608.0,
13, 1, 42187, 939794, 19373, 2203516403712.0,
14, 2, 24367, 940647, 36281, 2483698139136.0,
15, 2, 13924, 924869, 62525, 2732316295168.0,
16, 2, 7996, 893427, 99879, 2935189274624.0,
17, 3, 4873, 847196, 149258, 3134685577216.0,
18, 4, 3385, 787989, 209981, 3235569074176.0,
19, 5, 2860, 718337, 280145, 3343692333056.0,
20, 7, 2896, 641527, 356971, 3374474985472.0,
21, 9, 3255, 561147, 436993, 3359491227648.0,
22, 11, 3767, 481136, 516452, 3292130967552.0,
23, 11, 4346, 404781, 592235, 3187310460928.0,
24, 13, 4910, 334650, 661799, 3084531531776.0,
25, 15, 5395, 272572, 723386, 2922190340096.0,
26, 17, 5787, 219438, 776088, 2769585045504.0,
27, 17, 6042, 175554, 819754, 2600607547392.0,
28, 18, 6141, 140456, 854771, 2416382836736.0,
29, 19, 6126, 113282, 881998, 2245508726784.0,
30, 19, 5966, 92936, 902449, 2078386552832.0,
31, 18, 5735, 78351, 917273, 1914942521344.0,
32, 20, 5391, 68456, 927509, 1759774834688.0,
33, 19, 4997, 62219, 934142, 1617466621952.0,
34, 20, 4567, 58707, 938047, 1487925936128.0,
35, 20, 4147, 57233, 939952, 1371560148992.0,
36, 20, 3737, 57215, 940403, 1266889195520.0,
37, 21, 3329, 58151, 939847, 1170572181504.0,
38, 20, 2958, 59730, 938639, 1084454993920.0,
39, 21, 2642, 61654, 937038, 1008479698944.0,
40, 21, 2372, 63703, 935301, 941202833408.0,
41, 21, 2136, 65731, 933465, 881801658368.0,
42, 22, 1958, 67718, 931661, 829487710208.0,
43, 22, 1836, 69494, 930002, 783342370816.0,
44, 22, 1753, 71114, 928483, 742626689024.0,
45, 23, 1706, 72505, 927124, 706916188160.0,
46, 23, 1701, 73652, 925984, 675348938752.0,
47, 23, 1722, 74563, 925057, 647546765312.0,
48, 25, 1766, 75267, 924300, 622866726912.0,
49, 25, 1830, 75731, 923804, 601097076736.0,
50, 25, 1907, 75968, 923453, 581654937600.0,
51, 26, 1997, 76031, 923303, 564210663424.0,
52, 27, 2099, 75928, 923309, 548481908736.0,
53, 27, 2216, 75669, 923479, 534215983104.0,
54, 26, 2332, 75264, 923759, 521232596992.0,
55, 28, 2457, 74761, 924139, 509307011072.0,
56, 30, 2572, 74124, 924649, 498307268608.0,
57, 29, 2678, 73448, 925222, 488000536576.0,
58, 29, 2782, 72704, 925850, 478375739392.0,
59, 30, 2884, 71978, 926472, 469357232128.0,
60, 31, 2968, 71210, 927149, 460801589248.0,
61, 32, 3040, 70467, 927832, 452641341440.0,
62, 31, 3114, 69720, 928492, 444908568576.0,
63, 33, 3171, 68980, 929170, 437566636032.0,
64, 33, 3212, 68316, 929814, 430587019264.0,
65, 34, 3262, 67637, 930433, 424009760768.0,
66, 35, 3294, 67049, 930972, 417701658624.0,
67, 33, 3316, 66530, 931491, 411733295104.0,
68, 37, 3325, 66066, 931941, 406098591744.0,
69, 36, 3344, 65701, 932286, 400812081152.0,
70, 36, 3325, 65381, 932625, 395817172992.0,
71, 37, 3316, 65117, 932895, 391215448064.0,
72, 37, 3311, 64910, 933076, 386938732544.0,
73, 38, 3283, 64825, 933228, 383022333952.0,
74, 38, 3256, 64709, 933359, 379448475648.0,
75, 38, 3234, 64673, 933411, 376205721600.0,
76, 39, 3211, 64666, 933446, 373274591232.0,
77, 39, 3174, 64716, 933402, 370649366528.0,
78, 40, 3142, 64814, 933354, 368297787392.0,
79, 41, 3116, 64901, 933285, 366228799488.0,
80, 40, 3084, 65065, 933188, 364478562304.0,
81, 42, 3048, 65265, 933028, 362924867584.0,
82, 40, 3019, 65407, 932886, 361584443392.0,
83, 41, 2996, 65573, 932740, 360513257472.0,
84, 42, 2966, 65803, 932540, 359674134528.0,
85, 43, 2949, 65972, 932395, 359014318080.0,
86, 44, 2940, 66177, 932221, 358540509184.0,
87, 43, 2921, 66383, 932024, 358183124992.0,
88, 44, 2920, 66533, 931862, 357999099904.0,
89, 44, 2890, 66723, 931698, 357920948224.0,
90, 46, 2883, 66870, 931559, 357929844736.0,
91, 46, 2884, 67016, 931404, 358011338752.0,
92, 45, 2885, 67152, 931276, 358197805056.0,
93, 46, 2889, 67267, 931171, 358409748480.0,
94, 47, 2891, 67343, 931081, 358674546688.0,
95, 48, 2883, 67479, 930966, 358965395456.0,
96, 47, 2886, 67537, 930880, 359256195072.0,
97, 49, 2887, 67636, 930771, 359538786304.0,
98, 50, 2891, 67684, 930723, 359807533056.0,
99, 49, 2892, 67717, 930678, 360039710720.0,
100, 48, 2896, 67763, 930606, 360315371520.0,
101, 49, 2912, 67775, 930614, 360672772096.0,
102, 51, 2910, 67793, 930589, 360925233152.0,
103, 52, 2915, 67823, 930579, 361166979072.0,
104, 52, 2927, 67793, 930581, 361411575808.0,
105, 50, 2940, 67752, 930648, 361616162816.0,
106, 53, 2954, 67737, 930637, 361768173568.0,
107, 54, 2945, 67699, 930650, 361904422912.0,
108, 52, 2950, 67672, 930688, 361979379712.0,
109, 53, 2947, 67619, 930728, 362081681408.0,
110, 55, 2967, 67597, 930756, 362148888576.0,
111, 55, 2963, 67553, 930795, 362174480384.0,
112, 53, 2974, 67536, 930805, 362133651456.0,
113, 55, 2979, 67496, 930835, 362083057664.0,
114, 56, 2988, 67439, 930864, 362050093056.0,
115, 55, 2993, 67427, 930885, 361969401856.0,
116, 54, 2994, 67387, 930927, 361884811264.0,
117, 58, 2994, 67416, 930922, 361851289600.0,
118, 56, 3004, 67356, 930951, 361804021760.0,
119, 55, 3014, 67299, 931001, 361695920128.0,
120, 57, 3016, 67258, 931019, 361568256000.0,
121, 58, 3015, 67232, 931064, 361465675776.0,
122, 58, 3007, 67199, 931114, 361400369152.0,
123, 59, 3002, 67169, 931140, 361229352960.0,
124, 60, 3003, 67160, 931146, 361100640256.0,
125, 60, 2998, 67160, 931146, 361032400896.0,
126, 60, 2995, 67162, 931140, 360865153024.0,
127, 60, 2993, 67166, 931158, 360749350912.0,
128, 62, 2991, 67132, 931165, 360628551680.0,
129, 63, 2990, 67116, 931177, 360513896448.0,
130, 62, 2991, 67109, 931192, 360476950528.0,
131, 61, 3000, 67094, 931230, 360386281472.0,
132, 63, 2999, 67118, 931195, 360294121472.0,
133, 63, 2994, 67149, 931163, 360269545472.0,
134, 62, 2997, 67165, 931142, 360233713664.0,
135, 61, 2997, 67140, 931152, 360285077504.0,
136, 64, 2985, 67116, 931158, 360212889600.0,
137, 64, 2999, 67111, 931194, 360139571200.0,
138, 61, 2996, 67133, 931186, 360079458304.0,
139, 64, 2995, 67088, 931216, 360059371520.0,
140, 65, 3000, 67118, 931175, 360014069760.0,
141, 65, 2989, 67124, 931176, 359957348352.0,
142, 66, 2990, 67139, 931173, 359953858560.0,
143, 66, 2984, 67149, 931164, 359988346880.0,
144, 67, 2999, 67138, 931144, 360016789504.0,
145, 66, 2994, 67187, 931116, 360048738304.0,
146, 67, 2993, 67199, 931104, 360056848384.0,
147, 67, 2988, 67197, 931109, 360079327232.0,
148, 70, 2982, 67224, 931110, 360078180352.0,
149, 67, 2988, 67193, 931117, 360079622144.0,
150, 67, 2992, 67179, 931121, 360080130048.0,
151, 68, 2988, 67212, 931094, 360130854912.0,
152, 69, 2986, 67193, 931100, 360167161856.0,
153, 68, 2989, 67223, 931072, 360213839872.0,
154, 70, 2989, 67267, 931055, 360217870336.0,
155, 70, 2992, 67226, 931078, 360254488576.0,
156, 73, 2998, 67221, 931075, 360267776000.0,
157, 69, 2991, 67226, 931079, 360271429632.0,
158, 71, 2995, 67221, 931050, 360277803008.0,
159, 71, 2999, 67239, 931051, 360279506944.0,
160, 71, 2992, 67246, 931047, 360306409472.0,
161, 72, 2986, 67256, 931060, 360326332416.0,
162, 72, 2988, 67226, 931051, 360274100224.0,
163, 72, 3004, 67219, 931056, 360316092416.0,
164, 72, 3001, 67227, 931077, 360302034944.0,
165, 74, 2991, 67218, 931052, 360219869184.0,
166, 75, 2995, 67197, 931097, 360215904256.0,
167, 73, 3003, 67241, 931034, 360184545280.0,
168, 74, 3006, 67266, 931026, 360138440704.0,
169, 74, 3000, 67237, 931080, 360200765440.0,
170, 75, 2996, 67202, 931099, 360234205184.0,
171, 77, 2992, 67201, 931103, 360248229888.0,
172, 75, 2989, 67215, 931088, 360228651008.0,
173, 75, 2999, 67211, 931084, 360229453824.0,
174, 77, 3000, 67226, 931064, 360224948224.0,
175, 76, 2998, 67241, 931057, 360255160320.0,
176, 79, 3005, 67280, 931002, 360323760128.0,
177, 77, 3001, 67276, 931020, 360345485312.0,
178, 77, 2995, 67271, 931014, 360385937408.0,
179, 78, 2989, 67289, 930996, 360400191488.0,
180, 78, 2996, 67291, 931014, 360464973824.0,
181, 76, 3004, 67305, 931003, 360470675456.0,
182, 79, 3010, 67277, 930992, 360503771136.0,
183, 77, 3002, 67265, 931014, 360487714816.0,
184, 77, 3005, 67256, 931019, 360497790976.0,
185, 79, 3009, 67242, 931031, 360519385088.0,
186, 80, 3003, 67243, 931034, 360472739840.0,
187, 80, 3001, 67228, 931068, 360452653056.0,
188, 81, 3000, 67231, 931059, 360462811136.0,
189, 81, 3001, 67239, 931021, 360413954048.0,
190, 79, 3005, 67229, 931065, 360398307328.0,
191, 82, 3016, 67209, 931047, 360386822144.0,
192, 78, 3016, 67206, 931074, 360325955584.0,
193, 81, 3006, 67220, 931079, 360311635968.0,
194, 82, 3005, 67208, 931054, 360269086720.0,
195, 82, 3013, 67236, 931048, 360289845248.0,
196, 84, 3011, 67224, 931052, 360315240448.0,
197, 83, 3019, 67229, 931030, 360388182016.0,
198, 82, 3014, 67215, 931040, 360329428992.0,
199, 83, 3007, 67231, 931051, 360362721280.0,
200, 83, 3013, 67238, 931050, 360318402560.0,
201, 84, 3000, 67217, 931065, 360318271488.0,
202, 83, 3012, 67234, 931035, 360326955008.0,
203, 84, 3014, 67234, 931004, 360314208256.0,
204, 83, 3015, 67239, 931043, 360348123136.0,
205, 84, 3009, 67247, 931031, 360391081984.0,
206, 86, 3006, 67286, 930973, 360400224256.0,
207, 86, 3012, 67284, 930995, 360409251840.0,
208, 86, 3015, 67267, 930991, 360415805440.0,
209, 88, 3015, 67273, 930977, 360410808320.0,
210, 88, 3013, 67247, 931002, 360389640192.0,
211, 86, 3013, 67260, 930993, 360427405312.0,
212, 87, 3007, 67254, 931020, 360477491200.0,
213, 88, 2996, 67259, 931014, 360487927808.0,
214, 88, 3006, 67273, 931026, 360461697024.0,
215, 90, 3002, 67224, 931039, 360434941952.0,
216, 88, 3014, 67216, 931045, 360388476928.0,
217, 87, 3007, 67212, 931051, 360346468352.0,
218, 90, 3007, 67234, 931003, 360273723392.0,
219, 92, 3007, 67261, 931012, 360298364928.0,
220, 89, 3015, 67225, 931015, 360351940608.0,
221, 90, 3024, 67233, 931018, 360378073088.0,
222, 90, 3017, 67238, 931005, 360318976000.0,
223, 90, 3022, 67199, 931031, 360324923392.0,
224, 91, 3023, 67205, 931034, 360352972800.0,
225, 90, 3018, 67240, 931007, 360396374016.0,
226, 92, 3015, 67224, 931033, 360442986496.0,
227, 89, 3018, 67201, 931042, 360471560192.0,
228, 91, 3022, 67236, 931021, 360448851968.0,
229, 91, 3017, 67235, 931008, 360458944512.0,
230, 91, 3021, 67241, 930991, 360456437760.0,
231, 92, 3027, 67234, 931008, 360459878400.0,
232, 90, 3021, 67225, 931043, 360448786432.0,
233, 92, 3018, 67213, 931032, 360482979840.0,
234, 90, 3008, 67223, 931036, 360507162624.0,
235, 91, 3007, 67238, 931019, 360503296000.0,
236, 94, 3012, 67243, 931013, 360459665408.0,
237, 95, 3014, 67219, 931030, 360509407232.0,
238, 94, 3014, 67213, 931019, 360487829504.0,
239, 94, 3023, 67241, 931008, 360503197696.0,
240, 93, 3024, 67235, 931018, 360493940736.0,
241, 95, 3018, 67254, 930999, 360462778368.0,
242, 97, 3022, 67248, 931009, 360418672640.0,
243, 95, 3028, 67264, 930986, 360395440128.0,
244, 94, 3024, 67289, 930967, 360368259072.0,
245, 95, 3033, 67267, 930980, 360390164480.0,
246, 95, 3029, 67276, 930962, 360431108096.0,
247, 94, 3032, 67264, 930977, 360460419072.0,
248, 96, 3034, 67269, 930954, 360479014912.0,
249, 96, 3030, 67252, 930979, 360534261760.0,
250, 95, 3022, 67274, 930959, 360562704384.0,
251, 97, 3029, 67293, 930961, 360555577344.0,
252, 99, 3019, 67293, 930971, 360573337600.0,
253, 95, 3019, 67287, 930958, 360609890304.0,
254, 95, 3025, 67276, 930965, 360609759232.0,
255, 99, 3015, 67286, 930942, 360598208512.0,
256, 97, 3020, 67274, 930959, 360571453440.0,
257, 96, 3014, 67259, 930982, 360589180928.0,
258, 99, 3018, 67245, 930982, 360522956800.0,
259, 96, 3012, 67263, 930969, 360529182720.0,
260, 100, 3027, 67287, 930971, 360571994112.0,
261, 101, 3023, 67259, 930963, 360663416832.0,
262, 99, 3030, 67220, 931001, 360666464256.0,
263, 98, 3024, 67223, 931006, 360584544256.0,
264, 99, 3029, 67217, 931042, 360579612672.0,
265, 99, 3024, 67229, 931053, 360645476352.0,
266, 98, 3026, 67176, 931065, 360653012992.0,
267, 103, 3017, 67176, 931070, 360639905792.0,
268, 101, 3019, 67183, 931058, 360563195904.0,
269, 99, 3020, 67210, 931038, 360500215808.0,
270, 100, 3023, 67227, 931004, 360468545536.0,
271, 101, 3027, 67228, 930993, 360489254912.0,
272, 102, 3028, 67243, 930994, 360470052864.0,
273, 101, 3029, 67213, 931006, 360435908608.0,
274, 103, 3025, 67217, 930995, 360392540160.0,
275, 103, 3029, 67236, 930991, 360320237568.0,
276, 104, 3028, 67238, 930976, 360345649152.0,
277, 104, 3027, 67236, 930988, 360376778752.0,
278, 102, 3023, 67248, 930993, 360390279168.0,
279, 103, 3029, 67245, 930985, 360435499008.0,
280, 101, 3028, 67261, 930986, 360440381440.0,
281, 104, 3025, 67257, 930999, 360417771520.0,
282, 104, 3030, 67272, 930962, 360419966976.0,
283, 105, 3031, 67258, 930956, 360454815744.0,
284, 102, 3023, 67293, 930946, 360480440320.0,
285, 105, 3030, 67251, 930962, 360546648064.0,
286, 104, 3033, 67275, 930941, 360582152192.0,
287, 105, 3029, 67273, 930954, 360544878592.0,
288, 105, 3026, 67280, 930947, 360572895232.0,
289, 106, 3031, 67278, 930975, 360514584576.0,
290, 104, 3033, 67283, 930975, 360536014848.0,
291, 105, 3037, 67292, 930927, 360578023424.0,
292, 105, 3027, 67307, 930918, 360551596032.0,
293, 104, 3029, 67313, 930923, 360611495936.0,
294, 107, 3034, 67289, 930955, 360598601728.0,
295, 107, 3034, 67263, 930946, 360659255296.0,
296, 107, 3025, 67271, 930950, 360696135680.0,
297, 106, 3029, 67271, 930971, 360635531264.0,
298, 105, 3023, 67235, 930990, 360599830528.0,
299, 106, 3025, 67250, 930992, 360611840000.0,
300, 106, 3028, 67243, 930969, 360604844032.0,
301, 106, 3026, 67259, 930967, 360585265152.0,
302, 107, 3016, 67235, 930986, 360555626496.0,
303, 107, 3022, 67254, 930982, 360563884032.0,
304, 108, 3023, 67255, 930997, 360566505472.0,
305, 108, 3031, 67236, 930976, 360543600640.0,
306, 109, 3040, 67243, 930967, 360566833152.0,
307, 108, 3037, 67243, 930974, 360538718208.0,
308, 105, 3033, 67221, 930988, 360542306304.0,
309, 109, 3034, 67221, 931001, 360481439744.0,
310, 109, 3033, 67205, 930998, 360420835328.0,
311, 109, 3038, 67244, 930998, 360370995200.0,
312, 111, 3022, 67232, 930977, 360355037184.0,
313, 109, 3040, 67283, 930962, 360377532416.0,
314, 109, 3031, 67272, 930938, 360361115648.0,
315, 109, 3044, 67284, 930909, 360439267328.0,
316, 110, 3029, 67256, 930960, 360443592704.0,
317, 112, 3033, 67217, 931005, 360421376000.0,
318, 110, 3039, 67247, 930959, 360483995648.0,
319, 111, 3036, 67249, 930972, 360511602688.0,
320, 112, 3036, 67227, 930980, 360538161152.0,
321, 111, 3038, 67245, 930965, 360491581440.0,
322, 111, 3034, 67252, 930940, 360451571712.0,
323, 110, 3041, 67251, 930944, 360505769984.0,
324, 111, 3040, 67296, 930912, 360508194816.0,
325, 110, 3034, 67291, 930915, 360537112576.0,
326, 110, 3034, 67307, 930911, 360539996160.0,
327, 112, 3037, 67296, 930915, 360565014528.0,
328, 110, 3037, 67278, 930925, 360595308544.0,
329, 113, 3043, 67286, 930931, 360620834816.0,
330, 111, 3033, 67306, 930905, 360668463104.0,
331, 113, 3039, 67280, 930952, 360667054080.0,
332, 112, 3043, 67306, 930935, 360646606848.0,
333, 112, 3042, 67301, 930921, 360642625536.0,
334, 112, 3042, 67288, 930913, 360628600832.0,
335, 113, 3041, 67293, 930912, 360656896000.0,
336, 113, 3034, 67280, 930937, 360663777280.0,
337, 113, 3025, 67281, 930949, 360663449600.0,
338, 113, 3030, 67264, 930962, 360666267648.0,
339, 116, 3034, 67274, 930947, 360623063040.0,
340, 111, 3034, 67238, 930954, 360619671552.0,
341, 114, 3038, 67266, 930948, 360661532672.0,
342, 115, 3039, 67266, 930943, 360623259648.0,
343, 111, 3043, 67235, 930969, 360609562624.0,
344, 115, 3040, 67259, 930946, 360574631936.0,
345, 114, 3043, 67289, 930921, 360547024896.0,
346, 115, 3037, 67290, 930906, 360534999040.0,
347, 112, 3037, 67309, 930933, 360546074624.0,
348, 116, 3044, 67274, 930929, 360606105600.0,
349, 115, 3033, 67250, 930960, 360593768448.0,
350, 115, 3036, 67241, 930978, 360560394240.0,
351, 113, 3042, 67228, 930983, 360526774272.0,
352, 114, 3039, 67263, 930980, 360541978624.0,
353, 115, 3039, 67233, 930986, 360517910528.0,
354, 116, 3044, 67223, 930975, 360529444864.0,
355, 115, 3049, 67241, 930979, 360531001344.0,
356, 116, 3037, 67241, 930943, 360527511552.0,
357, 114, 3042, 67249, 930954, 360485699584.0,
358, 116, 3034, 67232, 930974, 360458420224.0,
359, 115, 3038, 67239, 930964, 360435318784.0,
360, 115, 3033, 67259, 930963, 360430026752.0,
361, 117, 3037, 67268, 930946, 360441659392.0,
362, 122, 3041, 67284, 930965, 360450523136.0,
363, 117, 3030, 67224, 930968, 360458747904.0,
364, 116, 3029, 67261, 930925, 360516599808.0,
365, 118, 3037, 67279, 930920, 360545615872.0,
366, 113, 3034, 67286, 930920, 360591097856.0,
367, 116, 3038, 67262, 930954, 360581742592.0,
368, 117, 3045, 67278, 930913, 360600764416.0,
369, 117, 3049, 67260, 930920, 360663187456.0,
370, 120, 3045, 67273, 930929, 360660844544.0,
371, 118, 3050, 67272, 930925, 360642887680.0,
372, 118, 3054, 67271, 930925, 360625111040.0,
373, 116, 3050, 67284, 930915, 360598519808.0,
374, 116, 3054, 67299, 930905, 360629862400.0,
375, 120, 3053, 67297, 930902, 360686878720.0,
376, 119, 3045, 67289, 930913, 360792719360.0,
377, 118, 3047, 67301, 930907, 360778301440.0,
378, 120, 3036, 67268, 930901, 360736899072.0,
379, 120, 3046, 67250, 930921, 360695644160.0,
380, 119, 3040, 67254, 930916, 360668807168.0,
381, 118, 3037, 67284, 930902, 360690991104.0,
382, 118, 3035, 67274, 930950, 360715567104.0,
383, 121, 3038, 67270, 930970, 360691220480.0,
384, 118, 3056, 67221, 930926, 360643887104.0,
385, 120, 3046, 67253, 930926, 360626012160.0,
386, 121, 3050, 67282, 930900, 360612511744.0,
387, 120, 3045, 67287, 930907, 360590606336.0,
388, 120, 3047, 67289, 930899, 360622686208.0,
389, 118, 3042, 67260, 930920, 360612249600.0,
390, 123, 3043, 67274, 930931, 360615346176.0,
391, 118, 3033, 67291, 930914, 360536670208.0,
392, 121, 3039, 67259, 930939, 360534835200.0,
393, 120, 3042, 67285, 930900, 360594784256.0,
394, 119, 3049, 67344, 930882, 360637956096.0,
395, 122, 3053, 67294, 930902, 360663859200.0,
396, 123, 3058, 67280, 930904, 360692858880.0,
397, 120, 3051, 67276, 930932, 360720367616.0,
398, 121, 3052, 67284, 930907, 360719794176.0,
399, 123, 3048, 67293, 930919, 360684011520.0,
400, 123, 3055, 67300, 930927, 360701771776.0,
401, 123, 3042, 67277, 930901, 360655077376.0,
402, 120, 3043, 67277, 930900, 360658976768.0,
403, 121, 3044, 67268, 930922, 360645459968.0,
404, 121, 3038, 67282, 930947, 360622112768.0,
405, 122, 3055, 67258, 930934, 360657158144.0,
406, 121, 3050, 67278, 930931, 360730771456.0,
407, 121, 3045, 67266, 930951, 360733900800.0,
408, 123, 3044, 67264, 930923, 360725577728.0,
409, 124, 3047, 67281, 930899, 360714059776.0,
410, 124, 3050, 67277, 930900, 360665628672.0,
411, 124, 3053, 67266, 930904, 360634269696.0,
412, 122, 3055, 67259, 930930, 360645099520.0,
413, 123, 3049, 67252, 930932, 360593604608.0,
414, 124, 3041, 67280, 930935, 360533491712.0,
415, 122, 3046, 67253, 930944, 360507817984.0,
416, 124, 3042, 67249, 930948, 360470249472.0,
417, 123, 3048, 67263, 930937, 360446935040.0,
418, 122, 3057, 67264, 930930, 360405565440.0,
419, 122, 3049, 67270, 930924, 360445526016.0,
420, 124, 3045, 67263, 930924, 360482291712.0,
421, 123, 3048, 67262, 930936, 360475066368.0,
422, 128, 3056, 67277, 930923, 360491843584.0,
423, 124, 3055, 67283, 930910, 360482324480.0,
424, 126, 3056, 67266, 930921, 360442707968.0,
425, 126, 3054, 67247, 930951, 360505540608.0,
426, 126, 3060, 67283, 930882, 360548876288.0,
427, 125, 3064, 67294, 930933, 360548007936.0,
428, 126, 3048, 67326, 930898, 360591474688.0,
429, 126, 3055, 67329, 930884, 360591867904.0,
430, 123, 3050, 67317, 930885, 360572354560.0,
431, 125, 3054, 67343, 930837, 360567554048.0,
432, 126, 3047, 67334, 930868, 360607154176.0,
433, 125, 3034, 67328, 930866, 360662368256.0,
434, 126, 3040, 67332, 930892, 360684371968.0,
435, 126, 3034, 67309, 930902, 360759459840.0,
436, 128, 3035, 67312, 930890, 360761835520.0,
437, 125, 3037, 67294, 930902, 360758460416.0,
438, 127, 3037, 67313, 930910, 360777056256.0,
439, 125, 3044, 67303, 930899, 360786575360.0,
440, 124, 3055, 67279, 930910, 360767406080.0,
441, 126, 3048, 67285, 930927, 360759984128.0,
442, 124, 3056, 67280, 930913, 360730820608.0,
443, 128, 3046, 67282, 930892, 360713043968.0,
444, 126, 3056, 67263, 930895, 360766144512.0,
445, 125, 3046, 67283, 930893, 360752316416.0,
446, 126, 3056, 67301, 930899, 360752250880.0,
447, 131, 3060, 67286, 930863, 360721776640.0,
448, 126, 3054, 67293, 930886, 360717647872.0,
449, 127, 3059, 67303, 930893, 360716763136.0,
450, 128, 3053, 67273, 930896, 360750104576.0,
451, 127, 3047, 67291, 930894, 360743763968.0,
452, 127, 3041, 67284, 930916, 360719613952.0,
453, 130, 3052, 67265, 930927, 360709586944.0,
454, 129, 3052, 67253, 930937, 360716238848.0,
455, 129, 3050, 67249, 930925, 360676442112.0,
456, 124, 3054, 67240, 930938, 360603828224.0,
457, 127, 3060, 67258, 930935, 360605728768.0,
458, 128, 3063, 67227, 930929, 360575631360.0,
459, 127, 3063, 67225, 930948, 360524316672.0,
460, 125, 3055, 67240, 930940, 360541028352.0,
461, 127, 3053, 67233, 930928, 360518598656.0,
462, 127, 3050, 67253, 930932, 360510570496.0,
463, 127, 3056, 67261, 930925, 360534556672.0,
464, 126, 3054, 67257, 930918, 360551874560.0,
465, 129, 3060, 67245, 930932, 360529985536.0,
466, 127, 3056, 67290, 930883, 360539570176.0,
467, 128, 3057, 67307, 930892, 360549498880.0,
468, 130, 3049, 67322, 930866, 360557740032.0,
469, 130, 3051, 67320, 930874, 360554037248.0,
470, 130, 3055, 67304, 930909, 360590868480.0,
471, 131, 3059, 67305, 930887, 360634187776.0,
472, 129, 3051, 67297, 930884, 360689221632.0,
473, 127, 3053, 67296, 930903, 360703262720.0,
474, 130, 3045, 67321, 930884, 360710832128.0,
475, 129, 3049, 67291, 930881, 360690139136.0,
476, 129, 3048, 67318, 930872, 360704016384.0,
477, 132, 3055, 67335, 930842, 360757805056.0,
478, 129, 3046, 67314, 930875, 360774303744.0,
479, 132, 3045, 67314, 930867, 360758738944.0,
480, 130, 3047, 67327, 930839, 360758689792.0,
481, 131, 3046, 67295, 930884, 360689893376.0,
482, 131, 3049, 67285, 930906, 360711487488.0,
483, 131, 3051, 67270, 930925, 360710455296.0,
484, 128, 3059, 67273, 930935, 360666152960.0,
485, 132, 3061, 67288, 930907, 360684666880.0,
486, 132, 3057, 67292, 930887, 360761163776.0,
487, 128, 3053, 67283, 930899, 360689778688.0,
488, 127, 3065, 67266, 930933, 360677883904.0,
489, 130, 3056, 67251, 930933, 360683044864.0,
490, 129, 3062, 67253, 930933, 360650244096.0,
491, 132, 3061, 67271, 930900, 360595980288.0,
492, 130, 3064, 67258, 930924, 360585363456.0,
493, 129, 3064, 67292, 930891, 360574599168.0,
494, 131, 3067, 67295, 930849, 360554004480.0,
495, 131, 3067, 67294, 930880, 360605220864.0,
496, 129, 3057, 67282, 930882, 360581677056.0,
497, 132, 3061, 67280, 930894, 360603828224.0,
498, 131, 3053, 67292, 930871, 360647327744.0,
499, 130, 3054, 67303, 930880, 360661532672.0,
500, 131, 3055, 67279, 930871, 360664711168.0,
501, 129, 3065, 67280, 930872, 360656961536.0,
502, 133, 3058, 67298, 930864, 360705589248.0,
503, 132, 3059, 67297, 930870, 360762884096.0,
504, 131, 3064, 67285, 930863, 360773894144.0,
505, 131, 3064, 67291, 930859, 360758575104.0,
506, 131, 3054, 67308, 930867, 360710782976.0,
507, 134, 3046, 67292, 930903, 360753594368.0,
508, 130, 3055, 67307, 930865, 360715075584.0,
509, 132, 3049, 67306, 930880, 360732524544.0,
510, 131, 3054, 67317, 930871, 360780906496.0,
511, 132, 3048, 67305, 930880, 360782462976.0,
512, 133, 3055, 67307, 930862, 360774828032.0,
513, 134, 3053, 67309, 930898, 360754675712.0,
514, 135, 3061, 67300, 930897, 360719237120.0,
515, 131, 3052, 67310, 930859, 360668659712.0,
516, 130, 3060, 67286, 930898, 360631615488.0,
517, 132, 3062, 67306, 930892, 360627159040.0,
518, 134, 3060, 67284, 930896, 360594145280.0,
519, 132, 3058, 67240, 930937, 360615247872.0,
520, 134, 3065, 67272, 930916, 360637202432.0,
521, 134, 3051, 67280, 930907, 360665251840.0,
522, 131, 3049, 67280, 930886, 360711307264.0,
523, 134, 3046, 67292, 930887, 360732770304.0,
524, 133, 3044, 67287, 930898, 360701984768.0,
525, 134, 3060, 67268, 930907, 360633122816.0,
526, 132, 3065, 67258, 930916, 360636399616.0,
527, 136, 3070, 67259, 930900, 360652292096.0,
528, 132, 3063, 67298, 930860, 360610496512.0,
529, 134, 3059, 67293, 930883, 360608350208.0,
530, 133, 3062, 67311, 930852, 360569241600.0,
531, 134, 3055, 67316, 930845, 360642248704.0,
532, 135, 3054, 67329, 930846, 360689647616.0,
533, 133, 3064, 67302, 930869, 360704245760.0,
534, 132, 3056, 67316, 930842, 360713961472.0,
535, 133, 3058, 67295, 930857, 360729346048.0,
536, 134, 3055, 67286, 930872, 360704950272.0,
537, 131, 3050, 67273, 930883, 360662777856.0,
538, 134, 3058, 67296, 930874, 360645738496.0,
539, 133, 3056, 67302, 930860, 360684912640.0,
540, 134, 3058, 67287, 930884, 360689664000.0,
541, 134, 3059, 67303, 930866, 360724267008.0,
542, 136, 3066, 67285, 930863, 360772534272.0,
543, 135, 3051, 67302, 930863, 360782446592.0,
544, 135, 3055, 67287, 930891, 360800387072.0,
545, 133, 3060, 67272, 930894, 360752889856.0,
546, 133, 3059, 67232, 930920, 360742158336.0,
547, 135, 3061, 67222, 930932, 360662220800.0,
548, 137, 3057, 67236, 930948, 360632516608.0,
549, 134, 3059, 67271, 930908, 360608595968.0,
550, 135, 3064, 67280, 930891, 360560852992.0,
551, 136, 3066, 67263, 930909, 360563294208.0,
552, 137, 3058, 67299, 930880, 360603222016.0,
553, 135, 3067, 67299, 930878, 360649785344.0,
554, 137, 3068, 67307, 930879, 360732573696.0,
555, 134, 3065, 67341, 930866, 360753840128.0,
556, 136, 3062, 67313, 930868, 360751775744.0,
557, 138, 3064, 67327, 930833, 360722120704.0,
558, 132, 3058, 67305, 930850, 360742502400.0,
559, 137, 3059, 67288, 930858, 360772665344.0,
560, 137, 3063, 67287, 930848, 360808464384.0,
561, 138, 3062, 67331, 930827, 360824209408.0,
562, 136, 3046, 67312, 930871, 360810053632.0,
563, 136, 3053, 67269, 930893, 360821391360.0,
564, 137, 3055, 67245, 930931, 360774877184.0,
565, 133, 3058, 67261, 930905, 360761901056.0,
566, 139, 3052, 67283, 930877, 360722890752.0,
567, 137, 3053, 67269, 930906, 360647426048.0,
568, 135, 3055, 67265, 930921, 360583069696.0,
569, 138, 3055, 67300, 930889, 360592654336.0,
570, 136, 3059, 67297, 930861, 360552054784.0,
571, 135, 3071, 67277, 930876, 360579219456.0,
572, 134, 3057, 67295, 930903, 360602140672.0,
573, 137, 3054, 67293, 930888, 360596209664.0,
574, 135, 3053, 67275, 930896, 360621637632.0,
575, 135, 3058, 67285, 930901, 360600895488.0,
576, 136, 3054, 67282, 930880, 360593440768.0,
577, 136, 3069, 67310, 930870, 360603451392.0,
578, 136, 3065, 67282, 930865, 360591966208.0,
579, 138, 3068, 67267, 930854, 360636235776.0,
580, 137, 3076, 67295, 930875, 360672641024.0,
581, 137, 3067, 67287, 930890, 360710946816.0,
582, 139, 3071, 67275, 930872, 360714780672.0,
583, 137, 3084, 67255, 930880, 360665317376.0,
584, 136, 3069, 67306, 930878, 360646377472.0,
585, 139, 3059, 67306, 930863, 360625258496.0,
586, 135, 3062, 67284, 930846, 360611987456.0,
587, 137, 3066, 67301, 930845, 360627470336.0,
588, 137, 3053, 67305, 930872, 360701820928.0,
589, 138, 3056, 67314, 930842, 360700215296.0,
590, 137, 3062, 67331, 930851, 360683536384.0,
591, 137, 3059, 67310, 930838, 360735260672.0,
592, 137, 3058, 67302, 930877, 360760360960.0,
593, 138, 3060, 67296, 930866, 360828223488.0,
594, 137, 3058, 67302, 930844, 360766242816.0,
595, 139, 3065, 67318, 930862, 360719384576.0,
596, 137, 3055, 67329, 930844, 360666710016.0,
597, 137, 3057, 67339, 930822, 360683700224.0,
598, 136, 3062, 67290, 930867, 360748040192.0,
599, 136, 3063, 67298, 930873, 360759492608.0,
600, 137, 3056, 67312, 930866, 360774123520.0,
601, 138, 3057, 67279, 930860, 360703180800.0,
602, 140, 3064, 67300, 930853, 360711454720.0,
603, 140, 3062, 67297, 930886, 360670461952.0,
604, 138, 3060, 67294, 930883, 360643952640.0,
605, 136, 3062, 67268, 930897, 360673083392.0,
606, 140, 3053, 67289, 930864, 360603500544.0,
607, 137, 3066, 67278, 930857, 360636006400.0,
608, 139, 3058, 67270, 930890, 360684879872.0,
609, 138, 3055, 67270, 930897, 360712798208.0,
610, 138, 3060, 67287, 930868, 360703967232.0,
611, 139, 3074, 67264, 930890, 360636973056.0,
612, 137, 3065, 67260, 930917, 360615821312.0,
613, 138, 3069, 67285, 930897, 360639578112.0,
614, 143, 3065, 67288, 930900, 360594489344.0,
615, 137, 3079, 67284, 930875, 360590835712.0,
616, 142, 3075, 67294, 930857, 360561491968.0,
617, 138, 3073, 67328, 930835, 360558411776.0,
618, 137, 3067, 67287, 930838, 360588197888.0,
619, 138, 3072, 67312, 930854, 360596389888.0,
620, 137, 3059, 67298, 930872, 360583692288.0,
621, 137, 3066, 67302, 930872, 360552595456.0,
622, 138, 3063, 67317, 930852, 360655667200.0,
623, 137, 3065, 67325, 930826, 360687271936.0,
624, 138, 3061, 67301, 930851, 360682094592.0,
625, 139, 3065, 67301, 930889, 360716156928.0,
626, 140, 3061, 67303, 930870, 360788017152.0,
627, 139, 3066, 67292, 930875, 360770076672.0,
628, 138, 3062, 67294, 930854, 360752480256.0,
629, 141, 3056, 67289, 930886, 360734801920.0,
630, 140, 3058, 67293, 930880, 360700313600.0,
631, 140, 3068, 67285, 930861, 360705343488.0,
632, 139, 3055, 67280, 930884, 360723365888.0,
633, 141, 3062, 67280, 930891, 360767537152.0,
634, 138, 3074, 67288, 930845, 360793128960.0,
635, 139, 3062, 67307, 930837, 360780218368.0,
636, 139, 3064, 67280, 930866, 360784101376.0,
637, 139, 3064, 67314, 930849, 360801976320.0,
638, 139, 3062, 67332, 930847, 360797011968.0,
639, 139, 3060, 67351, 930835, 360748318720.0,
640, 140, 3055, 67342, 930824, 360751251456.0,
641, 140, 3062, 67329, 930802, 360756969472.0,
642, 137, 3063, 67321, 930811, 360702263296.0,
643, 139, 3068, 67334, 930838, 360719728640.0,
644, 142, 3065, 67296, 930871, 360764145664.0,
645, 140, 3063, 67278, 930878, 360792080384.0,
646, 141, 3054, 67299, 930869, 360828387328.0,
647, 143, 3058, 67294, 930848, 360868397056.0,
648, 141, 3064, 67277, 930856, 360867282944.0,
649, 142, 3069, 67271, 930865, 360826306560.0,
650, 140, 3072, 67298, 930867, 360792997888.0,
651, 138, 3068, 67300, 930854, 360740667392.0,
652, 142, 3072, 67269, 930889, 360666071040.0,
653, 136, 3073, 67280, 930882, 360659894272.0,
654, 141, 3068, 67287, 930878, 360664596480.0,
655, 141, 3062, 67295, 930884, 360591278080.0,
656, 140, 3065, 67274, 930883, 360588247040.0,
657, 142, 3063, 67270, 930884, 360558870528.0,
658, 143, 3072, 67286, 930876, 360529297408.0,
659, 141, 3074, 67273, 930877, 360615542784.0,
660, 140, 3075, 67285, 930885, 360654389248.0,
661, 144, 3069, 67307, 930855, 360673116160.0,
662, 141, 3063, 67295, 930852, 360668889088.0,
663, 141, 3062, 67303, 930856, 360667938816.0,
664, 143, 3054, 67324, 930866, 360767881216.0,
665, 144, 3058, 67289, 930876, 360769503232.0,
666, 141, 3063, 67273, 930881, 360855961600.0,
667, 141, 3070, 67304, 930879, 360830566400.0,
668, 141, 3062, 67297, 930856, 360802435072.0,
669, 143, 3052, 67287, 930876, 360798126080.0,
670, 140, 3061, 67312, 930865, 360802074624.0,
671, 142, 3060, 67329, 930835, 360795504640.0,
672, 141, 3061, 67292, 930868, 360791179264.0,
673, 141, 3063, 67307, 930856, 360709636096.0,
674, 139, 3064, 67268, 930879, 360661811200.0,
675, 141, 3053, 67327, 930845, 360671559680.0,
676, 142, 3076, 67287, 930850, 360721809408.0,
677, 139, 3063, 67302, 930862, 360702164992.0,
678, 143, 3062, 67311, 930837, 360725397504.0,
679, 140, 3067, 67324, 930808, 360750694400.0,
680, 140, 3059, 67314, 930828, 360762327040.0,
681, 142, 3070, 67337, 930834, 360768012288.0,
682, 140, 3068, 67312, 930860, 360766832640.0,
683, 141, 3070, 67303, 930834, 360769011712.0,
684, 144, 3072, 67305, 930862, 360764751872.0,
685, 145, 3075, 67271, 930880, 360711602176.0,
686, 141, 3075, 67258, 930895, 360722268160.0,
687, 141, 3069, 67259, 930880, 360708194304.0,
688, 143, 3070, 67247, 930898, 360729657344.0,
689, 143, 3069, 67259, 930890, 360715485184.0,
690, 140, 3064, 67292, 930869, 360689369088.0,
691, 141, 3066, 67305, 930845, 360642379776.0,
692, 142, 3070, 67342, 930797, 360593063936.0,
693, 143, 3066, 67349, 930817, 360659730432.0,
694, 141, 3062, 67339, 930836, 360661598208.0,
695, 141, 3069, 67317, 930842, 360636039168.0,
696, 143, 3064, 67308, 930853, 360693710848.0,
697, 141, 3069, 67345, 930821, 360768290816.0,
698, 140, 3067, 67279, 930864, 360758427648.0,
699, 142, 3064, 67317, 930842, 360695808000.0,
700, 144, 3060, 67268, 930874, 360684470272.0,
701, 143, 3070, 67267, 930905, 360690728960.0,
702, 143, 3065, 67287, 930886, 360702312448.0,
703, 144, 3068, 67250, 930896, 360726626304.0,
704, 143, 3065, 67278, 930877, 360722939904.0,
705, 141, 3074, 67290, 930880, 360717565952.0,
706, 144, 3072, 67268, 930894, 360707096576.0,
707, 142, 3063, 67273, 930853, 360678785024.0,
708, 143, 3057, 67275, 930880, 360716451840.0,
709, 143, 3065, 67291, 930845, 360718647296.0,
710, 143, 3063, 67310, 930872, 360705982464.0,
711, 143, 3072, 67277, 930864, 360738258944.0,
712, 142, 3078, 67294, 930835, 360771436544.0,
713, 143, 3069, 67266, 930877, 360743550976.0,
714, 143, 3075, 67294, 930864, 360708440064.0,
715, 142, 3077, 67272, 930882, 360665366528.0,
716, 142, 3071, 67258, 930883, 360664121344.0,
717, 143, 3067, 67272, 930876, 360605171712.0,
718, 143, 3066, 67298, 930839, 360649490432.0,
719, 143, 3073, 67308, 930806, 360665235456.0,
