0, 1001365, 0, 0, 0, 0.0,
1, 991352, 10011, 2, 0, 0.0,
2, 980828, 10523, 10013, 0, 5343537664.0,
3, 972213, 19098, 10053, 0, 10186031104.0,
4, 965057, 25930, 10376, 0, 14626418688.0,
5, 958947, 30968, 11444, 2, 18972186624.0,
6, 953135, 34569, 13640, 13, 23750481920.0,
7, 946970, 37243, 17045, 55, 29563157504.0,
8, 940247, 39476, 21458, 168, 36919590912.0,
9, 932734, 41736, 26462, 398, 46081734656.0,
10, 924555, 44184, 31796, 795, 57094754304.0,
11, 915900, 46794, 37248, 1379, 69945987072.0,
12, 906762, 49649, 42712, 2179, 84413820928.0,
13, 897307, 52552, 48367, 3167, 100433117184.0,
14, 887511, 55358, 54113, 4344, 117919219712.0,
15, 877334, 58254, 60097, 5722, 136767049728.0,
16, 866935, 60917, 66272, 7307, 157003153408.0,
17, 855831, 63738, 72644, 9164, 178543321088.0,
18, 844502, 66386, 79153, 11307, 201403817984.0,
19, 832880, 68918, 85634, 13820, 225512931328.0,
20, 821106, 71349, 92206, 16715, 250681139200.0,
21, 808796, 73729, 98734, 20033, 276865531904.0,
22, 796180, 76228, 105107, 23815, 303745171456.0,
23, 783426, 78476, 111490, 28016, 331545182208.0,
24, 770461, 80580, 117711, 32631, 359785037824.0,
25, 757283, 82494, 123782, 37694, 388456497152.0,
26, 743971, 84538, 129806, 43130, 417653489664.0,
27, 730236, 86429, 135816, 48933, 447219826688.0,
28, 716472, 88147, 141661, 55149, 476850733056.0,
29, 702482, 89778, 147470, 61684, 506711457792.0,
30, 688568, 91299, 153118, 68568, 536650088448.0,
31, 674469, 92622, 158623, 75756, 566577168384.0,
32, 660189, 93763, 163990, 83321, 596623425536.0,
33, 646130, 94905, 169218, 91206, 626357862400.0,
34, 631571, 95904, 174393, 99403, 655964340224.0,
35, 617192, 96784, 179311, 107888, 685089587200.0,
36, 602804, 97745, 184082, 116611, 714024747008.0,
37, 588791, 98251, 188629, 125609, 742593462272.0,
38, 574495, 98777, 193095, 134928, 770663022592.0,
39, 560265, 99061, 197310, 144478, 798397136896.0,
40, 546195, 99397, 201269, 154221, 825515245568.0,
41, 532421, 99348, 205189, 164185, 851975995392.0,
42, 518789, 99369, 208713, 174387, 877988478976.0,
43, 505167, 99261, 212236, 184837, 903189823488.0,
44, 491533, 99123, 215349, 195352, 927384272896.0,
45, 478309, 98733, 218236, 206037, 950924476416.0,
46, 465238, 98367, 220989, 216866, 973644005376.0,
47, 452487, 97726, 223485, 227755, 995433971712.0,
48, 439933, 97108, 225687, 238738, 1016234377216.0,
49, 427389, 96335, 227760, 249877, 1035941675008.0,
50, 415039, 95648, 229697, 261069, 1055013011456.0,
51, 403302, 94662, 231383, 272295, 1073101635584.0,
52, 391753, 93519, 232728, 283499, 1090202664960.0,
53, 380317, 92362, 233869, 294749, 1106559238144.0,
54, 369260, 91268, 234913, 306047, 1121399537664.0,
55, 358477, 90001, 235574, 317296, 1135327969280.0,
56, 347980, 88778, 236075, 328543, 1148219621376.0,
57, 338142, 87205, 236522, 339737, 1159957839872.0,
58, 328496, 85752, 236573, 350809, 1170513526784.0,
59, 319155, 84228, 236552, 361729, 1180006285312.0,
60, 309958, 82633, 236325, 372546, 1188529831936.0,
61, 301244, 81161, 235855, 383194, 1196188631040.0,
62, 292853, 79466, 235323, 393828, 1202817925120.0,
63, 284594, 77686, 234563, 404294, 1208535023616.0,
64, 277085, 76133, 233615, 414566, 1213288415232.0,
65, 270012, 74404, 232475, 424637, 1216853245952.0,
66, 262861, 72714, 231157, 434604, 1219662512128.0,
67, 255998, 71056, 229601, 444416, 1221190811648.0,
68, 250010, 69387, 228051, 454005, 1221904433152.0,
69, 243947, 67573, 226417, 463457, 1221299273728.0,
70, 238304, 65745, 224515, 472597, 1220035411968.0,
71, 233122, 63898, 222593, 481521, 1217705345024.0,
72, 228469, 62181, 220580, 490167, 1214674239488.0,
73, 223723, 60324, 218582, 498676, 1210819018752.0,
74, 219703, 58598, 216393, 506883, 1206470377472.0,
75, 215668, 56872, 214099, 514903, 1201238638592.0,
76, 212003, 55192, 211676, 522367, 1195018485760.0,
77, 208667, 53444, 209227, 529809, 1188241276928.0,
78, 205860, 51700, 206741, 536860, 1180924575744.0,
79, 203267, 50026, 204160, 543867, 1172822163456.0,
80, 201190, 48376, 201562, 550458, 1164512591872.0,
81, 199125, 46713, 198853, 556727, 1155504340992.0,
82, 197209, 44980, 196248, 562670, 1145893093376.0,
83, 195839, 43502, 193408, 568446, 1135374499840.0,
84, 194658, 41974, 190865, 573937, 1124649861120.0,
85, 193760, 40568, 188020, 579096, 1113732612096.0,
86, 192979, 39074, 185391, 583965, 1102779252736.0,
87, 192571, 37623, 182614, 588577, 1091336470528.0,
88, 192415, 36253, 179828, 593021, 1078942433280.0,
89, 192443, 34870, 176982, 597181, 1066342219776.0,
90, 192667, 33522, 174196, 600948, 1053653794816.0,
91, 193387, 32271, 171362, 604533, 1040755884032.0,
92, 194137, 30911, 168789, 607721, 1027810885632.0,
93, 195065, 29619, 166147, 610617, 1014777282560.0,
94, 196075, 28425, 163435, 613389, 1001693544448.0,
95, 197346, 27398, 160771, 615881, 988600795136.0,
96, 198860, 26213, 158280, 617927, 974974812160.0,
97, 200443, 25219, 155661, 619841, 961539538944.0,
98, 202374, 24190, 152979, 621604, 948146176000.0,
99, 204455, 23180, 150487, 623003, 934472777728.0,
100, 206630, 22154, 148006, 624362, 921029443584.0,
101, 208934, 21244, 145554, 625396, 907537317888.0,
102, 211574, 20294, 143158, 626265, 894160863232.0,
103, 214141, 19475, 140755, 626861, 881029283840.0,
104, 216835, 18675, 138474, 627233, 867937386496.0,
105, 219605, 17897, 136238, 627395, 854840868864.0,
106, 222558, 17161, 134083, 627441, 841824796672.0,
107, 225544, 16513, 131976, 627215, 828798894080.0,
108, 228719, 15818, 129858, 626769, 816021831680.0,
109, 232047, 15156, 127838, 626263, 803442753536.0,
110, 235197, 14505, 125963, 625533, 790900637696.0,
111, 238639, 13921, 124038, 624569, 778624270336.0,
112, 242171, 13331, 122245, 623518, 766794170368.0,
113, 245695, 12799, 120390, 622328, 755160973312.0,
114, 249340, 12318, 118635, 620977, 743833698304.0,
115, 253015, 11819, 117022, 619513, 732660760576.0,
116, 256624, 11334, 115471, 617909, 721644224512.0,
117, 260423, 10895, 113791, 616141, 710797918208.0,
118, 264209, 10476, 112261, 614365, 700253995008.0,
119, 268243, 10056, 110715, 612495, 689810767872.0,
120, 272093, 9669, 109291, 610372, 679748763648.0,
121, 276053, 9324, 107872, 608176, 670002446336.0,
122, 280031, 9004, 106488, 605987, 660476952576.0,
123, 284102, 8661, 105218, 603520, 651144757248.0,
124, 288027, 8397, 103988, 601074, 642155839488.0,
125, 292048, 8117, 102781, 598571, 633411207168.0,
126, 296131, 7826, 101566, 595994, 624928161792.0,
127, 300237, 7593, 100398, 593391, 616650407936.0,
128, 304458, 7330, 99253, 590636, 608602849280.0,
129, 308316, 7114, 98103, 587854, 600639406080.0,
130, 312378, 6919, 97139, 585013, 592892755968.0,
131, 316423, 6725, 96209, 582073, 585187196928.0,
132, 320542, 6563, 95215, 579113, 577890811904.0,
133, 324610, 6392, 94224, 576192, 570920009728.0,
134, 328566, 6230, 93319, 573206, 564033847296.0,
135, 332760, 6076, 92532, 570145, 557330956288.0,
136, 336771, 5922, 91609, 567020, 550861275136.0,
137, 340967, 5786, 90846, 563846, 544681934848.0,
138, 345082, 5655, 90030, 560703, 538790461440.0,
139, 349005, 5534, 89351, 557554, 533003730944.0,
140, 353091, 5415, 88595, 554381, 527473737728.0,
141, 357147, 5302, 87966, 551153, 521919102976.0,
142, 361055, 5214, 87211, 547900, 516592222208.0,
143, 364900, 5121, 86575, 544630, 511573950464.0,
144, 368766, 5058, 85926, 541377, 506718093312.0,
145, 372588, 4974, 85435, 538204, 502006841344.0,
146, 376548, 4910, 84845, 535026, 497203068928.0,
147, 380300, 4831, 84305, 531822, 492740018176.0,
148, 384158, 4751, 83763, 528584, 488574976000.0,
149, 387995, 4693, 83240, 525380, 484542070784.0,
150, 391761, 4628, 82777, 522062, 480566214656.0,
151, 395506, 4588, 82230, 518916, 476783050752.0,
152, 399162, 4539, 81858, 515807, 473040912384.0,
153, 403043, 4482, 81349, 512502, 469472280576.0,
154, 406776, 4444, 80885, 509246, 465950015488.0,
155, 410300, 4407, 80454, 506194, 462556774400.0,
156, 413882, 4352, 80077, 502942, 459359698944.0,
157, 417508, 4331, 79670, 499820, 456212398080.0,
158, 421161, 4292, 79255, 496602, 453162860544.0,
159, 424830, 4248, 78875, 493529, 450252226560.0,
160, 428306, 4222, 78536, 490322, 447441928192.0,
161, 431795, 4187, 78129, 487173, 444787408896.0,
162, 435404, 4169, 77734, 484062, 442064683008.0,
163, 438888, 4132, 77440, 481010, 439477567488.0,
164, 442327, 4133, 77114, 477926, 436982890496.0,
165, 445605, 4108, 76876, 474956, 434602213376.0,
166, 448971, 4073, 76489, 471951, 432215605248.0,
167, 452136, 4070, 76209, 469037, 429903364096.0,
168, 455471, 4027, 75861, 466002, 427702960128.0,
169, 458756, 4004, 75547, 463081, 425591898112.0,
170, 461993, 3990, 75245, 460157, 423515176960.0,
171, 465298, 3972, 74956, 457307, 421481660416.0,
172, 468571, 3959, 74662, 454254, 419465887744.0,
173, 471685, 3934, 74391, 451373, 417473019904.0,
174, 474828, 3911, 74129, 448517, 415517573120.0,
175, 477780, 3882, 73994, 445766, 413595680768.0,
176, 480889, 3892, 73710, 442974, 411803467776.0,
177, 483941, 3863, 73429, 440138, 410014777344.0,
178, 486956, 3851, 73278, 437413, 408297897984.0,
179, 489923, 3844, 73022, 434607, 406653370368.0,
180, 492788, 3820, 72823, 431881, 405024079872.0,
181, 495642, 3802, 72630, 429415, 403510083584.0,
182, 498565, 3807, 72345, 426784, 402089197568.0,
183, 501294, 3795, 72134, 424161, 400521838592.0,
184, 504125, 3774, 71946, 421601, 399041019904.0,
185, 506769, 3750, 71743, 418997, 397522124800.0,
186, 509639, 3751, 71461, 416456, 396231131136.0,
187, 512272, 3728, 71300, 413928, 394915725312.0,
188, 515117, 3719, 71140, 411512, 393613049856.0,
189, 517808, 3727, 70876, 408976, 392448425984.0,
190, 520513, 3700, 70653, 406517, 391256162304.0,
191, 523058, 3701, 70574, 404129, 389901025280.0,
192, 525508, 3692, 70311, 401773, 388613980160.0,
193, 528081, 3687, 70115, 399390, 387406282752.0,
194, 530707, 3689, 69871, 396893, 386238398464.0,
195, 533330, 3673, 69713, 394628, 384977076224.0,
196, 535921, 3654, 69460, 392320, 383791595520.0,
197, 538496, 3647, 69243, 389890, 382576164864.0,
198, 540828, 3630, 69125, 387767, 381322690560.0,
199, 543231, 3628, 68886, 385366, 380099575808.0,
200, 545735, 3615, 68737, 383139, 379061682176.0,
201, 548066, 3602, 68578, 380939, 378006339584.0,
202, 550424, 3605, 68391, 378791, 376937250816.0,
203, 552744, 3590, 68270, 376686, 375917002752.0,
204, 554986, 3583, 68142, 374570, 374914744320.0,
205, 557426, 3592, 68032, 372342, 373883437056.0,
206, 559641, 3570, 67892, 370213, 372978286592.0,
207, 562031, 3557, 67693, 368055, 372093599744.0,
208, 564159, 3549, 67513, 365999, 371120783360.0,
209, 566325, 3554, 67381, 364005, 370075058176.0,
210, 568467, 3541, 67192, 361989, 369143250944.0,
211, 570807, 3543, 67038, 360032, 368136830976.0,
212, 572955, 3529, 66850, 358019, 367251046400.0,
213, 575033, 3529, 66777, 356013, 366384414720.0,
214, 577185, 3521, 66573, 354092, 365455491072.0,
215, 579300, 3511, 66388, 352145, 364497862656.0,
216, 581349, 3495, 66291, 350295, 363603443712.0,
217, 583318, 3519, 66126, 348270, 362834329600.0,
218, 585461, 3493, 65965, 346389, 361976905728.0,
219, 587291, 3472, 65826, 344618, 361016623104.0,
220, 589451, 3464, 65645, 342798, 360242249728.0,
221, 591418, 3463, 65543, 340929, 359332921344.0,
222, 593484, 3466, 65390, 339050, 358436225024.0,
223, 595372, 3452, 65249, 337258, 357568167936.0,
224, 597222, 3449, 65071, 335621, 356795940864.0,
225, 599223, 3441, 64959, 333699, 356045668352.0,
226, 601205, 3425, 64786, 331903, 355294658560.0,
227, 602896, 3425, 64659, 330254, 354458320896.0,
228, 604735, 3421, 64531, 328691, 353634336768.0,
229, 606655, 3406, 64389, 326845, 352787300352.0,
230, 608472, 3400, 64272, 325213, 351976538112.0,
231, 610336, 3418, 64169, 323486, 351080202240.0,
232, 612122, 3380, 64020, 321882, 350262231040.0,
233, 613693, 3391, 63954, 320241, 349564026880.0,
234, 615527, 3384, 63793, 318707, 348853944320.0,
235, 617143, 3375, 63629, 317161, 348133310464.0,
236, 618888, 3368, 63488, 315552, 347429109760.0,
237, 620567, 3354, 63342, 313965, 346584973312.0,
238, 622362, 3357, 63233, 312376, 345799688192.0,
239, 623809, 3352, 63044, 310937, 345022758912.0,
240, 625542, 3344, 62944, 309415, 344312414208.0,
241, 627086, 3336, 62843, 307942, 343563878400.0,
242, 628731, 3332, 62754, 306392, 342836740096.0,
243, 630352, 3342, 62693, 304993, 342156656640.0,
244, 631870, 3335, 62573, 303519, 341531017216.0,
245, 633556, 3323, 62434, 302004, 340863582208.0,
246, 635215, 3330, 62288, 300473, 340317126656.0,
247, 636770, 3303, 62196, 299184, 339739033600.0,
248, 638349, 3285, 62084, 297807, 339137921024.0,
249, 639662, 3286, 61937, 296472, 338429607936.0,
250, 641116, 3281, 61884, 295075, 337757765632.0,
251, 642642, 3283, 61759, 293800, 337197842432.0,
252, 644156, 3278, 61625, 292333, 336553885696.0,
253, 645659, 3269, 61508, 291050, 335911747584.0,
254, 646965, 3253, 61429, 289688, 335316664320.0,
255, 648411, 3251, 61307, 288378, 334793031680.0,
256, 649824, 3251, 61216, 287166, 334209761280.0,
257, 651283, 3242, 61090, 285755, 333615398912.0,
258, 652648, 3243, 60961, 284543, 332998230016.0,
259, 653840, 3233, 60915, 283242, 332373999616.0,
260, 655062, 3235, 60853, 282079, 331790434304.0,
261, 656464, 3235, 60698, 280856, 331232133120.0,
262, 657708, 3235, 60589, 279692, 330592305152.0,
263, 658988, 3225, 60494, 278501, 329987538944.0,
264, 660397, 3226, 60428, 277293, 329384345600.0,
265, 661416, 3217, 60329, 276229, 328675753984.0,
266, 662887, 3213, 60199, 275020, 328114929664.0,
267, 664263, 3206, 60106, 273738, 327560577024.0,
268, 665551, 3199, 60000, 272695, 326938230784.0,
269, 666738, 3200, 59897, 271589, 326419824640.0,
270, 667920, 3199, 59794, 270370, 325839208448.0,
271, 669106, 3183, 59667, 269312, 325311545344.0,
272, 670352, 3202, 59614, 268175, 324787519488.0,
273, 671328, 3191, 59528, 267247, 324342743040.0,
274, 672391, 3183, 59529, 266182, 323811753984.0,
275, 673453, 3173, 59410, 265215, 323370057728.0,
276, 674570, 3158, 59344, 264188, 322969665536.0,
277, 675722, 3151, 59264, 263199, 322499575808.0,
278, 676880, 3163, 59149, 262071, 321899675648.0,
279, 677843, 3128, 59046, 261180, 321377402880.0,
280, 679146, 3140, 58977, 260073, 320826359808.0,
281, 680300, 3146, 58834, 259046, 320376029184.0,
282, 681362, 3135, 58729, 258042, 319978864640.0,
283, 682450, 3130, 58650, 257122, 319438520320.0,
284, 683644, 3126, 58565, 256115, 318914953216.0,
285, 684748, 3123, 58449, 255021, 318324424704.0,
286, 685817, 3116, 58356, 254062, 317726736384.0,
287, 686802, 3111, 58249, 253014, 317255401472.0,
288, 687893, 3099, 58169, 252155, 316735324160.0,
289, 689120, 3088, 58025, 251139, 316147367936.0,
290, 690038, 3100, 57943, 250411, 315586953216.0,
291, 691179, 3086, 57817, 249363, 315013808128.0,
292, 692228, 3077, 57726, 248409, 314442612736.0,
293, 693065, 3072, 57645, 247532, 313955581952.0,
294, 693967, 3074, 57620, 246630, 313413337088.0,
295, 694965, 3065, 57544, 245674, 312933253120.0,
296, 695974, 3073, 57410, 244880, 312435441664.0,
297, 696911, 3063, 57368, 243939, 311969136640.0,
298, 697980, 3067, 57312, 243044, 311497506816.0,
299, 698866, 3071, 57170, 242222, 311021273088.0,
300, 699876, 3061, 57072, 241295, 310519136256.0,
301, 700801, 3052, 56989, 240526, 310059761664.0,
302, 701602, 3058, 56884, 239677, 309692497920.0,
303, 702534, 3051, 56839, 238880, 309165735936.0,
304, 703308, 3047, 56782, 238184, 308751695872.0,
305, 704177, 3042, 56663, 237315, 308274675712.0,
306, 705165, 3046, 56633, 236530, 307834863616.0,
307, 706089, 3032, 56499, 235711, 307366166528.0,
308, 707037, 3036, 56463, 234919, 306943311872.0,
309, 707951, 3028, 56344, 234074, 306470223872.0,
310, 708911, 3038, 56284, 233234, 306159190016.0,
311, 709842, 3016, 56203, 232415, 305569234944.0,
312, 710530, 3016, 56108, 231790, 305051942912.0,
313, 711325, 3014, 56086, 230927, 304625893376.0,
314, 712032, 3003, 56024, 230187, 304264478720.0,
315, 712764, 3005, 55980, 229602, 303867035648.0,
316, 713659, 2992, 55909, 228838, 303514550272.0,
317, 714325, 2995, 55821, 228249, 303126790144.0,
318, 715228, 2987, 55701, 227454, 302804566016.0,
319, 716016, 2980, 55677, 226666, 302453981184.0,
320, 716817, 2975, 55573, 226130, 301965656064.0,
321, 717447, 2970, 55514, 225353, 301639581696.0,
322, 718341, 2972, 55457, 224749, 301246414848.0,
323, 719040, 2974, 55369, 224024, 300765151232.0,
324, 719860, 2951, 55288, 223385, 300357189632.0,
325, 720449, 2964, 55144, 222874, 300003835904.0,
326, 721108, 2951, 55047, 221994, 299585536000.0,
327, 721948, 2962, 55002, 221548, 299141791744.0,
328, 722793, 2966, 54930, 220804, 298738909184.0,
329, 723416, 2956, 54819, 220226, 298337189888.0,
330, 724199, 2949, 54825, 219422, 297892773888.0,
331, 724868, 2948, 54724, 218799, 297515466752.0,
332, 725435, 2943, 54711, 218091, 297095577600.0,
333, 726254, 2935, 54624, 217521, 296663810048.0,
334, 727066, 2942, 54531, 216895, 296305459200.0,
335, 727658, 2939, 54474, 216300, 295892221952.0,
336, 728461, 2933, 54393, 215556, 295441858560.0,
337, 729236, 2922, 54362, 214982, 295027146752.0,
338, 729957, 2915, 54224, 214315, 294606454784.0,
339, 730488, 2910, 54176, 213745, 294334873600.0,
340, 731194, 2902, 54127, 213201, 293812568064.0,
341, 731747, 2903, 54084, 212624, 293372510208.0,
342, 732386, 2898, 54014, 212022, 292969775104.0,
343, 733160, 2890, 53921, 211450, 292516216832.0,
344, 733751, 2895, 53822, 210921, 292130816000.0,
345, 734350, 2896, 53780, 210389, 291805642752.0,
346, 734906, 2880, 53696, 209721, 291411984384.0,
347, 735758, 2870, 53624, 209185, 291031924736.0,
348, 736274, 2867, 53589, 208536, 290682339328.0,
349, 736874, 2879, 53541, 208015, 290411233280.0,
350, 737506, 2876, 53485, 207499, 290029813760.0,
351, 738140, 2860, 53363, 206967, 289698037760.0,
352, 738734, 2860, 53279, 206467, 289405239296.0,
353, 739298, 2864, 53196, 205860, 289049706496.0,
354, 739992, 2866, 53127, 205319, 288615399424.0,
355, 740619, 2860, 53121, 204962, 288271007744.0,
356, 740994, 2861, 53051, 204384, 287978831872.0,
357, 741643, 2851, 52978, 203884, 287587581952.0,
358, 742250, 2851, 52923, 203312, 287287361536.0,
359, 742859, 2854, 52830, 202780, 286849744896.0,
360, 743538, 2846, 52811, 202336, 286472192000.0,
361, 744093, 2848, 52778, 201787, 286093164544.0,
362, 744459, 2847, 52683, 201301, 285781573632.0,
363, 745092, 2839, 52571, 200864, 285419847680.0,
364, 745658, 2822, 52510, 200393, 284926132224.0,
365, 746162, 2825, 52472, 199910, 284466626560.0,
366, 746561, 2819, 52434, 199571, 284173680640.0,
367, 747089, 2828, 52349, 198986, 283933507584.0,
368, 747641, 2829, 52297, 198498, 283603877888.0,
369, 748430, 2820, 52259, 197888, 283286388736.0,
370, 748882, 2814, 52193, 197424, 283017428992.0,
371, 749353, 2820, 52155, 197069, 282710458368.0,
372, 749838, 2814, 52113, 196604, 282293665792.0,
373, 750324, 2807, 52013, 196106, 281924632576.0,
374, 750777, 2808, 52042, 195762, 281643859968.0,
375, 751252, 2797, 51985, 195376, 281418350592.0,
376, 751759, 2801, 51903, 194952, 281172590592.0,
377, 752166, 2799, 51805, 194564, 280892817408.0,
378, 752712, 2791, 51764, 194138, 280494505984.0,
379, 753090, 2796, 51730, 193714, 280161976320.0,
380, 753650, 2783, 51641, 193213, 279920328704.0,
381, 754258, 2782, 51615, 192739, 279551705088.0,
382, 754682, 2785, 51536, 192282, 279182426112.0,
383, 755121, 2787, 51510, 191886, 278926082048.0,
384, 755495, 2780, 51435, 191440, 278673375232.0,
385, 756071, 2779, 51429, 191101, 278383312896.0,
386, 756334, 2787, 51404, 190787, 278112419840.0,
387, 756876, 2770, 51347, 190321, 277856305152.0,
388, 757283, 2771, 51330, 189993, 277627027456.0,
389, 757723, 2770, 51266, 189654, 277324398592.0,
390, 758057, 2762, 51189, 189351, 277072101376.0,
391, 758552, 2766, 51176, 188939, 276755218432.0,
392, 759059, 2750, 51056, 188504, 276497842176.0,
393, 759490, 2746, 51056, 188210, 276220641280.0,
394, 759875, 2745, 50984, 187704, 275873857536.0,
395, 760324, 2746, 50944, 187339, 275613712384.0,
396, 760780, 2741, 50907, 187028, 275427115008.0,
397, 761038, 2737, 50870, 186585, 275213697024.0,
398, 761390, 2743, 50759, 186352, 275005243392.0,
399, 761994, 2731, 50618, 185967, 274733359104.0,
400, 762425, 2720, 50552, 185596, 274432843776.0,
401, 762962, 2721, 50471, 185102, 274117918720.0,
402, 763174, 2721, 50435, 184796, 273716985856.0,
403, 763644, 2712, 50383, 184602, 273344471040.0,
404, 764066, 2707, 50340, 184205, 272981155840.0,
405, 764519, 2719, 50323, 183819, 272552206336.0,
406, 765023, 2714, 50269, 183436, 272318922752.0,
407, 765182, 2717, 50210, 183092, 272002891776.0,
408, 765623, 2715, 50183, 182764, 271690358784.0,
409, 766044, 2703, 50095, 182434, 271420219392.0,
410, 766398, 2697, 50015, 182139, 271058788352.0,
411, 766738, 2701, 50034, 181844, 270743330816.0,
412, 767143, 2700, 50001, 181540, 270430920704.0,
413, 767411, 2700, 49973, 181351, 270111817728.0,
414, 767947, 2697, 49926, 180931, 269848821760.0,
415, 768390, 2702, 49813, 180492, 269617586176.0,
416, 768672, 2692, 49764, 180227, 269277347840.0,
417, 768836, 2690, 49734, 179954, 269117014016.0,
418, 769371, 2678, 49729, 179650, 268875481088.0,
419, 769796, 2683, 49661, 179207, 268639625216.0,
420, 770264, 2676, 49612, 178846, 268373516288.0,
421, 770465, 2663, 49573, 178624, 268127133696.0,
422, 770836, 2670, 49558, 178275, 267909914624.0,
423, 771157, 2678, 49488, 178001, 267773820928.0,
424, 771258, 2671, 49467, 177929, 267480932352.0,
425, 771700, 2674, 49381, 177535, 267309498368.0,
426, 772050, 2682, 49303, 177286, 267117445120.0,
427, 772489, 2680, 49295, 176858, 266961633280.0,
428, 772738, 2659, 49247, 176614, 266721157120.0,
429, 772941, 2655, 49193, 176446, 266519339008.0,
430, 773459, 2656, 49138, 176174, 266336321536.0,
431, 773831, 2661, 49083, 175770, 266039484416.0,
432, 774140, 2654, 49035, 175567, 265697878016.0,
433, 774478, 2651, 48953, 175239, 265347342336.0,
434, 774873, 2654, 48912, 174932, 265017827328.0,
435, 775142, 2647, 48889, 174717, 264774598656.0,
436, 775497, 2641, 48857, 174407, 264414953472.0,
437, 775793, 2637, 48856, 173997, 264115159040.0,
438, 776051, 2636, 48796, 173797, 263851786240.0,
439, 776435, 2622, 48745, 173525, 263580286976.0,
440, 776799, 2632, 48694, 173254, 263282941952.0,
441, 777102, 2641, 48629, 173044, 263034355712.0,
442, 777310, 2630, 48642, 172773, 262865739776.0,
443, 777602, 2630, 48568, 172523, 262625345536.0,
444, 777914, 2630, 48526, 172316, 262451716096.0,
445, 778165, 2616, 48408, 172030, 262266560512.0,
446, 778459, 2615, 48409, 171780, 262032809984.0,
447, 778886, 2617, 48415, 171408, 261823610880.0,
448, 779395, 2602, 48346, 171072, 261546401792.0,
449, 779750, 2592, 48254, 170776, 261299847168.0,
450, 780074, 2606, 48230, 170576, 261056700416.0,
451, 780380, 2606, 48128, 170268, 260762951680.0,
452, 780669, 2601, 48086, 169985, 260521156608.0,
453, 780993, 2605, 48065, 169763, 260218912768.0,
454, 781054, 2605, 48039, 169562, 259860938752.0,
455, 781346, 2603, 48037, 169331, 259565895680.0,
456, 781516, 2609, 47982, 169103, 259295199232.0,
457, 781753, 2609, 47943, 168907, 259077316608.0,
458, 782088, 2608, 47936, 168680, 258926321664.0,
459, 782256, 2599, 47889, 168458, 258785132544.0,
460, 782700, 2591, 47869, 168191, 258568282112.0,
461, 783005, 2594, 47807, 167906, 258287820800.0,
462, 783303, 2587, 47755, 167661, 258072846336.0,
463, 783746, 2584, 47744, 167379, 257904451584.0,
464, 784066, 2580, 47600, 167055, 257750892544.0,
465, 784362, 2583, 47625, 166865, 257510596608.0,
466, 784598, 2588, 47571, 166676, 257323606016.0,
467, 784863, 2581, 47542, 166524, 257058070528.0,
468, 785039, 2585, 47507, 166301, 256773808128.0,
469, 785185, 2586, 47514, 166168, 256612884480.0,
470, 785644, 2588, 47461, 165891, 256424796160.0,
471, 785828, 2574, 47466, 165737, 256189038592.0,
472, 785987, 2563, 47455, 165447, 255952306176.0,
473, 786205, 2565, 47418, 165312, 255773474816.0,
474, 786420, 2558, 47371, 165106, 255530999808.0,
475, 786687, 2561, 47295, 164877, 255302066176.0,
476, 786975, 2557, 47301, 164632, 255033016320.0,
477, 787217, 2560, 47216, 164472, 254883028992.0,
478, 787323, 2559, 47124, 164311, 254667382784.0,
479, 787441, 2559, 47097, 164135, 254509277184.0,
480, 787923, 2539, 47117, 163859, 254349737984.0,
481, 788267, 2536, 46997, 163566, 254140694528.0,
482, 788512, 2539, 46934, 163376, 253938098176.0,
483, 788613, 2543, 46957, 163216, 253712269312.0,
484, 788943, 2533, 46931, 163029, 253469900800.0,
485, 789106, 2539, 46874, 162831, 253225320448.0,
486, 789471, 2538, 46832, 162558, 252992610304.0,
487, 789535, 2540, 46788, 162415, 252799590400.0,
488, 789868, 2530, 46668, 162214, 252687310848.0,
489, 790127, 2537, 46655, 161966, 252401213440.0,
490, 790565, 2531, 46631, 161796, 252180512768.0,
491, 790818, 2525, 46570, 161557, 251906932736.0,
492, 791052, 2513, 46523, 161322, 251673075712.0,
493, 791246, 2516, 46491, 161170, 251431272448.0,
494, 791541, 2512, 46462, 160916, 251180474368.0,
495, 791733, 2511, 46403, 160677, 250926866432.0,
496, 791965, 2510, 46372, 160599, 250731429888.0,
497, 792113, 2513, 46399, 160398, 250524352512.0,
498, 792361, 2512, 46329, 160107, 250355892224.0,
499, 792691, 2502, 46337, 159998, 250176282624.0,
500, 793035, 2506, 46306, 159780, 249976274944.0,
501, 793070, 2501, 46271, 159558, 249824960512.0,
502, 793371, 2496, 46183, 159357, 249695371264.0,
503, 793678, 2490, 46157, 159094, 249487081472.0,
504, 793847, 2498, 46116, 159013, 249334497280.0,
505, 794107, 2492, 46101, 158807, 249170296832.0,
506, 794186, 2496, 46065, 158612, 248952709120.0,
507, 794323, 2483, 46025, 158557, 248766791680.0,
508, 794445, 2501, 46012, 158431, 248565940224.0,
509, 794641, 2495, 45938, 158187, 248399093760.0,
510, 795064, 2487, 45847, 158074, 248299274240.0,
511, 795194, 2504, 45802, 157849, 248210046976.0,
512, 795451, 2487, 45796, 157635, 247930486784.0,
513, 795719, 2500, 45760, 157471, 247652646912.0,
514, 795665, 2505, 45767, 157457, 247349043200.0,
515, 796078, 2493, 45719, 157129, 247089938432.0,
516, 796298, 2499, 45689, 157006, 246807232512.0,
517, 796576, 2499, 45634, 156739, 246509133824.0,
518, 796715, 2492, 45608, 156531, 246165938176.0,
519, 796981, 2477, 45561, 156336, 245797904384.0,
520, 796981, 2470, 45555, 156132, 245611962368.0,
521, 797134, 2479, 45510, 156040, 245535129600.0,
522, 797419, 2470, 45460, 155963, 245410619392.0,
523, 797666, 2463, 45370, 155802, 245233262592.0,
524, 797905, 2463, 45392, 155672, 245092147200.0,
525, 798100, 2460, 45318, 155511, 244936040448.0,
526, 798211, 2451, 45343, 155333, 244663304192.0,
527, 798491, 2456, 45257, 155154, 244449476608.0,
528, 798819, 2461, 45266, 154959, 244216569856.0,
529, 798903, 2453, 45228, 154775, 244056072192.0,
530, 799058, 2458, 45221, 154615, 244006666240.0,
531, 799295, 2456, 45135, 154472, 243977715712.0,
532, 799467, 2439, 45163, 154312, 243698671616.0,
533, 799662, 2435, 45117, 154176, 243652395008.0,
534, 799779, 2434, 45055, 154102, 243430064128.0,
535, 799996, 2440, 45041, 153931, 243205955584.0,
536, 800171, 2456, 44988, 153677, 243017818112.0,
537, 800295, 2444, 45016, 153592, 242893414400.0,
538, 800533, 2445, 44995, 153373, 242754519040.0,
539, 800725, 2442, 44904, 153308, 242597429248.0,
540, 800877, 2439, 44886, 153113, 242423922688.0,
541, 801147, 2432, 44852, 152923, 242209710080.0,
542, 801341, 2417, 44781, 152706, 242015436800.0,
543, 801452, 2423, 44799, 152622, 241872379904.0,
544, 801753, 2424, 44785, 152413, 241678204928.0,
545, 801976, 2427, 44715, 152315, 241516822528.0,
546, 802032, 2422, 44730, 152185, 241283506176.0,
547, 802304, 2425, 44672, 152032, 241082892288.0,
548, 802358, 2425, 44657, 151980, 240944250880.0,
549, 802660, 2434, 44603, 151727, 240839254016.0,
550, 802836, 2426, 44574, 151554, 240572973056.0,
551, 803115, 2432, 44494, 151330, 240224600064.0,
552, 803182, 2417, 44478, 151210, 239979069440.0,
553, 803465, 2416, 44427, 151070, 239809388544.0,
554, 803613, 2407, 44467, 150888, 239648694272.0,
555, 803775, 2408, 44418, 150696, 239494283264.0,
556, 804005, 2408, 44382, 150602, 239324717056.0,
557, 804114, 2410, 44371, 150499, 239149973504.0,
558, 804309, 2407, 44344, 150423, 239059795968.0,
559, 804430, 2418, 44356, 150294, 238985256960.0,
560, 804604, 2414, 44309, 150172, 238934122496.0,
561, 804779, 2415, 44265, 150033, 238888624128.0,
562, 804892, 2408, 44229, 149937, 238796333056.0,
563, 805076, 2401, 44160, 149866, 238681169920.0,
564, 805181, 2399, 44141, 149685, 238465548288.0,
565, 805324, 2402, 44125, 149574, 238208966656.0,
566, 805441, 2395, 44096, 149404, 237963083776.0,
567, 805734, 2391, 44061, 149233, 237810892800.0,
568, 805879, 2400, 44031, 149060, 237707681792.0,
569, 805903, 2381, 44034, 149084, 237572759552.0,
570, 806116, 2374, 44048, 148864, 237425336320.0,
571, 806305, 2380, 43997, 148781, 237294870528.0,
572, 806343, 2378, 43979, 148616, 237102432256.0,
573, 806534, 2379, 43920, 148573, 236911501312.0,
574, 806621, 2387, 43840, 148462, 236697075712.0,
575, 806724, 2387, 43845, 148328, 236499730432.0,
576, 806963, 2390, 43808, 148290, 236311379968.0,
577, 807109, 2385, 43765, 148077, 236042944512.0,
578, 807412, 2387, 43689, 147926, 235827134464.0,
579, 807480, 2382, 43646, 147813, 235688927232.0,
580, 807712, 2377, 43655, 147692, 235532025856.0,
581, 808043, 2368, 43572, 147439, 235350474752.0,
582, 808207, 2360, 43534, 147264, 235084218368.0,
583, 808343, 2352, 43532, 147176, 234875977728.0,
584, 808571, 2356, 43523, 147116, 234684293120.0,
585, 808611, 2362, 43469, 146900, 234407321600.0,
586, 808803, 2362, 43439, 146806, 234256048128.0,
587, 808933, 2365, 43456, 146681, 234158800896.0,
588, 808992, 2363, 43452, 146619, 234097647616.0,
589, 809225, 2347, 43378, 146459, 234011795456.0,
590, 809388, 2350, 43356, 146384, 233867796480.0,
591, 809657, 2353, 43331, 146152, 233703948288.0,
592, 809704, 2350, 43269, 145983, 233572622336.0,
593, 809883, 2345, 43236, 145932, 233452142592.0,
594, 810072, 2353, 43170, 145718, 233279856640.0,
595, 810146, 2350, 43184, 145637, 233047744512.0,
596, 810323, 2342, 43166, 145561, 232883511296.0,
597, 810495, 2347, 43127, 145455, 232734351360.0,
598, 810638, 2342, 43105, 145348, 232517984256.0,
599, 810806, 2349, 43111, 145174, 232374689792.0,
600, 810902, 2357, 43080, 145123, 232302542848.0,
601, 811034, 2349, 43069, 144954, 232181055488.0,
602, 811233, 2348, 43056, 144834, 231979245568.0,
603, 811263, 2344, 43034, 144670, 231856521216.0,
604, 811499, 2333, 42969, 144600, 231697842176.0,
605, 811662, 2329, 42973, 144522, 231518552064.0,
606, 811605, 2337, 42961, 144453, 231314677760.0,
607, 811835, 2336, 42921, 144349, 231215448064.0,
608, 811896, 2326, 42877, 144284, 231093141504.0,
609, 812046, 2329, 42850, 144192, 230902980608.0,
610, 812221, 2323, 42828, 144069, 230802620416.0,
611, 812283, 2328, 42821, 143990, 230653493248.0,
612, 812342, 2337, 42776, 143866, 230626664448.0,
613, 812559, 2332, 42734, 143789, 230492692480.0,
614, 812654, 2326, 42776, 143695, 230339067904.0,
615, 812728, 2333, 42751, 143661, 230318047232.0,
616, 812780, 2329, 42761, 143527, 230214123520.0,
617, 813075, 2328, 42674, 143349, 230086123520.0,
618, 813102, 2326, 42659, 143211, 230014173184.0,
619, 813291, 2324, 42602, 143072, 229932924928.0,
620, 813475, 2308, 42567, 142932, 229709881344.0,
621, 813633, 2318, 42513, 142796, 229473091584.0,
622, 813664, 2311, 42490, 142801, 229315256320.0,
623, 813832, 2316, 42455, 142764, 229194366976.0,
624, 814085, 2313, 42446, 142520, 229040193536.0,
625, 814089, 2316, 42419, 142434, 228860133376.0,
626, 814363, 2312, 42403, 142274, 228705910784.0,
627, 814417, 2315, 42394, 142193, 228534280192.0,
628, 814564, 2307, 42365, 142162, 228324737024.0,
629, 814776, 2307, 42333, 142090, 228181245952.0,
630, 814755, 2308, 42278, 141984, 228086382592.0,
631, 814713, 2302, 42301, 141843, 227975725056.0,
632, 814981, 2298, 42284, 141748, 227832889344.0,
633, 815186, 2297, 42269, 141674, 227644293120.0,
634, 815273, 2298, 42245, 141540, 227530399744.0,
635, 815511, 2298, 42198, 141505, 227386507264.0,
636, 815620, 2291, 42131, 141329, 227344629760.0,
637, 815824, 2290, 42121, 141325, 227285778432.0,
638, 815899, 2276, 42094, 141207, 227189702656.0,
639, 816046, 2284, 42096, 140989, 226992381952.0,
640, 816169, 2277, 42027, 140955, 226833768448.0,
641, 816303, 2274, 42018, 140825, 226581495808.0,
642, 816389, 2274, 41981, 140763, 226477809664.0,
643, 816602, 2272, 41957, 140692, 226334302208.0,
644, 816712, 2270, 41941, 140483, 226122932224.0,
645, 816915, 2275, 41878, 140363, 225905106944.0,
646, 816854, 2280, 41841, 140407, 225671823360.0,
647, 816917, 2278, 41836, 140244, 225488412672.0,
648, 817127, 2270, 41811, 140230, 225347780608.0,
649, 817402, 2273, 41764, 140124, 225218732032.0,
650, 817592, 2266, 41739, 139980, 225024704512.0,
651, 817788, 2268, 41712, 139854, 224811786240.0,
652, 817848, 2282, 41733, 139690, 224651370496.0,
653, 817983, 2276, 41695, 139585, 224521076736.0,
654, 818031, 2277, 41667, 139466, 224492765184.0,
655, 818139, 2276, 41637, 139340, 224420659200.0,
656, 818230, 2275, 41619, 139319, 224336470016.0,
657, 818338, 2265, 41577, 139184, 224198713344.0,
658, 818350, 2271, 41581, 139077, 224088186880.0,
659, 818465, 2254, 41609, 139015, 224011624448.0,
660, 818615, 2255, 41567, 138918, 223827623936.0,
661, 818690, 2267, 41456, 138884, 223698518016.0,
662, 818900, 2266, 41475, 138710, 223579922432.0,
663, 819018, 2261, 41443, 138605, 223470256128.0,
664, 819085, 2256, 41500, 138549, 223330115584.0,
665, 819280, 2245, 41475, 138434, 223314804736.0,
666, 819409, 2255, 41426, 138340, 223250497536.0,
667, 819328, 2263, 41398, 138280, 223116017664.0,
668, 819423, 2252, 41397, 138264, 223081766912.0,
669, 819499, 2259, 41373, 138143, 223031795712.0,
670, 819648, 2268, 41349, 138099, 222893015040.0,
671, 819764, 2264, 41323, 138007, 222775271424.0,
672, 819868, 2254, 41284, 137892, 222709547008.0,
673, 820038, 2257, 41279, 137820, 222579564544.0,
674, 820240, 2258, 41226, 137736, 222434295808.0,
675, 820206, 2240, 41212, 137609, 222298234880.0,
676, 820389, 2236, 41169, 137514, 222206558208.0,
677, 820571, 2231, 41141, 137378, 222083096576.0,
678, 820545, 2230, 41122, 137339, 221997285376.0,
679, 820753, 2225, 41126, 137265, 221845520384.0,
680, 820782, 2230, 41078, 137135, 221687742464.0,
681, 820980, 2231, 41035, 137008, 221524967424.0,
682, 820920, 2226, 41026, 137075, 221401899008.0,
683, 820955, 2225, 40991, 137016, 221383065600.0,
684, 821122, 2229, 40957, 136925, 221236903936.0,
685, 821406, 2228, 40909, 136780, 221012099072.0,
686, 821523, 2229, 40955, 136717, 220816408576.0,
687, 821701, 2223, 40867, 136529, 220604162048.0,
688, 821868, 2224, 40798, 136494, 220414255104.0,
689, 821957, 2218, 40804, 136376, 220258254848.0,
690, 822014, 2214, 40782, 136284, 220190367744.0,
691, 822146, 2226, 40784, 136164, 220096552960.0,
692, 822251, 2215, 40766, 136083, 220072198144.0,
693, 822375, 2208, 40733, 136026, 219932508160.0,
694, 822361, 2212, 40736, 135911, 219776860160.0,
695, 822496, 2215, 40745, 135756, 219670380544.0,
696, 822560, 2226, 40698, 135793, 219525251072.0,
697, 822759, 2216, 40694, 135596, 219363926016.0,
698, 823086, 2217, 40613, 135465, 219265015808.0,
699, 823120, 2207, 40573, 135440, 219129307136.0,
700, 823086, 2215, 40623, 135414, 219026120704.0,
701, 823095, 2207, 40631, 135321, 218919821312.0,
702, 823252, 2210, 40558, 135285, 218817593344.0,
703, 823390, 2207, 40549, 135206, 218599612416.0,
704, 823571, 2207, 40499, 134959, 218413563904.0,
705, 823810, 2210, 40472, 134835, 218266157056.0,
706, 823863, 2214, 40495, 134721, 218158497792.0,
707, 824035, 2206, 40486, 134644, 218084253696.0,
708, 824137, 2202, 40455, 134579, 218036404224.0,
709, 824333, 2197, 40436, 134525, 217992773632.0,
710, 824280, 2203, 40412, 134491, 217782452224.0,
711, 824391, 2203, 40377, 134328, 217687474176.0,
712, 824560, 2202, 40355, 134312, 217581658112.0,
713, 824733, 2208, 40290, 134218, 217425920000.0,
714, 824787, 2207, 40280, 134126, 217252814848.0,
715, 824855, 2203, 40260, 134005, 217146400768.0,
716, 824865, 2205, 40249, 134076, 217007300608.0,
717, 824864, 2200, 40246, 133967, 216925282304.0,
718, 824904, 2202, 40247, 133942, 216861597696.0,
719, 825093, 2200, 40203, 133877, 216793587712.0,
