0, 1001365, 0, 0, 0, 0.0,
1, 991352, 10011, 2, 0, 0.0,
2, 980875, 10476, 10014, 0, 5343738112.0,
3, 972315, 18999, 10055, 0, 10186979328.0,
4, 965139, 25840, 10378, 0, 14626848256.0,
5, 959037, 30923, 11442, 1, 18973665280.0,
6, 953152, 34572, 13625, 13, 23753432064.0,
7, 947011, 37235, 17024, 54, 29557324800.0,
8, 940314, 39455, 21412, 161, 36885112832.0,
9, 932819, 41711, 26427, 384, 46032111616.0,
10, 924761, 44064, 31742, 766, 57050679296.0,
11, 916132, 46715, 37200, 1327, 69853216768.0,
12, 906987, 49643, 42704, 2067, 84312657920.0,
13, 897538, 52499, 48291, 2986, 100255326208.0,
14, 887781, 55431, 54063, 4056, 117693665280.0,
15, 877678, 58293, 60039, 5293, 136511578112.0,
16, 867243, 61108, 66262, 6728, 156775038976.0,
17, 856437, 63989, 72639, 8346, 178376204288.0,
18, 845264, 66736, 79231, 10231, 201289605120.0,
19, 833863, 69403, 85844, 12414, 225427382272.0,
20, 822049, 72025, 92501, 14943, 250830438400.0,
21, 809957, 74494, 99057, 17803, 277207072768.0,
22, 797776, 76961, 105661, 21040, 304492888064.0,
23, 785280, 79262, 112216, 24626, 332431917056.0,
24, 772659, 81481, 118809, 28484, 361184296960.0,
25, 759871, 83632, 125278, 32723, 390465208320.0,
26, 746836, 85611, 131747, 37178, 420229103616.0,
27, 733580, 87626, 138098, 41912, 450365014016.0,
28, 720425, 89511, 144520, 46897, 481251049472.0,
29, 706911, 91318, 150959, 52154, 512307380224.0,
30, 693413, 93064, 157354, 57586, 543775948800.0,
31, 679792, 94709, 163661, 63169, 575409946624.0,
32, 666345, 96106, 169872, 69038, 607390498816.0,
33, 652726, 97389, 176132, 75039, 639516180480.0,
34, 639068, 98702, 182321, 81184, 671658278912.0,
35, 625308, 100066, 188452, 87489, 703873515520.0,
36, 611817, 101074, 194473, 94011, 736250331136.0,
37, 598215, 101804, 200501, 100598, 768589135872.0,
38, 584882, 102474, 206451, 107365, 800901562368.0,
39, 571446, 103170, 212406, 114171, 833329627136.0,
40, 558205, 103705, 218274, 120995, 865456914432.0,
41, 545046, 104147, 224154, 128056, 897669627904.0,
42, 532047, 104215, 229915, 135096, 929772077056.0,
43, 519098, 104330, 235578, 142291, 961585184768.0,
44, 506295, 104499, 241214, 149466, 993355333632.0,
45, 493664, 104610, 246593, 156662, 1024825425920.0,
46, 481164, 104394, 251908, 163897, 1056067616768.0,
47, 468514, 104312, 257259, 171107, 1086945722368.0,
48, 456715, 103763, 262422, 178400, 1117811245056.0,
49, 444971, 103215, 267463, 185672, 1148427829248.0,
50, 432882, 102775, 272590, 192920, 1178194083840.0,
51, 421813, 102098, 277478, 200077, 1207597137920.0,
52, 410536, 101359, 282196, 207400, 1236664844288.0,
53, 399366, 100540, 286861, 214519, 1265590796288.0,
54, 388373, 99705, 291632, 221708, 1294165671936.0,
55, 378003, 98687, 296142, 228750, 1322305388544.0,
56, 367529, 97682, 300380, 235762, 1349981306880.0,
57, 357618, 96637, 304705, 242596, 1377338523648.0,
58, 347916, 95189, 308790, 249539, 1404093333504.0,
59, 338397, 94057, 312708, 256260, 1430151757824.0,
60, 329197, 92512, 316583, 262966, 1455759360000.0,
61, 320336, 91256, 320276, 269595, 1480889008128.0,
62, 311713, 89824, 323832, 276197, 1505865367552.0,
63, 303062, 88504, 327256, 282616, 1529657950208.0,
64, 295182, 87022, 330470, 288981, 1552876830720.0,
65, 286952, 85579, 333782, 295194, 1575415644160.0,
66, 279578, 84050, 336694, 301273, 1597416865792.0,
67, 272371, 82450, 339636, 307301, 1619128745984.0,
68, 264929, 80995, 342364, 313088, 1639954644992.0,
69, 258093, 79454, 344993, 318840, 1660223291392.0,
70, 251252, 77839, 347482, 324422, 1679917907968.0,
71, 245036, 76424, 349843, 329961, 1699126444032.0,
72, 238975, 74726, 352119, 335258, 1717458763776.0,
73, 233330, 73147, 354230, 340532, 1735144570880.0,
74, 227795, 71509, 356145, 345495, 1752290361344.0,
75, 222560, 69932, 358038, 350670, 1768324923392.0,
76, 217390, 68292, 359963, 355482, 1784074993664.0,
77, 212740, 66822, 361635, 360112, 1799173242880.0,
78, 208011, 65387, 363421, 364749, 1813271281664.0,
79, 203237, 63867, 364794, 369188, 1827054419968.0,
80, 199406, 62374, 366065, 373456, 1840555884544.0,
81, 195800, 60842, 367382, 377719, 1853416669184.0,
82, 191613, 59488, 368436, 381633, 1865606365184.0,
83, 188103, 58044, 369736, 385470, 1877010743296.0,
84, 184532, 56628, 370635, 389211, 1887813238784.0,
85, 181918, 55129, 371387, 392634, 1897971449856.0,
86, 178958, 53738, 372387, 396074, 1907822231552.0,
87, 176247, 52482, 373080, 399397, 1916686696448.0,
88, 173808, 51135, 373714, 402568, 1925189992448.0,
89, 171120, 49868, 374345, 405529, 1932961251328.0,
90, 168699, 48673, 375159, 408569, 1940688207872.0,
91, 166764, 47459, 375786, 411263, 1948294709248.0,
92, 164850, 46327, 376278, 413919, 1954885140480.0,
93, 163116, 45261, 376645, 416356, 1961096708096.0,
94, 161623, 44095, 376942, 418731, 1966893629440.0,
95, 160061, 43052, 377249, 421075, 1972091486208.0,
96, 158408, 42091, 377568, 423173, 1977239797760.0,
97, 156916, 41054, 378043, 425299, 1982167252992.0,
98, 155854, 40105, 378137, 427261, 1986537521152.0,
99, 154501, 39281, 378310, 429067, 1990877970432.0,
100, 153281, 38453, 378843, 430949, 1994501521408.0,
101, 152250, 37815, 378935, 432502, 1998119370752.0,
102, 151654, 36799, 378987, 433984, 2001265557504.0,
103, 150796, 36119, 379051, 435505, 2004353679360.0,
104, 150304, 35328, 378992, 436851, 2006993731584.0,
105, 149821, 34580, 379155, 437994, 2009813549056.0,
106, 149190, 33816, 379203, 439197, 2012191653888.0,
107, 148583, 33296, 379373, 440252, 2014515363840.0,
108, 148239, 32628, 379208, 441301, 2016352993280.0,
109, 147942, 32035, 379293, 442157, 2017959739392.0,
110, 147565, 31405, 379202, 443130, 2019435741184.0,
111, 147496, 30957, 379291, 443976, 2020943790080.0,
112, 146748, 30440, 379279, 444758, 2022036799488.0,
113, 146922, 29956, 379447, 445423, 2023005945856.0,
114, 146886, 29406, 379211, 445959, 2023787331584.0,
115, 146454, 29071, 379290, 446600, 2024269545472.0,
116, 146729, 28576, 379032, 447064, 2024760016896.0,
117, 146710, 28208, 378963, 447488, 2025608445952.0,
118, 146432, 27847, 378955, 447966, 2026594959360.0,
119, 146339, 27523, 379025, 448350, 2027180654592.0,
120, 146544, 27192, 379048, 448731, 2027446075392.0,
121, 146485, 26873, 378990, 449059, 2028316131328.0,
122, 146583, 26576, 378708, 449310, 2028565954560.0,
123, 146494, 26298, 378854, 449584, 2028803784704.0,
124, 146662, 26055, 378520, 449778, 2028951175168.0,
125, 146680, 25820, 378825, 449968, 2029101711360.0,
126, 147103, 25575, 378680, 450153, 2029237043200.0,
127, 147019, 25443, 378442, 450349, 2029104070656.0,
128, 147017, 25225, 378619, 450413, 2028859752448.0,
129, 147500, 25013, 378514, 450408, 2028893569024.0,
130, 147705, 24737, 378358, 450535, 2028621922304.0,
131, 147911, 24629, 378235, 450653, 2028637192192.0,
132, 148193, 24437, 378197, 450610, 2028444516352.0,
133, 148373, 24281, 378125, 450680, 2028409192448.0,
134, 148307, 24121, 378122, 450667, 2027923505152.0,
135, 148466, 24015, 378038, 450617, 2027520458752.0,
136, 148872, 23814, 377914, 450636, 2027675254784.0,
137, 149189, 23723, 377832, 450641, 2027596349440.0,
138, 149470, 23636, 377612, 450519, 2027392466944.0,
139, 149442, 23584, 377706, 450517, 2027190091776.0,
140, 149857, 23463, 377674, 450477, 2026760044544.0,
141, 150066, 23368, 377731, 450281, 2026676486144.0,
142, 150284, 23342, 377458, 450256, 2026198728704.0,
143, 150497, 23307, 377557, 450070, 2025977413632.0,
144, 150320, 23266, 377601, 450012, 2025791356928.0,
145, 150520, 23202, 377459, 449932, 2025645932544.0,
146, 150345, 23173, 377489, 449900, 2025226371072.0,
147, 150784, 23107, 377382, 449932, 2025252519936.0,
148, 151366, 23064, 377384, 449746, 2024973205504.0,
149, 151532, 22962, 377422, 449615, 2024758968320.0,
150, 151688, 22936, 377170, 449507, 2024534048768.0,
151, 151673, 22941, 377212, 449312, 2024133885952.0,
152, 151750, 22934, 377322, 449391, 2024079228928.0,
153, 151893, 22892, 377318, 449413, 2024017297408.0,
154, 151750, 22914, 377367, 449315, 2023900643328.0,
155, 152172, 22815, 377359, 449066, 2023590920192.0,
156, 152134, 22876, 377416, 449027, 2023667466240.0,
157, 151989, 22756, 377508, 449083, 2023676575744.0,
158, 152456, 22754, 377449, 448947, 2023387693056.0,
159, 152236, 22754, 377560, 448808, 2023410302976.0,
160, 152481, 22756, 377520, 448665, 2022961971200.0,
161, 152585, 22720, 377423, 448715, 2022886080512.0,
162, 152806, 22683, 377403, 448667, 2023344373760.0,
163, 153106, 22613, 377266, 448409, 2023386644480.0,
164, 153043, 22646, 377325, 448392, 2023364427776.0,
165, 153069, 22658, 377283, 448321, 2023395360768.0,
166, 153093, 22646, 377314, 448304, 2023393394688.0,
167, 153201, 22588, 377340, 448335, 2023563395072.0,
168, 153198, 22567, 377239, 448261, 2023499235328.0,
169, 153548, 22574, 377205, 448126, 2023121813504.0,
170, 153480, 22615, 377278, 448139, 2023091339264.0,
171, 153425, 22538, 377303, 448028, 2022992052224.0,
172, 153489, 22558, 377247, 448028, 2022846103552.0,
173, 153666, 22579, 377417, 447984, 2022617382912.0,
174, 153458, 22565, 377421, 447820, 2022631931904.0,
175, 153634, 22538, 377466, 447769, 2022674399232.0,
176, 153726, 22568, 377425, 447624, 2022530809856.0,
177, 153866, 22557, 377326, 447627, 2022672760832.0,
178, 153772, 22541, 377500, 447606, 2022734823424.0,
179, 154221, 22549, 377499, 447393, 2022843285504.0,
180, 154216, 22511, 377418, 447448, 2022997360640.0,
181, 154039, 22537, 377368, 447317, 2023371505664.0,
182, 154353, 22485, 377298, 447197, 2023296532480.0,
183, 154233, 22479, 377321, 447325, 2023071416320.0,
184, 154250, 22465, 377131, 447206, 2022990872576.0,
185, 154064, 22565, 377274, 447237, 2022966624256.0,
186, 154180, 22536, 377261, 447255, 2023183679488.0,
187, 154213, 22586, 377189, 447222, 2022975602688.0,
188, 154374, 22589, 377392, 447155, 2022793084928.0,
189, 154312, 22560, 377350, 447047, 2022889160704.0,
190, 154649, 22502, 377179, 447023, 2023039107072.0,
191, 154319, 22484, 377351, 446908, 2023153270784.0,
192, 154711, 22438, 377484, 446837, 2023305576448.0,
193, 154630, 22515, 377417, 446871, 2023195148288.0,
194, 154806, 22480, 377355, 446799, 2023130398720.0,
195, 154410, 22571, 377567, 446834, 2023046709248.0,
196, 154627, 22523, 377409, 446705, 2023041007616.0,
197, 154348, 22533, 377581, 446919, 2022943227904.0,
198, 154697, 22585, 377519, 446813, 2023175553024.0,
199, 154746, 22501, 377317, 446707, 2022945718272.0,
200, 154553, 22529, 377410, 446809, 2023097040896.0,
201, 154662, 22563, 377471, 446720, 2023273922560.0,
202, 154609, 22525, 377553, 446580, 2023343718400.0,
203, 154811, 22503, 377527, 446761, 2023193706496.0,
204, 154979, 22508, 377454, 446615, 2022983729152.0,
205, 155018, 22492, 377299, 446763, 2022630686720.0,
206, 154643, 22527, 377433, 446882, 2022571507712.0,
207, 154905, 22516, 377283, 446663, 2022531792896.0,
208, 155038, 22470, 377065, 446621, 2022675972096.0,
209, 155073, 22476, 377048, 446554, 2022772113408.0,
210, 155150, 22494, 377080, 446590, 2022518620160.0,
211, 154851, 22561, 377336, 446575, 2022631866368.0,
212, 154899, 22502, 377326, 446478, 2022494896128.0,
213, 155219, 22502, 377213, 446503, 2022562856960.0,
214, 155203, 22489, 377119, 446458, 2022525632512.0,
215, 155042, 22488, 377330, 446380, 2022615547904.0,
216, 155144, 22472, 377226, 446397, 2022443843584.0,
217, 154933, 22503, 377323, 446352, 2022567378944.0,
218, 155303, 22468, 377188, 446396, 2022465077248.0,
219, 155503, 22465, 377087, 446282, 2022435586048.0,
220, 155422, 22464, 376934, 446388, 2022128091136.0,
221, 155436, 22432, 376820, 446323, 2022063079424.0,
222, 155591, 22496, 377059, 446347, 2022134513664.0,
223, 155468, 22493, 376885, 446269, 2021844910080.0,
224, 155611, 22424, 376947, 446283, 2021904744448.0,
225, 156124, 22414, 376855, 446270, 2021597642752.0,
226, 155712, 22541, 376953, 446151, 2021053956096.0,
227, 155577, 22483, 376984, 446171, 2021015027712.0,
228, 155691, 22488, 377128, 446201, 2021040979968.0,
229, 155597, 22521, 376996, 446317, 2020896866304.0,
230, 155325, 22564, 377209, 446266, 2020948770816.0,
231, 155219, 22588, 377272, 446060, 2021041635328.0,
232, 155251, 22573, 377411, 446195, 2021418074112.0,
233, 155175, 22543, 377371, 446150, 2021596397568.0,
234, 155274, 22489, 377299, 446151, 2021692997632.0,
235, 155589, 22510, 377185, 446102, 2021898387456.0,
236, 155453, 22538, 377176, 446073, 2021997477888.0,
237, 155592, 22509, 377222, 446056, 2022112690176.0,
238, 155532, 22534, 377369, 445978, 2022105939968.0,
239, 155265, 22525, 377206, 446141, 2022255820800.0,
240, 155298, 22479, 377355, 446160, 2022532186112.0,
241, 155029, 22448, 377404, 446152, 2022438404096.0,
242, 155487, 22433, 377245, 446063, 2022541099008.0,
243, 155593, 22426, 377179, 446102, 2022582321152.0,
244, 155299, 22455, 377489, 446155, 2022314868736.0,
245, 155497, 22442, 377272, 446229, 2022303727616.0,
246, 155701, 22439, 377250, 446046, 2022142640128.0,
247, 155532, 22498, 377182, 446129, 2022188843008.0,
248, 155770, 22483, 377265, 446221, 2021913657344.0,
249, 155620, 22481, 377302, 446002, 2021994856448.0,
250, 155577, 22497, 377355, 445983, 2021863260160.0,
251, 155620, 22503, 377325, 445961, 2021849694208.0,
252, 155880, 22444, 377193, 445983, 2022187270144.0,
253, 155751, 22468, 377288, 446019, 2022421626880.0,
254, 156054, 22430, 377080, 445948, 2022347112448.0,
255, 155688, 22519, 377124, 446063, 2022136610816.0,
256, 155709, 22497, 377181, 446102, 2022160269312.0,
257, 155565, 22498, 377203, 446103, 2022325092352.0,
258, 155290, 22556, 377284, 446090, 2022547062784.0,
259, 155500, 22537, 377185, 446066, 2022114000896.0,
260, 155603, 22502, 377231, 446061, 2022246580224.0,
261, 155422, 22508, 377143, 446068, 2022224953344.0,
262, 155655, 22496, 377258, 446019, 2022391873536.0,
263, 155766, 22510, 377210, 446014, 2022218727424.0,
264, 155713, 22506, 377304, 446119, 2021660098560.0,
265, 155261, 22534, 377232, 446080, 2021703155712.0,
266, 155289, 22513, 377266, 446079, 2021775441920.0,
267, 155435, 22521, 377322, 445996, 2021635784704.0,
268, 155582, 22503, 377103, 446001, 2021868175360.0,
269, 155694, 22479, 377294, 446083, 2021873811456.0,
270, 155680, 22464, 377022, 446057, 2021763907584.0,
271, 155874, 22478, 377007, 446041, 2021650464768.0,
272, 155822, 22456, 377085, 446038, 2021565005824.0,
273, 155753, 22441, 377286, 446006, 2021489836032.0,
274, 155753, 22407, 377152, 446002, 2021550325760.0,
275, 155231, 22484, 377291, 446089, 2021491933184.0,
276, 155414, 22511, 377174, 446104, 2021472927744.0,
277, 155848, 22470, 377056, 446136, 2021527650304.0,
278, 155786, 22493, 377080, 446079, 2021408309248.0,
279, 155826, 22474, 377133, 446144, 2021657346048.0,
280, 155163, 22566, 377434, 446164, 2021714231296.0,
281, 155713, 22537, 377317, 446089, 2021695356928.0,
282, 155488, 22504, 377138, 446129, 2021734154240.0,
283, 155483, 22491, 377366, 446036, 2021771575296.0,
284, 155511, 22500, 377385, 446006, 2021735530496.0,
285, 155484, 22523, 377469, 445997, 2021838684160.0,
286, 155456, 22498, 377365, 446112, 2022342787072.0,
287, 155405, 22508, 377292, 445985, 2022210207744.0,
288, 155753, 22433, 377262, 445939, 2022107512832.0,
289, 155392, 22475, 377296, 445939, 2022078742528.0,
290, 155654, 22491, 377289, 445882, 2022207979520.0,
291, 155455, 22475, 377386, 445942, 2022179143680.0,
292, 155628, 22487, 377324, 445940, 2021916409856.0,
293, 155534, 22526, 377366, 445999, 2021857886208.0,
294, 155499, 22523, 377167, 446015, 2021913919488.0,
295, 155781, 22441, 377074, 445835, 2022184910848.0,
296, 155717, 22524, 377150, 445947, 2021987188736.0,
297, 155552, 22509, 377027, 445855, 2022419005440.0,
298, 155810, 22439, 377147, 445984, 2022607880192.0,
299, 155499, 22482, 377220, 446098, 2022475956224.0,
300, 155921, 22434, 376986, 445971, 2022185435136.0,
301, 155951, 22459, 377139, 446011, 2022020481024.0,
302, 155878, 22454, 377293, 445980, 2021801721856.0,
303, 155819, 22545, 377314, 445951, 2021929582592.0,
304, 155719, 22541, 377304, 446142, 2022186352640.0,
305, 155704, 22510, 377049, 446083, 2022063472640.0,
306, 155909, 22493, 377226, 446065, 2022002262016.0,
307, 155719, 22448, 377277, 445969, 2021650530304.0,
308, 155792, 22480, 377097, 446078, 2021611929600.0,
309, 155835, 22494, 377139, 446013, 2021635850240.0,
310, 156002, 22506, 377146, 445960, 2021781209088.0,
311, 155963, 22474, 377112, 445836, 2021772361728.0,
312, 155404, 22476, 377008, 445893, 2021791432704.0,
313, 155697, 22475, 377112, 445753, 2021299191808.0,
314, 155859, 22467, 377027, 445757, 2021277237248.0,
315, 155905, 22510, 377140, 445854, 2021479284736.0,
316, 155756, 22507, 377227, 445884, 2021524242432.0,
317, 155849, 22469, 377218, 445863, 2021903237120.0,
318, 155947, 22490, 377202, 445803, 2021966807040.0,
319, 156053, 22470, 376985, 445939, 2021758926848.0,
320, 155942, 22546, 377189, 445892, 2021802377216.0,
321, 155776, 22523, 377100, 445889, 2021330649088.0,
322, 156100, 22472, 377118, 445904, 2021384323072.0,
323, 155865, 22484, 377030, 445913, 2021111955456.0,
324, 155731, 22513, 377039, 445927, 2021442846720.0,
325, 156143, 22468, 376895, 445941, 2021495013376.0,
326, 156200, 22494, 376858, 445822, 2021149966336.0,
327, 156267, 22487, 376735, 445732, 2021251874816.0,
328, 156315, 22504, 376704, 445728, 2021246173184.0,
329, 156281, 22466, 376842, 445770, 2021115756544.0,
330, 156199, 22490, 376849, 445755, 2021035671552.0,
331, 156292, 22510, 376953, 445762, 2020916461568.0,
332, 156155, 22577, 376890, 445748, 2020756815872.0,
333, 156088, 22490, 376983, 445660, 2020224532480.0,
334, 156001, 22542, 376992, 445672, 2020137041920.0,
335, 156057, 22523, 377054, 445806, 2020121313280.0,
336, 155952, 22497, 377059, 445689, 2020008591360.0,
337, 155886, 22485, 377266, 445808, 2020058988544.0,
338, 155716, 22488, 377292, 445776, 2020569645056.0,
339, 155819, 22474, 377255, 445720, 2020636164096.0,
340, 155876, 22512, 377182, 445702, 2020599660544.0,
341, 155853, 22514, 377260, 445674, 2021013192704.0,
342, 155805, 22473, 377353, 445638, 2021166612480.0,
343, 155716, 22489, 377224, 445713, 2020984553472.0,
344, 155839, 22529, 377106, 445794, 2021240143872.0,
345, 156037, 22470, 377090, 445804, 2021276975104.0,
346, 155941, 22448, 377094, 445734, 2021696274432.0,
347, 155917, 22447, 377069, 445816, 2021254168576.0,
348, 155711, 22550, 377116, 446038, 2021083119616.0,
349, 155931, 22581, 377133, 446029, 2021233917952.0,
350, 155869, 22472, 377184, 445959, 2021423382528.0,
351, 155856, 22452, 377114, 445980, 2021524045824.0,
352, 155881, 22547, 377209, 446042, 2021848776704.0,
353, 155695, 22475, 377463, 445968, 2021778718720.0,
354, 155775, 22545, 377374, 445975, 2021813977088.0,
355, 155565, 22465, 377367, 445993, 2021734088704.0,
356, 155648, 22530, 377353, 445855, 2021637226496.0,
357, 155630, 22561, 377284, 445989, 2021365645312.0,
358, 155536, 22517, 377444, 445965, 2021907038208.0,
359, 155520, 22526, 377467, 445968, 2021839536128.0,
360, 155562, 22526, 377392, 445984, 2021595283456.0,
361, 155715, 22494, 377222, 445861, 2021515526144.0,
362, 155925, 22451, 377284, 445891, 2021729435648.0,
363, 155777, 22470, 377108, 446052, 2022649036800.0,
364, 155797, 22493, 377224, 446017, 2022142509056.0,
365, 155852, 22465, 377125, 445881, 2022328893440.0,
366, 155494, 22504, 377242, 446115, 2022158303232.0,
367, 155724, 22478, 377229, 446054, 2021989089280.0,
368, 155973, 22443, 377168, 445961, 2021891178496.0,
369, 155853, 22452, 377279, 446030, 2021706891264.0,
370, 155802, 22518, 377164, 445983, 2021810044928.0,
371, 155930, 22494, 377155, 445884, 2022048595968.0,
372, 155681, 22511, 377272, 445799, 2022196576256.0,
373, 155937, 22494, 377193, 445884, 2021906710528.0,
374, 155808, 22527, 377199, 445895, 2021884493824.0,
375, 155765, 22520, 377122, 446093, 2021919621120.0,
376, 155717, 22503, 377160, 446010, 2021819219968.0,
377, 155678, 22447, 377158, 446053, 2021624184832.0,
378, 155499, 22523, 377299, 446143, 2021661278208.0,
379, 155463, 22480, 377295, 446203, 2021834752000.0,
380, 155796, 22477, 377222, 445947, 2022090276864.0,
381, 155774, 22466, 377229, 445891, 2022191988736.0,
382, 155803, 22461, 377124, 446078, 2022376341504.0,
383, 155813, 22532, 377154, 446047, 2022137266176.0,
384, 155765, 22418, 377122, 445904, 2021830623232.0,
385, 156089, 22473, 377011, 445834, 2021766856704.0,
386, 155877, 22486, 376916, 445862, 2021717377024.0,
387, 155811, 22502, 377091, 445880, 2021771378688.0,
388, 155833, 22517, 377075, 446005, 2021798117376.0,
389, 156208, 22466, 376911, 445829, 2021694308352.0,
390, 156252, 22486, 376865, 445696, 2021507399680.0,
391, 156003, 22449, 376920, 445854, 2021463818240.0,
392, 156292, 22468, 376950, 445941, 2021294931968.0,
393, 155967, 22475, 376966, 445948, 2021250760704.0,
394, 155925, 22449, 377119, 445876, 2021116346368.0,
395, 156059, 22464, 377033, 445910, 2021073027072.0,
396, 156077, 22497, 377095, 445713, 2020802166784.0,
397, 156230, 22482, 377048, 445798, 2020672667648.0,
398, 156150, 22486, 376948, 445797, 2020866588672.0,
399, 156186, 22532, 377107, 445807, 2020954734592.0,
400, 156030, 22541, 377056, 445626, 2020833886208.0,
401, 155939, 22512, 377024, 445647, 2020783095808.0,
402, 155946, 22538, 377051, 445807, 2021027479552.0,
403, 155829, 22588, 377297, 445717, 2021050220544.0,
404, 155589, 22601, 377219, 445798, 2021286936576.0,
405, 155666, 22577, 377292, 445806, 2021376720896.0,
406, 155593, 22536, 377233, 445920, 2021569331200.0,
407, 155914, 22513, 377204, 445799, 2021471813632.0,
408, 156391, 22415, 377093, 445778, 2021557010432.0,
409, 155941, 22384, 377129, 445704, 2021754208256.0,
410, 156055, 22451, 377008, 445759, 2021698043904.0,
411, 156035, 22503, 377063, 445681, 2021818302464.0,
412, 156267, 22448, 377045, 445678, 2021920210944.0,
413, 155737, 22521, 377218, 445843, 2021572476928.0,
414, 155940, 22542, 377193, 445780, 2021399724032.0,
415, 155968, 22543, 377233, 445751, 2021587419136.0,
416, 156036, 22484, 377051, 445640, 2021470240768.0,
417, 156040, 22389, 376894, 445670, 2021577523200.0,
418, 155774, 22441, 377165, 445751, 2021646073856.0,
419, 156234, 22473, 377209, 445794, 2021819285504.0,
420, 156298, 22478, 377021, 445823, 2021536169984.0,
421, 156068, 22524, 376962, 445922, 2021969297408.0,
422, 156323, 22524, 376849, 445822, 2022051676160.0,
423, 155965, 22469, 376784, 445910, 2021734612992.0,
424, 156014, 22507, 377099, 445922, 2021904809984.0,
425, 156363, 22436, 376968, 445892, 2021785862144.0,
426, 156615, 22448, 376881, 445717, 2021343559680.0,
427, 156489, 22493, 376887, 445661, 2021466636288.0,
428, 156245, 22463, 377013, 445927, 2021153832960.0,
429, 155995, 22525, 377098, 445883, 2020896014336.0,
430, 155880, 22472, 376931, 445768, 2020854988800.0,
431, 156000, 22524, 377064, 445764, 2020992548864.0,
432, 155769, 22548, 377035, 445819, 2020938874880.0,
433, 155999, 22479, 376961, 445732, 2021023350784.0,
434, 155846, 22496, 377153, 445802, 2021070405632.0,
435, 156174, 22471, 377013, 445677, 2021439569920.0,
436, 155972, 22466, 377150, 445848, 2021271011328.0,
437, 155766, 22519, 377266, 445867, 2021457461248.0,
438, 155885, 22535, 377216, 445906, 2021368463360.0,
439, 155732, 22486, 377282, 445734, 2021731860480.0,
440, 155433, 22535, 377355, 445846, 2021737037824.0,
441, 155259, 22529, 377409, 445914, 2021982470144.0,
442, 155243, 22579, 377541, 445975, 2022177570816.0,
443, 155464, 22548, 377236, 445910, 2022193364992.0,
444, 155653, 22518, 377203, 445853, 2022163283968.0,
445, 155714, 22444, 377056, 445722, 2022124486656.0,
446, 155960, 22431, 377107, 445798, 2022503022592.0,
447, 155880, 22448, 377065, 445865, 2022529761280.0,
448, 156055, 22459, 377019, 445784, 2022229082112.0,
449, 156326, 22519, 377002, 445864, 2022213419008.0,
450, 156073, 22495, 376779, 445909, 2022184976384.0,
451, 155782, 22456, 376983, 445748, 2021889867776.0,
452, 155776, 22485, 376896, 445897, 2021627920384.0,
453, 156103, 22466, 376947, 445834, 2021349261312.0,
454, 155887, 22490, 377058, 445864, 2021440421888.0,
455, 156022, 22514, 377072, 445983, 2021249056768.0,
456, 155961, 22502, 376810, 445884, 2020871831552.0,
457, 155831, 22453, 376898, 445915, 2021116870656.0,
458, 155846, 22468, 376832, 445922, 2021313019904.0,
459, 156257, 22428, 376907, 445921, 2021355225088.0,
460, 155927, 22473, 376955, 445907, 2021592072192.0,
461, 156130, 22471, 376781, 445918, 2021318459392.0,
462, 156147, 22444, 376897, 446024, 2021435572224.0,
463, 156104, 22447, 376778, 445970, 2021227560960.0,
464, 156525, 22502, 376789, 445817, 2021209341952.0,
465, 156153, 22414, 376884, 445857, 2021382422528.0,
466, 156523, 22480, 376887, 445756, 2021453791232.0,
467, 156403, 22473, 376809, 445731, 2021255151616.0,
468, 156550, 22539, 376802, 445740, 2021201412096.0,
469, 156268, 22486, 376979, 445775, 2020968824832.0,
470, 156384, 22533, 377032, 445683, 2021007556608.0,
471, 156070, 22525, 377100, 445687, 2020829036544.0,
472, 156082, 22548, 377008, 445639, 2020599332864.0,
473, 156200, 22559, 376990, 445533, 2020841881600.0,
474, 156496, 22560, 376911, 445529, 2020846469120.0,
475, 156071, 22546, 377341, 445609, 2021003231232.0,
476, 156155, 22542, 377131, 445657, 2020910956544.0,
477, 155892, 22523, 377274, 445715, 2021035737088.0,
478, 156148, 22522, 377192, 445568, 2021227823104.0,
479, 156066, 22524, 377113, 445609, 2021466570752.0,
480, 156186, 22500, 377108, 445720, 2021593186304.0,
481, 156098, 22482, 377126, 445772, 2021640372224.0,
482, 156110, 22531, 377122, 445703, 2021819416576.0,
483, 155904, 22420, 377133, 445722, 2021585256448.0,
484, 156136, 22474, 377174, 445805, 2021471617024.0,
485, 155874, 22488, 377353, 445785, 2021349130240.0,
486, 155805, 22514, 377302, 445770, 2021174673408.0,
487, 155650, 22472, 377261, 445720, 2021143478272.0,
488, 155924, 22481, 377143, 445773, 2021584994304.0,
489, 155743, 22517, 377266, 445722, 2022024347648.0,
490, 155724, 22547, 377293, 445741, 2021874073600.0,
491, 155820, 22527, 377366, 445800, 2022025330688.0,
492, 155656, 22510, 377267, 445924, 2022220234752.0,
493, 155635, 22533, 377348, 445958, 2021852774400.0,
494, 155741, 22478, 377135, 446001, 2021847859200.0,
495, 155718, 22461, 377111, 445964, 2021773017088.0,
496, 155850, 22424, 377155, 445879, 2021418008576.0,
497, 155971, 22394, 377078, 445896, 2021231230976.0,
498, 156000, 22392, 377001, 445834, 2021394808832.0,
499, 156252, 22382, 376948, 445852, 2021290344448.0,
500, 156359, 22452, 376770, 445849, 2021411848192.0,
501, 156618, 22420, 376780, 445765, 2021517557760.0,
502, 156408, 22539, 376613, 445768, 2021329731584.0,
503, 156265, 22475, 376728, 445743, 2021184110592.0,
504, 156305, 22514, 376787, 445837, 2020891951104.0,
505, 156214, 22539, 376759, 445908, 2020649074688.0,
506, 156315, 22554, 376792, 445831, 2020322377728.0,
507, 156267, 22562, 376888, 445808, 2020218044416.0,
508, 155968, 22528, 376961, 445847, 2020095229952.0,
509, 155865, 22549, 376980, 445849, 2020045291520.0,
510, 155863, 22523, 377165, 445812, 2020217454592.0,
511, 155987, 22479, 377047, 445715, 2020159979520.0,
512, 156357, 22478, 377192, 445613, 2020073209856.0,
513, 156303, 22472, 377057, 445639, 2020659691520.0,
514, 155957, 22562, 376954, 445770, 2020760092672.0,
515, 156106, 22510, 377139, 445732, 2020826480640.0,
516, 156185, 22495, 377052, 445756, 2020772544512.0,
517, 156071, 22505, 377051, 445685, 2020623843328.0,
518, 156304, 22519, 377020, 445799, 2020885725184.0,
519, 156126, 22521, 377112, 445668, 2020885463040.0,
520, 156361, 22486, 376999, 445608, 2021009653760.0,
521, 156406, 22428, 377036, 445588, 2020944904192.0,
522, 156587, 22419, 376855, 445585, 2020714414080.0,
523, 156220, 22506, 377034, 445693, 2020844503040.0,
524, 156135, 22481, 377019, 445735, 2020988551168.0,
525, 155979, 22528, 377213, 445682, 2021258297344.0,
526, 156039, 22449, 377104, 445732, 2021081153536.0,
527, 156209, 22427, 376867, 445741, 2021036064768.0,
528, 156380, 22453, 376858, 445597, 2021480923136.0,
529, 156549, 22422, 376638, 445659, 2021446254592.0,
530, 156356, 22464, 376870, 445627, 2021240274944.0,
531, 156452, 22425, 376816, 445623, 2021104943104.0,
532, 155935, 22479, 376986, 445603, 2020821303296.0,
533, 156151, 22430, 377060, 445624, 2020749541376.0,
534, 156377, 22485, 376989, 445565, 2020560404480.0,
535, 155925, 22543, 377247, 445636, 2020265230336.0,
536, 155859, 22469, 377243, 445759, 2020536090624.0,
537, 155955, 22530, 377078, 445733, 2020902961152.0,
538, 156002, 22512, 376953, 445810, 2020982456320.0,
539, 155921, 22488, 377036, 445705, 2021116018688.0,
540, 156095, 22498, 377012, 445690, 2021099503616.0,
541, 156133, 22489, 376986, 445710, 2021170348032.0,
542, 156169, 22465, 377091, 445776, 2021011030016.0,
543, 156116, 22432, 376991, 445774, 2021053956096.0,
544, 156310, 22421, 377110, 445831, 2020739055616.0,
545, 156209, 22481, 377110, 445789, 2020846600192.0,
546, 156147, 22466, 377134, 445638, 2021097144320.0,
547, 155677, 22557, 377245, 445707, 2021020729344.0,
548, 155575, 22512, 377367, 445698, 2021034688512.0,
549, 156075, 22567, 377147, 445798, 2021396381696.0,
550, 155571, 22562, 377303, 445858, 2021373771776.0,
551, 155692, 22537, 377143, 445834, 2021585911808.0,
552, 155749, 22498, 377214, 445803, 2021819613184.0,
553, 156011, 22462, 377190, 445769, 2022082740224.0,
554, 156081, 22465, 377244, 445687, 2022155485184.0,
555, 155817, 22502, 377289, 445773, 2022315655168.0,
556, 155690, 22492, 377243, 445931, 2022233604096.0,
557, 155675, 22501, 377369, 445869, 2021909790720.0,
558, 155763, 22462, 376975, 445748, 2022247170048.0,
559, 155908, 22429, 377264, 445825, 2022277840896.0,
560, 156184, 22385, 377054, 445760, 2022354649088.0,
561, 156214, 22470, 377056, 445819, 2022263226368.0,
562, 156079, 22513, 377024, 445884, 2021950488576.0,
563, 156017, 22499, 376994, 445895, 2021731729408.0,
564, 155869, 22552, 377096, 445907, 2021522931712.0,
565, 155901, 22473, 377066, 445856, 2021373313024.0,
566, 156293, 22502, 376886, 445771, 2021393104896.0,
567, 155988, 22497, 377087, 446001, 2021448417280.0,
568, 155786, 22451, 377054, 445904, 2021448024064.0,
569, 156033, 22502, 377015, 445902, 2021344804864.0,
570, 156017, 22459, 376910, 445964, 2021338710016.0,
571, 155932, 22450, 377024, 445793, 2021063524352.0,
572, 156142, 22471, 376932, 445867, 2020906958848.0,
573, 156340, 22476, 376925, 445826, 2021123686400.0,
574, 156212, 22513, 376920, 445900, 2021014503424.0,
575, 156213, 22526, 376994, 445709, 2020824449024.0,
576, 155814, 22551, 376893, 445730, 2021033902080.0,
577, 156014, 22531, 376954, 445745, 2020964696064.0,
578, 155976, 22498, 377092, 445740, 2020647501824.0,
579, 156335, 22486, 376978, 445700, 2020683612160.0,
580, 156210, 22439, 376936, 445821, 2020878843904.0,
581, 156113, 22551, 376962, 445791, 2020803018752.0,
582, 156149, 22521, 377017, 445704, 2020908924928.0,
583, 156084, 22552, 376939, 445685, 2020214833152.0,
584, 156467, 22479, 376777, 445572, 2020346888192.0,
585, 156295, 22494, 376821, 445634, 2020257497088.0,
586, 156512, 22490, 376885, 445482, 2020052041728.0,
587, 156364, 22534, 376983, 445485, 2020051582976.0,
588, 155900, 22516, 377168, 445578, 2020043587584.0,
589, 156261, 22472, 377018, 445591, 2020165812224.0,
590, 156471, 22458, 377104, 445573, 2019996270592.0,
591, 156563, 22485, 377020, 445363, 2020218241024.0,
592, 156252, 22493, 377113, 445567, 2020337778688.0,
593, 156432, 22552, 376986, 445664, 2020437590016.0,
594, 156128, 22522, 377020, 445599, 2020283252736.0,
595, 156153, 22531, 377258, 445572, 2020167909376.0,
596, 156153, 22497, 377320, 445577, 2020382736384.0,
597, 156073, 22520, 377207, 445617, 2020590813184.0,
598, 155978, 22499, 377233, 445632, 2020834082816.0,
599, 156216, 22442, 377157, 445655, 2021178474496.0,
600, 156282, 22504, 377101, 445739, 2021207834624.0,
601, 156051, 22434, 377165, 445583, 2021532696576.0,
602, 156255, 22445, 377046, 445706, 2021557927936.0,
603, 156292, 22460, 376892, 445626, 2021603278848.0,
604, 156378, 22428, 376987, 445666, 2021275271168.0,
605, 156265, 22485, 376997, 445778, 2021189419008.0,
606, 156114, 22534, 377093, 445887, 2020979703808.0,
607, 156017, 22502, 377009, 445812, 2020686168064.0,
608, 156244, 22531, 376918, 445766, 2020748034048.0,
609, 156308, 22496, 376869, 445603, 2020524032000.0,
610, 156411, 22458, 376760, 445714, 2020580327424.0,
611, 156543, 22448, 376646, 445695, 2020421009408.0,
612, 156280, 22480, 376814, 445710, 2020336467968.0,
613, 156524, 22434, 376724, 445745, 2020260577280.0,
614, 156665, 22466, 376871, 445596, 2020170465280.0,
615, 156300, 22475, 376951, 445696, 2020351737856.0,
616, 156404, 22417, 376864, 445718, 2020289085440.0,
617, 156398, 22511, 376871, 445697, 2020278206464.0,
618, 156243, 22470, 376855, 445726, 2020446371840.0,
619, 156208, 22568, 377003, 445591, 2020562829312.0,
620, 156013, 22537, 376966, 445673, 2020506533888.0,
621, 156216, 22487, 376872, 445648, 2020332339200.0,
622, 156126, 22567, 376970, 445689, 2020583276544.0,
623, 155976, 22524, 377074, 445853, 2020685185024.0,
624, 155838, 22508, 377145, 445751, 2020823793664.0,
625, 155805, 22546, 377197, 445781, 2021025775616.0,
626, 155964, 22505, 377159, 445836, 2020688658432.0,
627, 156441, 22434, 377089, 445623, 2020377559040.0,
628, 156253, 22461, 377125, 445629, 2020646584320.0,
629, 156075, 22485, 377191, 445676, 2020810358784.0,
630, 155991, 22440, 377235, 445638, 2020747771904.0,
631, 156265, 22439, 377219, 445697, 2020892082176.0,
632, 156114, 22454, 377147, 445664, 2021006442496.0,
633, 156034, 22420, 377107, 445696, 2020872814592.0,
634, 156014, 22464, 377212, 445828, 2021076566016.0,
635, 156231, 22472, 377142, 445719, 2021304827904.0,
636, 156252, 22434, 376994, 445654, 2021449728000.0,
637, 156351, 22465, 376961, 445716, 2021412438016.0,
638, 156083, 22540, 377105, 445755, 2021325864960.0,
639, 155975, 22507, 377076, 445880, 2021428363264.0,
640, 156223, 22480, 376926, 445756, 2021259870208.0,
641, 156156, 22432, 376950, 445688, 2020867899392.0,
642, 156177, 22459, 376925, 445669, 2020604313600.0,
643, 156247, 22480, 376926, 445827, 2020731781120.0,
644, 155981, 22554, 377066, 445825, 2020819730432.0,
645, 155837, 22516, 377000, 445830, 2020846075904.0,
646, 155899, 22487, 376820, 445900, 2021007294464.0,
647, 156027, 22507, 376938, 445775, 2020843126784.0,
648, 155869, 22553, 376944, 445881, 2020621484032.0,
649, 155747, 22544, 377112, 445804, 2020575281152.0,
650, 155911, 22508, 376972, 445702, 2020915871744.0,
651, 156053, 22516, 376922, 445694, 2020759175168.0,
652, 156195, 22492, 377020, 445815, 2020698030080.0,
653, 156375, 22476, 376769, 445877, 2020763172864.0,
654, 156623, 22460, 376685, 445714, 2021078335488.0,
655, 156181, 22479, 376904, 445806, 2020500373504.0,
656, 156372, 22544, 376898, 445738, 2020722606080.0,
657, 156156, 22535, 376786, 445789, 2020717494272.0,
658, 156111, 22559, 376918, 445795, 2020929110016.0,
659, 156056, 22516, 376977, 445841, 2020891295744.0,
660, 156307, 22530, 376986, 445674, 2020256514048.0,
661, 155798, 22485, 377082, 445783, 2020754784256.0,
662, 156340, 22469, 377057, 445627, 2020901060608.0,
663, 156149, 22467, 376923, 445501, 2020669259776.0,
664, 156190, 22419, 377018, 445460, 2020459937792.0,
665, 156231, 22484, 377111, 445496, 2020425662464.0,
666, 156217, 22464, 377024, 445475, 2020419633152.0,
667, 156063, 22479, 377065, 445540, 2020819468288.0,
668, 155792, 22542, 377166, 445695, 2020624039936.0,
669, 155770, 22470, 377300, 445657, 2020770185216.0,
670, 155799, 22510, 377304, 445647, 2020819992576.0,
671, 155684, 22562, 377337, 445681, 2020915216384.0,
672, 155834, 22510, 377170, 445810, 2021033508864.0,
673, 155941, 22410, 377074, 445678, 2021062475776.0,
674, 156085, 22459, 377311, 445731, 2021467881472.0,
675, 156097, 22432, 377169, 445679, 2021214322688.0,
676, 156305, 22434, 376983, 445687, 2021369839616.0,
677, 156103, 22449, 376979, 445816, 2021206261760.0,
678, 156217, 22442, 376853, 445689, 2021479350272.0,
679, 156617, 22365, 376937, 445630, 2021272977408.0,
680, 156459, 22421, 376893, 445720, 2021260984320.0,
681, 156496, 22462, 376891, 445762, 2021126897664.0,
682, 156369, 22492, 376998, 445753, 2021112807424.0,
683, 156132, 22549, 377118, 445786, 2020690100224.0,
684, 156052, 22583, 377095, 445760, 2020468654080.0,
685, 156003, 22484, 376975, 445773, 2020142678016.0,
686, 156026, 22490, 376952, 445735, 2020363272192.0,
687, 156123, 22513, 376947, 445755, 2020432281600.0,
688, 156455, 22479, 376820, 445849, 2020434706432.0,
689, 156032, 22522, 376902, 445749, 2020436672512.0,
690, 156413, 22448, 376978, 445640, 2020494540800.0,
691, 156094, 22514, 376890, 445765, 2020363403264.0,
692, 156494, 22505, 377040, 445736, 2020532813824.0,
693, 156594, 22501, 376829, 445653, 2020274601984.0,
694, 156091, 22529, 377132, 445725, 2020283580416.0,
695, 156009, 22587, 377127, 445759, 2020223877120.0,
696, 155901, 22610, 377138, 445716, 2020373168128.0,
697, 155808, 22574, 377233, 445710, 2020498276352.0,
698, 155921, 22500, 377247, 445718, 2020666507264.0,
699, 155989, 22529, 377216, 445616, 2021201215488.0,
700, 155807, 22473, 377321, 445716, 2021313282048.0,
701, 155809, 22524, 377297, 445757, 2021642534912.0,
702, 155866, 22476, 377099, 445759, 2021163728896.0,
703, 155850, 22498, 377221, 445864, 2021001658368.0,
704, 155919, 22484, 377073, 445831, 2021200822272.0,
705, 155874, 22488, 377090, 445841, 2021282349056.0,
706, 155859, 22472, 377052, 445771, 2021327372288.0,
707, 155730, 22473, 377259, 445892, 2021119623168.0,
708, 155648, 22461, 377163, 446050, 2020987699200.0,
709, 155750, 22460, 377013, 445922, 2021117067264.0,
710, 155598, 22435, 377002, 445850, 2021305810944.0,
711, 155934, 22443, 377028, 445954, 2021707808768.0,
712, 156373, 22442, 376833, 445804, 2021214715904.0,
713, 156126, 22504, 376913, 445798, 2021074927616.0,
714, 155926, 22566, 377027, 445835, 2021025185792.0,
715, 155785, 22565, 377139, 445941, 2021025972224.0,
716, 155933, 22499, 377018, 445886, 2021153308672.0,
717, 156051, 22478, 376968, 445794, 2021779570688.0,
718, 156082, 22450, 376998, 445798, 2021358567424.0,
719, 156062, 22437, 377066, 445761, 2021228150784.0,
