0, 1001365, 0, 0, 0, 0.0,
1, 991352, 10011, 2, 0, 0.0,
2, 911, 990266, 10183, 0, 5356958208.0,
3, 0, 983765, 17598, 0, 11520178176.0,
4, 0, 943592, 57772, 0, 28647431168.0,
5, 0, 850584, 150780, 2, 79664828416.0,
6, 0, 712483, 288869, 13, 188671492096.0,
7, 1, 555420, 445879, 62, 367283208192.0,
8, 0, 405908, 595228, 210, 611150266368.0,
9, 13, 280484, 720248, 620, 904568799232.0,
10, 1, 184689, 815003, 1649, 1227280744448.0,
11, 2, 116800, 880487, 4000, 1560992874496.0,
12, 3, 71604, 920801, 8927, 1887779422208.0,
13, 5, 43103, 940103, 18144, 2203729526784.0,
14, 9, 26241, 941318, 33761, 2484440268800.0,
15, 15, 17307, 926196, 57820, 2733643268096.0,
16, 25, 13767, 896026, 91566, 2937328500736.0,
17, 36, 13985, 851965, 135361, 3137176338432.0,
18, 51, 16967, 796342, 188075, 3244650790912.0,
19, 65, 21990, 731772, 247571, 3357695672320.0,
20, 83, 28431, 662280, 310579, 3391034753024.0,
21, 101, 35735, 591831, 373647, 3388379234304.0,
22, 119, 43411, 524507, 433375, 3351540400128.0,
23, 131, 50912, 463694, 486653, 3264951353344.0,
24, 145, 57667, 412204, 531299, 3169237073920.0,
25, 153, 63277, 371603, 566278, 3076980604928.0,
26, 162, 67407, 342796, 591007, 2942056398848.0,
27, 164, 69900, 325343, 605936, 2843056013312.0,
28, 167, 70713, 318462, 612034, 2718580998144.0,
29, 164, 69987, 320555, 610711, 2622722277376.0,
30, 163, 67770, 330245, 603217, 2537394798592.0,
31, 161, 64489, 345723, 590989, 2459343912960.0,
32, 156, 60274, 365472, 575473, 2402596945920.0,
33, 157, 55545, 387747, 557954, 2366850465792.0,
34, 147, 50468, 411394, 539321, 2345870426112.0,
35, 144, 45461, 435314, 520433, 2338620571648.0,
36, 140, 40577, 458735, 501925, 2344225734656.0,
37, 134, 36014, 480883, 484433, 2360940953600.0,
38, 128, 31942, 501199, 468159, 2386744836096.0,
39, 129, 28408, 519444, 453393, 2420563247104.0,
40, 123, 25406, 535500, 440339, 2461960372224.0,
41, 124, 23024, 549090, 429104, 2509103824896.0,
42, 121, 21200, 560381, 419670, 2558323589120.0,
43, 118, 19954, 569281, 411977, 2604117917696.0,
44, 119, 19144, 575965, 406134, 2646496116736.0,
45, 119, 18809, 580471, 401982, 2689857486848.0,
46, 118, 18851, 583007, 399356, 2734824095744.0,
47, 119, 19247, 583795, 398201, 2778104201216.0,
48, 119, 19911, 582912, 398406, 2816165412864.0,
49, 121, 20765, 580604, 399819, 2846605836288.0,
50, 122, 21826, 577157, 402230, 2870457794560.0,
51, 126, 23019, 572757, 405466, 2889016410112.0,
52, 127, 24338, 567474, 409444, 2903390552064.0,
53, 130, 25667, 561672, 413852, 2913925332992.0,
54, 135, 27022, 555469, 418721, 2920853143552.0,
55, 133, 28363, 549108, 423778, 2923954569216.0,
56, 135, 29659, 542669, 429017, 2923542347776.0,
57, 138, 30889, 536152, 434264, 2920006549504.0,
58, 141, 32012, 529935, 439270, 2913921531904.0,
59, 143, 33062, 523964, 444164, 2905494781952.0,
60, 144, 34002, 518408, 448797, 2895524003840.0,
61, 142, 34889, 513262, 453070, 2884236345344.0,
62, 144, 35584, 508610, 456995, 2871763533824.0,
63, 146, 36208, 504624, 460422, 2858212917248.0,
64, 148, 36691, 501137, 463383, 2843316453376.0,
65, 147, 37101, 498207, 465899, 2827645878272.0,
66, 152, 37366, 495939, 467902, 2811201847296.0,
67, 151, 37528, 494227, 469468, 2794628055040.0,
68, 151, 37590, 492948, 470665, 2778745929728.0,
69, 152, 37579, 492183, 471420, 2763595448320.0,
70, 152, 37506, 491936, 471784, 2749683073024.0,
71, 151, 37339, 492112, 471789, 2737073291264.0,
72, 153, 37131, 492583, 471500, 2726059835392.0,
73, 153, 36873, 493387, 470962, 2716707454976.0,
74, 152, 36565, 494493, 470195, 2708919418880.0,
75, 152, 36225, 495742, 469182, 2702644346880.0,
76, 150, 35937, 497211, 468091, 2697943056384.0,
77, 153, 35580, 498766, 466886, 2694531383296.0,
78, 152, 35219, 500347, 465619, 2692226482176.0,
79, 149, 34872, 502056, 464300, 2691218276352.0,
80, 151, 34561, 503805, 462977, 2691300327424.0,
81, 151, 34260, 505500, 461523, 2692122279936.0,
82, 148, 33932, 507064, 460148, 2693951258624.0,
83, 149, 33646, 508652, 458930, 2696565096448.0,
84, 151, 33406, 510052, 457743, 2699559305216.0,
85, 150, 33233, 511395, 456591, 2703030878208.0,
86, 146, 33033, 512638, 455559, 2706922143744.0,
87, 147, 32858, 513729, 454605, 2711352377344.0,
88, 150, 32711, 514708, 453795, 2715705540608.0,
89, 151, 32602, 515499, 453077, 2720248627200.0,
90, 151, 32485, 516286, 452494, 2724672438272.0,
91, 151, 32404, 516804, 452036, 2729045393408.0,
92, 149, 32376, 517247, 451655, 2733350060032.0,
93, 149, 32391, 517556, 451345, 2737515659264.0,
94, 150, 32371, 517749, 451115, 2741390671872.0,
95, 145, 32384, 517878, 450991, 2745040502784.0,
96, 149, 32435, 517893, 450925, 2748233023488.0,
97, 149, 32461, 517831, 450945, 2751217401856.0,
98, 149, 32489, 517735, 450950, 2753921024000.0,
99, 147, 32522, 517554, 451034, 2756183326720.0,
100, 146, 32592, 517379, 451237, 2758175621120.0,
101, 150, 32674, 517107, 451378, 2759820050432.0,
102, 149, 32736, 516837, 451613, 2761139945472.0,
103, 149, 32796, 516571, 451841, 2762180001792.0,
104, 148, 32879, 516234, 452143, 2762733649920.0,
105, 148, 33000, 515847, 452399, 2763097636864.0,
106, 148, 33043, 515464, 452698, 2763406966784.0,
107, 151, 33110, 515086, 453024, 2763414700032.0,
108, 149, 33190, 514828, 453238, 2763100913664.0,
109, 148, 33238, 514464, 453560, 2762755407872.0,
110, 150, 33307, 514118, 453823, 2762075013120.0,
111, 146, 33378, 513813, 454025, 2761264332800.0,
112, 153, 33392, 513569, 454247, 2760388640768.0,
113, 152, 33433, 513298, 454457, 2759476641792.0,
114, 149, 33484, 513060, 454663, 2758415482880.0,
115, 150, 33525, 512841, 454946, 2757525241856.0,
116, 151, 33551, 512627, 455034, 2756516773888.0,
117, 148, 33599, 512392, 455238, 2755572137984.0,
118, 149, 33613, 512282, 455300, 2754522906624.0,
119, 149, 33603, 512217, 455376, 2753494777856.0,
120, 149, 33582, 512077, 455502, 2752417366016.0,
121, 148, 33601, 512047, 455571, 2751472730112.0,
122, 153, 33575, 511995, 455661, 2750648418304.0,
123, 153, 33600, 511909, 455702, 2749776920576.0,
124, 150, 33562, 511843, 455777, 2749016571904.0,
125, 147, 33592, 511907, 455775, 2748246392832.0,
126, 151, 33583, 511862, 455803, 2747700084736.0,
127, 149, 33582, 511894, 455764, 2747097284608.0,
128, 151, 33597, 511931, 455756, 2746620575744.0,
129, 151, 33562, 511975, 455723, 2746206388224.0,
130, 153, 33560, 511998, 455650, 2745902432256.0,
131, 150, 33558, 512032, 455682, 2745544212480.0,
132, 151, 33523, 512041, 455596, 2745254543360.0,
133, 152, 33503, 512222, 455481, 2745136447488.0,
134, 149, 33472, 512265, 455495, 2744990564352.0,
135, 150, 33463, 512305, 455466, 2744893046784.0,
136, 150, 33463, 512436, 455374, 2744989253632.0,
137, 150, 33478, 512417, 455262, 2745148899328.0,
138, 150, 33476, 512474, 455226, 2745192677376.0,
139, 150, 33436, 512528, 455189, 2745328205824.0,
140, 154, 33453, 512649, 455137, 2745481297920.0,
141, 149, 33417, 512696, 455089, 2745604112384.0,
142, 152, 33417, 512709, 455074, 2745674760192.0,
143, 153, 33428, 512755, 454981, 2745758384128.0,
144, 150, 33425, 512877, 454966, 2745986580480.0,
145, 148, 33377, 512983, 454874, 2746129842176.0,
146, 149, 33362, 513019, 454845, 2746469974016.0,
147, 151, 33364, 513056, 454780, 2746911162368.0,
148, 151, 33358, 513025, 454807, 2747210006528.0,
149, 152, 33370, 513101, 454811, 2747404124160.0,
150, 150, 33338, 513064, 454813, 2747552890880.0,
151, 149, 33339, 513108, 454755, 2747663908864.0,
152, 151, 33346, 513036, 454829, 2747956592640.0,
153, 152, 33365, 513031, 454819, 2748071673856.0,
154, 149, 33322, 512956, 454899, 2748415475712.0,
155, 149, 33359, 513013, 454809, 2748533309440.0,
156, 153, 33326, 513046, 454875, 2748678799360.0,
157, 148, 33336, 513012, 454809, 2748601860096.0,
158, 150, 33350, 513092, 454801, 2748523610112.0,
159, 152, 33349, 513059, 454808, 2748538028032.0,
160, 149, 33333, 513030, 454863, 2748543795200.0,
161, 151, 33340, 512952, 454880, 2748644982784.0,
162, 150, 33371, 512985, 454884, 2748593733632.0,
163, 150, 33381, 512914, 454883, 2748654813184.0,
164, 151, 33369, 512900, 454837, 2748691382272.0,
165, 150, 33391, 512961, 454812, 2748631482368.0,
166, 153, 33397, 512985, 454772, 2748645113856.0,
167, 151, 33388, 512975, 454815, 2748547334144.0,
168, 151, 33378, 512995, 454806, 2748751544320.0,
169, 152, 33407, 513008, 454758, 2748666871808.0,
170, 150, 33391, 513028, 454815, 2748690071552.0,
171, 150, 33397, 513011, 454798, 2748808298496.0,
172, 151, 33381, 512969, 454839, 2748851027968.0,
173, 151, 33417, 513010, 454805, 2748976726016.0,
174, 152, 33390, 512970, 454870, 2748900966400.0,
175, 149, 33381, 512997, 454852, 2748869509120.0,
176, 149, 33428, 512963, 454898, 2748699901952.0,
177, 149, 33426, 512989, 454845, 2748616015872.0,
178, 152, 33418, 512972, 454835, 2748658221056.0,
179, 149, 33412, 512902, 454863, 2748553494528.0,
180, 151, 33376, 512890, 454864, 2748519546880.0,
181, 151, 33392, 512853, 454845, 2748511813632.0,
182, 151, 33361, 512950, 454918, 2748698198016.0,
183, 148, 33394, 512935, 454883, 2748480356352.0,
184, 151, 33364, 512926, 454907, 2748507488256.0,
185, 149, 33354, 512957, 454824, 2748654419968.0,
186, 151, 33347, 512910, 454944, 2748731621376.0,
187, 149, 33346, 512939, 454947, 2748695838720.0,
188, 151, 33380, 512922, 454965, 2748749053952.0,
189, 151, 33360, 512869, 454962, 2748666740736.0,
190, 150, 33392, 512808, 454957, 2748673949696.0,
191, 148, 33367, 512869, 454973, 2748546285568.0,
192, 152, 33374, 512896, 454941, 2748555984896.0,
193, 149, 33429, 512815, 454953, 2748488351744.0,
194, 151, 33407, 512832, 454998, 2748441821184.0,
195, 150, 33416, 512790, 454998, 2748269723648.0,
196, 150, 33406, 512797, 455011, 2748319137792.0,
197, 152, 33386, 512816, 454998, 2748266971136.0,
198, 153, 33435, 512884, 454904, 2748204974080.0,
199, 151, 33459, 512832, 454916, 2748299870208.0,
200, 152, 33457, 512825, 454938, 2748255436800.0,
201, 148, 33440, 512888, 454919, 2748196847616.0,
202, 153, 33432, 512807, 454921, 2748153200640.0,
203, 150, 33421, 512890, 454923, 2748033400832.0,
204, 152, 33408, 512836, 455006, 2748184264704.0,
205, 151, 33390, 512864, 454987, 2748193964032.0,
206, 148, 33406, 512909, 454949, 2748288204800.0,
207, 149, 33381, 512957, 454835, 2748357672960.0,
208, 150, 33386, 512938, 454874, 2748388343808.0,
209, 153, 33393, 513002, 454879, 2748231581696.0,
210, 149, 33404, 512942, 454919, 2748196454400.0,
211, 150, 33409, 512895, 454864, 2748146384896.0,
212, 150, 33397, 512870, 454935, 2748244688896.0,
213, 149, 33395, 512874, 454943, 2748208644096.0,
214, 152, 33393, 512872, 454965, 2748346662912.0,
215, 150, 33382, 512908, 454930, 2748346925056.0,
216, 149, 33384, 512863, 454887, 2748189376512.0,
217, 149, 33420, 512926, 454877, 2748177842176.0,
218, 152, 33378, 512945, 454865, 2748174958592.0,
219, 149, 33370, 512912, 454887, 2748281782272.0,
220, 152, 33394, 512910, 454895, 2748454404096.0,
221, 150, 33390, 512919, 454902, 2748398043136.0,
222, 152, 33368, 512914, 454927, 2748390178816.0,
223, 150, 33363, 512914, 454915, 2748281389056.0,
224, 152, 33388, 512858, 454934, 2748291088384.0,
225, 150, 33385, 512909, 454883, 2748416917504.0,
226, 148, 33379, 512903, 454932, 2748539731968.0,
227, 150, 33399, 512938, 454900, 2748712747008.0,
228, 153, 33406, 512955, 454851, 2748619292672.0,
229, 148, 33413, 512856, 454924, 2748646031360.0,
230, 149, 33417, 512909, 454893, 2748634365952.0,
231, 148, 33383, 512916, 454961, 2748549038080.0,
232, 150, 33438, 512931, 454865, 2748575907840.0,
233, 151, 33425, 512911, 454906, 2748672376832.0,
234, 152, 33405, 512882, 454878, 2748652322816.0,
235, 148, 33391, 512881, 454923, 2748595044352.0,
236, 150, 33420, 512892, 454880, 2748497002496.0,
237, 153, 33401, 512875, 454950, 2748366061568.0,
238, 151, 33421, 512919, 454904, 2748287549440.0,
239, 150, 33418, 512957, 454825, 2748442476544.0,
240, 149, 33402, 513012, 454867, 2748431597568.0,
241, 149, 33379, 512973, 454829, 2748333686784.0,
242, 147, 33436, 512941, 454855, 2748291743744.0,
243, 151, 33403, 512859, 454945, 2748449030144.0,
244, 149, 33385, 512802, 455016, 2748478259200.0,
245, 150, 33410, 512822, 454993, 2748421636096.0,
246, 149, 33410, 512844, 454961, 2748287025152.0,
247, 149, 33405, 512860, 454927, 2748318351360.0,
248, 149, 33414, 512880, 454920, 2748270116864.0,
249, 152, 33438, 512896, 454930, 2748265660416.0,
250, 149, 33412, 512881, 454911, 2748276146176.0,
251, 151, 33389, 512919, 454915, 2748115320832.0,
252, 150, 33391, 512890, 454913, 2748340895744.0,
253, 149, 33381, 512936, 454901, 2748381790208.0,
254, 149, 33401, 512944, 454857, 2748373270528.0,
255, 151, 33411, 512885, 454878, 2748428582912.0,
256, 151, 33395, 512909, 454873, 2748370780160.0,
257, 151, 33374, 512936, 454905, 2748288598016.0,
258, 151, 33428, 512923, 454849, 2748395552768.0,
259, 151, 33406, 512879, 454792, 2748516139008.0,
260, 149, 33399, 512933, 454822, 2748569223168.0,
261, 151, 33416, 512895, 454872, 2748457943040.0,
262, 149, 33394, 512958, 454876, 2748483502080.0,
263, 147, 33387, 512886, 454841, 2748476555264.0,
264, 150, 33390, 512815, 454923, 2748301705216.0,
265, 149, 33380, 512864, 454994, 2748195143680.0,
266, 150, 33382, 512842, 454972, 2748327919616.0,
267, 149, 33411, 512894, 454972, 2748257271808.0,
268, 150, 33364, 512888, 454928, 2748254519296.0,
269, 151, 33360, 512982, 454955, 2748307865600.0,
270, 148, 33352, 512906, 454917, 2748350726144.0,
271, 149, 33353, 512898, 454909, 2748400926720.0,
272, 148, 33365, 512857, 454944, 2748366061568.0,
273, 148, 33408, 512865, 454944, 2748435398656.0,
274, 152, 33410, 512863, 454906, 2748640395264.0,
275, 152, 33383, 512903, 454857, 2748544319488.0,
276, 153, 33427, 512854, 454887, 2748687843328.0,
277, 150, 33446, 512851, 454903, 2748689285120.0,
278, 150, 33403, 512882, 454940, 2748598976512.0,
279, 153, 33394, 512914, 454952, 2748474327040.0,
280, 150, 33402, 512922, 454893, 2748313763840.0,
281, 152, 33405, 512924, 454945, 2748197896192.0,
282, 150, 33416, 512912, 454938, 2748204843008.0,
283, 152, 33369, 512878, 454912, 2748365406208.0,
284, 150, 33399, 512892, 454944, 2748354658304.0,
285, 152, 33398, 512864, 454895, 2748204318720.0,
286, 148, 33387, 512947, 454893, 2748163293184.0,
287, 149, 33400, 512904, 454902, 2748232892416.0,
288, 150, 33377, 512904, 454933, 2748266315776.0,
289, 154, 33387, 512926, 454921, 2748318482432.0,
290, 150, 33406, 512933, 454914, 2748231712768.0,
291, 150, 33397, 512929, 454832, 2748182822912.0,
292, 151, 33401, 512902, 454873, 2748219916288.0,
293, 152, 33373, 512922, 454872, 2748133933056.0,
294, 152, 33379, 512924, 454857, 2748261203968.0,
295, 150, 33373, 513000, 454827, 2748299608064.0,
296, 150, 33385, 512958, 454923, 2748472754176.0,
297, 150, 33392, 512986, 454869, 2748545892352.0,
298, 148, 33372, 512925, 454929, 2748642361344.0,
299, 151, 33389, 512966, 454920, 2748676571136.0,
300, 151, 33396, 512898, 454963, 2748541173760.0,
301, 149, 33399, 512898, 454960, 2748401451008.0,
302, 150, 33375, 512929, 454920, 2748345614336.0,
303, 150, 33420, 512871, 454924, 2748381528064.0,
304, 151, 33431, 512782, 455036, 2748410494976.0,
305, 149, 33397, 512764, 455044, 2748377726976.0,
306, 152, 33396, 512818, 455026, 2748303278080.0,
307, 151, 33391, 512814, 455032, 2748312584192.0,
308, 154, 33389, 512765, 455099, 2748024225792.0,
309, 150, 33411, 512793, 455034, 2748104310784.0,
310, 150, 33391, 512797, 455019, 2748128821248.0,
311, 151, 33364, 512831, 454989, 2748091072512.0,
312, 151, 33382, 512808, 454989, 2748065120256.0,
313, 148, 33379, 512816, 454944, 2748237348864.0,
314, 150, 33388, 512839, 454951, 2748274180096.0,
315, 151, 33391, 512876, 454916, 2748245999616.0,
316, 150, 33378, 512880, 454905, 2748291743744.0,
317, 150, 33406, 512935, 454807, 2748349415424.0,
318, 151, 33442, 512997, 454816, 2748416000000.0,
319, 151, 33411, 513004, 454750, 2748444573696.0,
320, 149, 33389, 513010, 454823, 2748405776384.0,
321, 149, 33393, 512978, 454835, 2748605005824.0,
322, 151, 33370, 512968, 454863, 2748657565696.0,
323, 153, 33396, 513003, 454778, 2748693348352.0,
324, 150, 33410, 513002, 454810, 2748649177088.0,
325, 149, 33427, 512988, 454855, 2748683255808.0,
326, 151, 33415, 512922, 454887, 2748701999104.0,
327, 151, 33419, 512927, 454861, 2748653764608.0,
328, 148, 33384, 512962, 454833, 2748840280064.0,
329, 151, 33392, 512960, 454839, 2748759539712.0,
330, 151, 33409, 512922, 454892, 2748692299776.0,
331, 151, 33364, 512944, 454940, 2748509454336.0,
332, 151, 33377, 512869, 454923, 2748516925440.0,
333, 150, 33403, 512900, 454881, 2748453224448.0,
334, 151, 33426, 512858, 454928, 2748415475712.0,
335, 151, 33399, 512866, 454982, 2748339847168.0,
336, 151, 33421, 512854, 454986, 2748315860992.0,
337, 153, 33413, 512888, 454990, 2748301836288.0,
338, 152, 33400, 512766, 455050, 2748222668800.0,
339, 151, 33407, 512835, 455007, 2748235382784.0,
340, 153, 33370, 512845, 454981, 2748305637376.0,
341, 151, 33409, 512846, 454988, 2748302098432.0,
342, 151, 33378, 512846, 454982, 2748365668352.0,
343, 149, 33364, 512897, 454975, 2748372353024.0,
344, 148, 33374, 512937, 454857, 2748282044416.0,
345, 149, 33401, 512921, 454885, 2748320317440.0,
346, 151, 33402, 512870, 454913, 2748348366848.0,
347, 152, 33394, 512882, 454925, 2748489662464.0,
348, 152, 33411, 512873, 454890, 2748366454784.0,
349, 150, 33394, 512904, 454887, 2748479045632.0,
350, 150, 33355, 512859, 454946, 2748370255872.0,
351, 151, 33383, 512841, 455009, 2748381396992.0,
352, 150, 33372, 512906, 454941, 2748455452672.0,
353, 153, 33368, 512913, 454904, 2748426485760.0,
354, 150, 33358, 512940, 454893, 2748493332480.0,
355, 150, 33431, 512897, 454938, 2748483764224.0,
356, 149, 33392, 512952, 454918, 2748273917952.0,
357, 149, 33424, 512916, 454927, 2748267102208.0,
358, 150, 33447, 512857, 454927, 2748269985792.0,
359, 151, 33445, 512881, 454935, 2748243902464.0,
360, 151, 33435, 512819, 454925, 2748178759680.0,
361, 149, 33421, 512853, 454970, 2748114272256.0,
362, 150, 33417, 512814, 454959, 2748220702720.0,
363, 152, 33404, 512850, 454870, 2748115582976.0,
364, 149, 33436, 512936, 454833, 2748088451072.0,
365, 150, 33395, 512984, 454847, 2748091596800.0,
366, 151, 33385, 512955, 454854, 2748057255936.0,
367, 153, 33390, 512961, 454875, 2748230533120.0,
368, 154, 33397, 512978, 454877, 2748236300288.0,
369, 149, 33420, 512967, 454863, 2748276408320.0,
370, 151, 33411, 512947, 454886, 2748420587520.0,
371, 148, 33418, 512960, 454858, 2748401582080.0,
372, 149, 33418, 512970, 454836, 2748431859712.0,
373, 151, 33415, 512896, 454883, 2748573024256.0,
374, 150, 33397, 512956, 454900, 2748534751232.0,
375, 151, 33357, 512956, 454943, 2748376023040.0,
376, 152, 33377, 512886, 454920, 2748647866368.0,
377, 151, 33403, 512944, 454961, 2748641705984.0,
378, 152, 33401, 512873, 454933, 2748494512128.0,
379, 150, 33378, 512905, 454915, 2748507619328.0,
380, 148, 33380, 512879, 454896, 2748624535552.0,
381, 151, 33414, 512937, 454843, 2748584296448.0,
382, 148, 33383, 512966, 454906, 2748527542272.0,
383, 151, 33373, 512954, 454869, 2748523741184.0,
384, 151, 33365, 512951, 454864, 2748640526336.0,
385, 151, 33409, 512921, 454883, 2748494774272.0,
386, 153, 33345, 512941, 454936, 2748483108864.0,
387, 148, 33361, 512876, 455032, 2748510371840.0,
388, 150, 33390, 512919, 454988, 2748385198080.0,
389, 149, 33381, 512823, 455069, 2748308520960.0,
390, 150, 33388, 512824, 455024, 2748394110976.0,
391, 149, 33400, 512846, 455000, 2748473278464.0,
392, 149, 33392, 512816, 454977, 2748278505472.0,
393, 152, 33403, 512838, 454947, 2748078751744.0,
394, 155, 33380, 512829, 454981, 2748050833408.0,
395, 150, 33397, 512822, 454976, 2747945975808.0,
396, 148, 33408, 512941, 454915, 2747915698176.0,
397, 148, 33422, 512844, 454935, 2747805335552.0,
398, 151, 33409, 512940, 454889, 2747909013504.0,
399, 152, 33427, 512919, 454937, 2747964063744.0,
400, 150, 33415, 512888, 454882, 2748151103488.0,
401, 150, 33388, 512865, 454915, 2748285583360.0,
402, 151, 33388, 512932, 454876, 2748277981184.0,
403, 149, 33406, 512961, 454851, 2748196323328.0,
404, 149, 33438, 512907, 454937, 2748285190144.0,
405, 153, 33409, 512880, 454943, 2748377333760.0,
406, 152, 33409, 512897, 454877, 2748387426304.0,
407, 150, 33406, 512947, 454850, 2748390572032.0,
408, 151, 33423, 512962, 454825, 2748418097152.0,
409, 151, 33411, 512988, 454863, 2748401188864.0,
410, 152, 33372, 513002, 454812, 2748411412480.0,
411, 151, 33393, 512986, 454837, 2748383363072.0,
412, 148, 33405, 512971, 454833, 2748474589184.0,
413, 148, 33401, 512882, 454908, 2748349022208.0,
414, 151, 33381, 512868, 454926, 2748510896128.0,
415, 151, 33365, 512918, 454950, 2748594126848.0,
416, 150, 33407, 512896, 454878, 2748568305664.0,
417, 151, 33368, 512943, 454875, 2748541435904.0,
418, 150, 33372, 512903, 454936, 2748415868928.0,
419, 151, 33366, 512929, 454937, 2748443656192.0,
420, 152, 33385, 512798, 455009, 2748503556096.0,
421, 150, 33389, 512836, 454933, 2748373663744.0,
422, 150, 33397, 512796, 454997, 2748365012992.0,
423, 151, 33431, 512810, 454968, 2748369862656.0,
424, 149, 33426, 512848, 454947, 2748175351808.0,
425, 151, 33405, 512836, 454933, 2748207333376.0,
426, 151, 33382, 512884, 454920, 2748130525184.0,
427, 151, 33395, 512837, 454945, 2748020031488.0,
428, 151, 33380, 512835, 454911, 2748137603072.0,
429, 148, 33371, 512840, 454886, 2748408659968.0,
430, 152, 33372, 512909, 454885, 2748562669568.0,
431, 150, 33354, 512916, 454878, 2748585213952.0,
432, 153, 33371, 512938, 454863, 2748582330368.0,
433, 148, 33377, 512897, 454882, 2748701736960.0,
434, 148, 33442, 512890, 454945, 2748589146112.0,
435, 148, 33385, 512876, 454958, 2748497526784.0,
436, 150, 33412, 512848, 454967, 2748566994944.0,
437, 150, 33420, 512895, 454937, 2748643540992.0,
438, 149, 33450, 512828, 454900, 2748671459328.0,
439, 150, 33424, 512888, 454898, 2748581150720.0,
440, 152, 33444, 512857, 454947, 2748462006272.0,
441, 150, 33410, 512926, 454908, 2748375367680.0,
442, 151, 33365, 512903, 454890, 2748190556160.0,
443, 151, 33429, 512922, 454873, 2748176924672.0,
444, 151, 33398, 512886, 454869, 2748184788992.0,
445, 149, 33393, 512985, 454925, 2748354396160.0,
446, 150, 33378, 512913, 454940, 2748310749184.0,
447, 150, 33363, 512931, 454893, 2748205236224.0,
448, 151, 33373, 512906, 454953, 2748068134912.0,
449, 149, 33381, 512853, 454984, 2748358590464.0,
450, 148, 33400, 512925, 454957, 2748265529344.0,
451, 150, 33409, 512902, 454926, 2748160802816.0,
452, 148, 33397, 512901, 454879, 2748244951040.0,
453, 148, 33411, 512943, 454931, 2748291612672.0,
454, 150, 33369, 512946, 454871, 2748385198080.0,
455, 148, 33394, 512936, 454885, 2748473540608.0,
456, 150, 33408, 512926, 454925, 2748496478208.0,
457, 152, 33383, 512913, 454875, 2748471836672.0,
458, 147, 33374, 512938, 454843, 2748492939264.0,
459, 148, 33404, 512936, 454903, 2748596355072.0,
460, 148, 33362, 512952, 454968, 2748664905728.0,
461, 153, 33375, 512920, 454979, 2748680765440.0,
462, 149, 33392, 512972, 454837, 2748718907392.0,
463, 154, 33402, 512882, 454934, 2748690726912.0,
464, 150, 33378, 512900, 454874, 2748587048960.0,
465, 151, 33398, 512947, 454839, 2748547858432.0,
466, 150, 33430, 512983, 454833, 2748543139840.0,
467, 150, 33396, 513022, 454830, 2748464758784.0,
468, 151, 33407, 512938, 454828, 2748336177152.0,
469, 152, 33359, 512918, 454844, 2748344827904.0,
470, 150, 33396, 512913, 454922, 2748404072448.0,
471, 151, 33397, 512915, 454910, 2748361998336.0,
472, 151, 33410, 512977, 454860, 2748446146560.0,
473, 151, 33408, 512899, 454882, 2748538290176.0,
474, 149, 33423, 512930, 454843, 2748539731968.0,
475, 150, 33406, 512838, 454923, 2748678012928.0,
476, 152, 33389, 512909, 454901, 2748538290176.0,
477, 149, 33390, 512960, 454855, 2748557688832.0,
478, 151, 33402, 512839, 454943, 2748647342080.0,
479, 151, 33417, 512818, 455021, 2748649308160.0,
480, 150, 33395, 512755, 455002, 2748553232384.0,
481, 151, 33406, 512799, 455038, 2748386770944.0,
482, 152, 33410, 512894, 455030, 2748235382784.0,
483, 149, 33390, 512862, 454943, 2748171943936.0,
484, 150, 33410, 512805, 454977, 2748153331712.0,
485, 151, 33412, 512945, 454939, 2748246786048.0,
486, 150, 33394, 512904, 454960, 2748311011328.0,
487, 150, 33372, 512913, 454907, 2748311273472.0,
488, 150, 33391, 512906, 454944, 2748243640320.0,
489, 151, 33376, 512843, 454900, 2748298690560.0,
490, 152, 33400, 512929, 454874, 2748390703104.0,
491, 150, 33377, 512917, 454878, 2748322283520.0,
492, 148, 33378, 512935, 454911, 2748222144512.0,
493, 153, 33409, 512904, 454906, 2748069183488.0,
494, 150, 33452, 512875, 454904, 2748118859776.0,
495, 150, 33464, 512859, 454900, 2748177448960.0,
496, 151, 33425, 512924, 454876, 2748290433024.0,
497, 148, 33412, 512932, 454805, 2748411019264.0,
498, 151, 33392, 512967, 454828, 2748408004608.0,
499, 152, 33393, 512897, 454964, 2748428451840.0,
500, 151, 33397, 512870, 454906, 2748449030144.0,
501, 151, 33406, 512902, 454905, 2748538552320.0,
502, 155, 33398, 512951, 454857, 2748593602560.0,
503, 151, 33391, 512899, 454901, 2748587704320.0,
504, 151, 33371, 512933, 454910, 2748623880192.0,
505, 150, 33369, 512864, 454923, 2748519415808.0,
506, 151, 33412, 512948, 454928, 2748484419584.0,
507, 151, 33406, 512865, 454905, 2748591374336.0,
508, 150, 33387, 512947, 454860, 2748515090432.0,
509, 150, 33337, 512928, 454874, 2748511682560.0,
510, 149, 33382, 512908, 454901, 2748526755840.0,
511, 150, 33371, 512852, 454939, 2748417966080.0,
512, 148, 33384, 512979, 454948, 2748509192192.0,
513, 152, 33396, 512980, 454881, 2748544712704.0,
514, 150, 33367, 512928, 454909, 2748391096320.0,
515, 149, 33399, 512900, 454922, 2748435398656.0,
516, 149, 33410, 512877, 454914, 2748456894464.0,
517, 150, 33416, 512974, 454855, 2748676702208.0,
518, 153, 33398, 512922, 454893, 2748619292672.0,
519, 153, 33414, 512918, 454899, 2748358066176.0,
520, 151, 33417, 512971, 454920, 2748577087488.0,
521, 149, 33412, 512913, 454915, 2748387819520.0,
522, 150, 33410, 512987, 454889, 2748519940096.0,
523, 151, 33433, 512972, 454878, 2748547072000.0,
524, 150, 33396, 512853, 454930, 2748562538496.0,
525, 149, 33450, 512830, 454938, 2748461875200.0,
526, 150, 33446, 512800, 454982, 2748374319104.0,
527, 151, 33430, 512827, 454981, 2748299083776.0,
528, 150, 33412, 512823, 454973, 2748253732864.0,
529, 152, 33405, 512843, 454913, 2748339585024.0,
530, 148, 33403, 512869, 454934, 2748222930944.0,
531, 150, 33411, 512810, 454877, 2748258844672.0,
532, 150, 33400, 512914, 454857, 2748255698944.0,
533, 153, 33400, 512939, 454891, 2748147302400.0,
534, 150, 33396, 512921, 454894, 2748201566208.0,
535, 153, 33398, 512889, 454908, 2748314812416.0,
536, 153, 33386, 512901, 454971, 2748365012992.0,
537, 152, 33373, 512920, 454899, 2748382445568.0,
538, 149, 33393, 512900, 454943, 2748267626496.0,
539, 152, 33395, 512908, 454914, 2748328181760.0,
540, 148, 33363, 513013, 454906, 2748367765504.0,
541, 153, 33375, 512965, 454836, 2748493987840.0,
542, 151, 33402, 512941, 454914, 2748544843776.0,
543, 152, 33418, 512910, 454896, 2748628598784.0,
544, 151, 33392, 512895, 454925, 2748656517120.0,
545, 150, 33406, 512893, 454942, 2748669100032.0,
546, 148, 33391, 512954, 454909, 2748622307328.0,
547, 149, 33393, 512869, 454915, 2748577611776.0,
548, 153, 33400, 512892, 454883, 2748563193856.0,
549, 150, 33349, 512980, 454932, 2748508667904.0,
550, 147, 33374, 512892, 454887, 2748550610944.0,
551, 150, 33378, 512941, 454876, 2748773040128.0,
552, 153, 33377, 512877, 454919, 2748845654016.0,
553, 150, 33401, 512880, 454899, 2748853387264.0,
554, 152, 33390, 512921, 454926, 2748659531776.0,
555, 153, 33418, 512916, 454949, 2748650487808.0,
556, 151, 33432, 512930, 454897, 2748740272128.0,
557, 152, 33419, 512954, 454846, 2748695052288.0,
558, 150, 33404, 512895, 454939, 2748672901120.0,
559, 150, 33421, 512909, 454874, 2748428976128.0,
560, 154, 33418, 512920, 454869, 2748476162048.0,
561, 148, 33422, 512993, 454838, 2748665561088.0,
562, 150, 33392, 512929, 454878, 2748680503296.0,
563, 151, 33406, 512959, 454878, 2748556115968.0,
564, 149, 33386, 512900, 454906, 2748588097536.0,
565, 150, 33396, 512906, 454929, 2748459515904.0,
566, 149, 33369, 512909, 454923, 2748443262976.0,
567, 150, 33387, 512907, 454979, 2748392407040.0,
568, 150, 33405, 512863, 454932, 2748266840064.0,
569, 151, 33396, 512910, 454958, 2748214280192.0,
570, 150, 33383, 512787, 454972, 2748245082112.0,
571, 152, 33377, 512823, 454986, 2748278898688.0,
572, 155, 33372, 512821, 454958, 2748256878592.0,
573, 151, 33418, 512874, 454988, 2748171157504.0,
574, 151, 33386, 512859, 454922, 2748396208128.0,
575, 153, 33396, 512827, 454911, 2748346138624.0,
576, 150, 33423, 512825, 454923, 2748389523456.0,
577, 148, 33431, 512895, 454925, 2748259368960.0,
578, 148, 33388, 512882, 454912, 2748315074560.0,
579, 150, 33407, 512919, 454921, 2748389130240.0,
580, 152, 33374, 512911, 454886, 2748503818240.0,
581, 150, 33388, 512917, 454885, 2748462399488.0,
582, 151, 33392, 512904, 454931, 2748545499136.0,
583, 154, 33365, 512907, 454940, 2748583510016.0,
584, 153, 33397, 512963, 454943, 2748566470656.0,
585, 150, 33405, 512942, 454868, 2748522692608.0,
586, 148, 33400, 512960, 454913, 2748411281408.0,
587, 152, 33399, 512974, 454855, 2748449685504.0,
588, 150, 33387, 512907, 454864, 2748413247488.0,
589, 149, 33365, 512973, 454847, 2748656648192.0,
590, 152, 33366, 513063, 454784, 2748679716864.0,
591, 149, 33343, 513012, 454811, 2748682076160.0,
592, 151, 33386, 512963, 454822, 2748630564864.0,
593, 153, 33377, 512990, 454843, 2748534095872.0,
594, 152, 33398, 512981, 454850, 2748559523840.0,
595, 150, 33387, 512976, 454841, 2748797681664.0,
596, 150, 33409, 512949, 454848, 2748713533440.0,
597, 150, 33372, 512961, 454919, 2748696231936.0,
598, 152, 33379, 512914, 454931, 2748647997440.0,
599, 151, 33365, 512923, 454943, 2748610904064.0,
600, 150, 33356, 512973, 454920, 2748668575744.0,
601, 150, 33374, 512852, 454945, 2748584165376.0,
602, 150, 33378, 512911, 454957, 2748426354688.0,
603, 149, 33416, 512837, 454923, 2748412592128.0,
604, 148, 33418, 512837, 454962, 2748254519296.0,
605, 151, 33404, 512928, 454953, 2748300263424.0,
606, 150, 33413, 512899, 454904, 2748209168384.0,
607, 153, 33407, 512842, 454913, 2748365930496.0,
608, 150, 33395, 512886, 454909, 2748485861376.0,
609, 152, 33422, 512899, 454858, 2748565553152.0,
610, 152, 33436, 512903, 454855, 2748526362624.0,
611, 149, 33428, 512991, 454782, 2748450471936.0,
612, 151, 33420, 512933, 454821, 2748396470272.0,
613, 151, 33423, 512912, 454831, 2748397125632.0,
614, 149, 33402, 512940, 454901, 2748466200576.0,
615, 152, 33394, 513010, 454901, 2748514697216.0,
616, 152, 33410, 512931, 454950, 2748552708096.0,
617, 151, 33393, 512940, 454894, 2748525838336.0,
618, 150, 33405, 512929, 454864, 2748610772992.0,
619, 153, 33421, 512923, 454871, 2748524265472.0,
620, 152, 33437, 512887, 454900, 2748438151168.0,
621, 148, 33419, 512891, 454856, 2748356886528.0,
622, 150, 33430, 512867, 454892, 2748250324992.0,
623, 149, 33421, 512890, 454893, 2748332113920.0,
624, 148, 33409, 512875, 454938, 2748352954368.0,
625, 149, 33419, 512842, 454946, 2748380872704.0,
626, 151, 33390, 512882, 454928, 2748436316160.0,
627, 154, 33363, 512882, 454952, 2748453879808.0,
628, 150, 33394, 512918, 454912, 2748296593408.0,
629, 149, 33384, 512914, 454894, 2748446015488.0,
630, 151, 33344, 512936, 454924, 2748488482816.0,
631, 151, 33352, 512896, 455002, 2748549300224.0,
632, 154, 33387, 512854, 454976, 2748428713984.0,
633, 152, 33395, 512864, 454958, 2748435267584.0,
634, 150, 33395, 512873, 454935, 2748337225728.0,
635, 154, 33406, 512858, 454978, 2748377071616.0,
636, 152, 33376, 512944, 454975, 2748282961920.0,
637, 154, 33406, 512894, 454992, 2748296462336.0,
638, 147, 33439, 512910, 454945, 2748269592576.0,
639, 149, 33404, 512924, 454891, 2748238790656.0,
640, 150, 33395, 512924, 454905, 2748333162496.0,
641, 148, 33397, 512935, 454893, 2748262776832.0,
642, 152, 33422, 512896, 454889, 2748192522240.0,
643, 151, 33432, 512988, 454831, 2748202090496.0,
644, 150, 33401, 512935, 454889, 2748296593408.0,
645, 149, 33370, 512930, 454948, 2748513910784.0,
646, 149, 33398, 512893, 454938, 2748466855936.0,
647, 151, 33369, 512884, 454914, 2748641443840.0,
648, 153, 33384, 512984, 454925, 2748732669952.0,
649, 149, 33395, 512962, 454863, 2748620996608.0,
650, 152, 33395, 512963, 454813, 2748453879808.0,
651, 149, 33399, 512971, 454883, 2748438413312.0,
652, 147, 33393, 512992, 454816, 2748398960640.0,
653, 149, 33378, 512916, 454930, 2748418621440.0,
654, 154, 33377, 512934, 454888, 2748465807360.0,
655, 152, 33388, 512927, 454959, 2748596748288.0,
656, 152, 33384, 512907, 454879, 2748660187136.0,
657, 150, 33386, 512909, 454890, 2748582068224.0,
658, 149, 33397, 512875, 454985, 2748513255424.0,
659, 152, 33427, 512884, 454945, 2748439199744.0,
660, 149, 33411, 512818, 454999, 2748350988288.0,
661, 152, 33403, 512820, 454969, 2748405121024.0,
662, 146, 33412, 512767, 454993, 2748245082112.0,
663, 151, 33418, 512786, 455061, 2748084781056.0,
664, 152, 33398, 512860, 454874, 2748102737920.0,
665, 151, 33406, 512876, 454906, 2748080062464.0,
666, 149, 33366, 512915, 454900, 2748257796096.0,
667, 150, 33392, 512957, 454932, 2748373401600.0,
668, 151, 33385, 512910, 454869, 2748295282688.0,
669, 150, 33394, 512938, 454919, 2748251635712.0,
670, 152, 33415, 512970, 454841, 2748267102208.0,
671, 149, 33371, 512921, 454910, 2748234465280.0,
672, 151, 33401, 512864, 454939, 2748324118528.0,
673, 149, 33384, 512929, 454932, 2748431597568.0,
674, 152, 33419, 512904, 454912, 2748265791488.0,
675, 148, 33436, 512889, 454982, 2748200255488.0,
676, 151, 33365, 512951, 454942, 2748359770112.0,
677, 151, 33417, 512867, 454886, 2748245737472.0,
678, 150, 33404, 512875, 454910, 2748193832960.0,
679, 152, 33412, 512872, 454926, 2748229484544.0,
680, 151, 33390, 512934, 454926, 2748245082112.0,
681, 153, 33412, 512853, 454979, 2748314812416.0,
682, 152, 33378, 512938, 454937, 2748380348416.0,
683, 150, 33365, 512932, 454900, 2748388081664.0,
684, 149, 33362, 512867, 454935, 2748528066560.0,
685, 151, 33408, 512889, 454869, 2748428451840.0,
686, 151, 33389, 512951, 454859, 2748372353024.0,
687, 150, 33368, 512938, 454932, 2748340109312.0,
688, 150, 33397, 512914, 454908, 2748397387776.0,
689, 149, 33378, 512912, 454956, 2748340895744.0,
690, 150, 33379, 513016, 454862, 2748359114752.0,
691, 152, 33383, 512997, 454913, 2748444573696.0,
692, 149, 33403, 512896, 454951, 2748534489088.0,
693, 149, 33409, 512918, 454890, 2748546547712.0,
694, 150, 33410, 512868, 454931, 2748514041856.0,
695, 148, 33388, 512855, 454948, 2748427534336.0,
696, 152, 33415, 512804, 454935, 2748342730752.0,
697, 154, 33396, 512884, 454918, 2748359901184.0,
698, 151, 33429, 512924, 454907, 2748401844224.0,
699, 150, 33434, 512873, 454868, 2748178235392.0,
700, 152, 33427, 512860, 454915, 2748099067904.0,
701, 151, 33439, 512870, 454934, 2748147564544.0,
702, 147, 33427, 512929, 454868, 2748216639488.0,
703, 151, 33441, 512913, 454918, 2748373663744.0,
704, 150, 33426, 512850, 454912, 2748287549440.0,
705, 152, 33420, 512904, 454901, 2748252946432.0,
706, 150, 33414, 512910, 454862, 2748262907904.0,
707, 149, 33375, 512855, 454999, 2748232761344.0,
708, 150, 33365, 512888, 454930, 2748199731200.0,
709, 151, 33388, 512836, 454941, 2748283092992.0,
710, 151, 33378, 512872, 454916, 2748282699776.0,
711, 149, 33370, 512836, 455014, 2748430155776.0,
712, 152, 33391, 512878, 454946, 2748336177152.0,
713, 150, 33387, 512877, 454955, 2748351643648.0,
714, 150, 33366, 512955, 454894, 2748211134464.0,
715, 150, 33381, 512999, 454875, 2748355706880.0,
716, 151, 33397, 512979, 454812, 2748543795200.0,
717, 151, 33407, 513001, 454834, 2748699115520.0,
718, 149, 33387, 512982, 454834, 2748594257920.0,
719, 152, 33410, 512928, 454859, 2748547334144.0,
