0, 1001365, 0, 0, 0, 0.0,
1, 991352, 10011, 2, 0, 0.0,
2, 923, 990252, 10184, 0, 5357143296.0,
3, 0, 983770, 17594, 0, 11525972992.0,
4, 0, 943538, 57826, 0, 28644815872.0,
5, 0, 850568, 150794, 2, 79707586560.0,
6, 0, 712384, 288970, 14, 188694192128.0,
7, 1, 555384, 445913, 60, 367373320192.0,
8, 0, 405889, 595263, 209, 611159441408.0,
9, 21, 280504, 720231, 607, 904658354176.0,
10, 1, 184824, 814891, 1621, 1227407228928.0,
11, 2, 116958, 880394, 3932, 1561007882240.0,
12, 3, 71824, 920738, 8754, 1887713099776.0,
13, 6, 43429, 940128, 17776, 2203606056960.0,
14, 12, 26837, 941465, 33042, 2484480901120.0,
15, 20, 18365, 926598, 56399, 2733813137408.0,
16, 32, 15525, 896849, 88978, 2938006405120.0,
17, 46, 16773, 853435, 131114, 3137898676224.0,
18, 65, 21089, 798656, 181520, 3247265284096.0,
19, 81, 27759, 735532, 237972, 3361507639296.0,
20, 104, 36085, 667937, 297215, 3395190128640.0,
21, 125, 45547, 599949, 355750, 3394982379520.0,
22, 145, 55276, 535746, 410213, 3365229297664.0,
23, 165, 64695, 478852, 457707, 3288917999616.0,
24, 175, 73145, 431928, 496084, 3190616621056.0,
25, 183, 80074, 396519, 524569, 3113213493248.0,
26, 191, 85123, 373179, 542937, 2993633886208.0,
27, 193, 88116, 361489, 551560, 2893477183488.0,
28, 194, 88935, 360490, 551766, 2805004238848.0,
29, 191, 87765, 368602, 544810, 2707739115520.0,
30, 190, 84914, 384032, 532230, 2640827121664.0,
31, 183, 80574, 404978, 515551, 2595195191296.0,
32, 177, 75231, 429786, 496125, 2560055050240.0,
33, 169, 69149, 456674, 475338, 2541046726656.0,
34, 160, 62751, 484422, 453960, 2539396268032.0,
35, 156, 56342, 511818, 432990, 2553546145792.0,
36, 149, 50193, 538003, 413078, 2580131741696.0,
37, 141, 44524, 562176, 394491, 2614682058752.0,
38, 137, 39431, 584143, 377695, 2655655952384.0,
39, 131, 35024, 603360, 362857, 2707514982400.0,
40, 131, 31336, 619853, 350074, 2770810961920.0,
41, 125, 28450, 633419, 339349, 2834006409216.0,
42, 125, 26223, 644274, 330813, 2887627571200.0,
43, 122, 24698, 652373, 324185, 2939890696192.0,
44, 122, 23787, 657885, 319585, 3001064226816.0,
45, 119, 23415, 661094, 316706, 3062928113664.0,
46, 120, 23547, 662174, 315524, 3112811364352.0,
47, 122, 24095, 661334, 315823, 3149717176320.0,
48, 123, 24969, 658916, 317387, 3181905575936.0,
49, 125, 26129, 654925, 320154, 3213694861312.0,
50, 127, 27474, 649833, 323861, 3243711791104.0,
51, 128, 29069, 643948, 328237, 3269528125440.0,
52, 131, 30691, 637249, 333285, 3289261277184.0,
53, 132, 32376, 630187, 338722, 3302444761088.0,
54, 134, 34048, 622813, 344359, 3309445971968.0,
55, 139, 35699, 615306, 350239, 3311032991744.0,
56, 141, 37339, 607893, 356016, 3307675975680.0,
57, 143, 38881, 600686, 361590, 3299753852928.0,
58, 141, 40293, 593926, 367070, 3288228036608.0,
59, 144, 41624, 587555, 372070, 3273462906880.0,
60, 145, 42783, 581692, 376764, 3256411750400.0,
61, 148, 43844, 576424, 381015, 3238157221888.0,
62, 155, 44737, 571799, 384681, 3219654311936.0,
63, 150, 45490, 567940, 387829, 3201964572672.0,
64, 155, 46082, 564640, 390453, 3185779015680.0,
65, 153, 46557, 562006, 392640, 3170777038848.0,
66, 152, 46862, 560091, 394271, 3157182251008.0,
67, 157, 47040, 558705, 395397, 3144238104576.0,
68, 151, 47150, 557925, 396129, 3131955216384.0,
69, 156, 47101, 557701, 396450, 3120143269888.0,
70, 159, 46981, 557877, 396368, 3108869636096.0,
71, 157, 46722, 558564, 395914, 3098386759680.0,
72, 157, 46467, 559526, 395244, 3088825581568.0,
73, 156, 46151, 560757, 394313, 3080835956736.0,
74, 156, 45803, 562200, 393148, 3074130313216.0,
75, 156, 45402, 563881, 391887, 3068698296320.0,
76, 155, 44958, 565798, 390474, 3064908218368.0,
77, 155, 44509, 567709, 389011, 3062578675712.0,
78, 153, 44087, 569622, 387558, 3061475180544.0,
79, 154, 43690, 571506, 386037, 3061674803200.0,
80, 149, 43261, 573408, 384493, 3063005184000.0,
81, 151, 42893, 575327, 383021, 3065560563712.0,
82, 152, 42527, 576999, 381626, 3068770123776.0,
83, 152, 42189, 578709, 380309, 3072686292992.0,
84, 151, 41857, 580253, 379123, 3077005377536.0,
85, 151, 41587, 581631, 378028, 3081641000960.0,
86, 150, 41335, 582867, 377072, 3086456586240.0,
87, 150, 41111, 583932, 376239, 3091441516544.0,
88, 148, 40906, 584823, 375494, 3096255004672.0,
89, 147, 40784, 585577, 374862, 3101019471872.0,
90, 147, 40672, 586166, 374352, 3105609482240.0,
91, 151, 40646, 586668, 374034, 3109753585664.0,
92, 147, 40571, 586939, 373669, 3113539207168.0,
93, 149, 40525, 587178, 373476, 3117087588352.0,
94, 149, 40563, 587364, 373334, 3120307896320.0,
95, 148, 40576, 587352, 373278, 3123319799808.0,
96, 148, 40585, 587344, 373287, 3125948579840.0,
97, 148, 40612, 587106, 373449, 3128353488896.0,
98, 148, 40684, 586907, 373629, 3130198720512.0,
99, 148, 40761, 586559, 373928, 3131849048064.0,
100, 148, 40851, 586231, 374085, 3133223206912.0,
101, 148, 40987, 585870, 374379, 3134139138048.0,
102, 147, 41072, 585436, 374644, 3134846009344.0,
103, 147, 41175, 585057, 374975, 3135264129024.0,
104, 146, 41253, 584691, 375315, 3135393366016.0,
105, 149, 41339, 584251, 375615, 3135537676288.0,
106, 146, 41453, 583822, 375915, 3135423381504.0,
107, 150, 41480, 583484, 376200, 3135162679296.0,
108, 149, 41556, 583111, 376526, 3134765137920.0,
109, 148, 41631, 582746, 376792, 3134193270784.0,
110, 149, 41729, 582488, 377070, 3133438033920.0,
111, 152, 41790, 582146, 377328, 3132630237184.0,
112, 149, 41879, 581728, 377630, 3131953119232.0,
113, 151, 41922, 581491, 377805, 3131075330048.0,
114, 150, 41938, 581256, 377978, 3130323238912.0,
115, 150, 42028, 581065, 378099, 3129561317376.0,
116, 150, 42041, 580907, 378236, 3128645124096.0,
117, 152, 42094, 580809, 378387, 3127762092032.0,
118, 148, 42072, 580654, 378454, 3126935552000.0,
119, 151, 42116, 580554, 378503, 3126069690368.0,
120, 149, 42064, 580514, 378623, 3125256650752.0,
121, 149, 42102, 580460, 378683, 3124294844416.0,
122, 153, 42093, 580396, 378714, 3123674218496.0,
123, 150, 42083, 580390, 378742, 3123071418368.0,
124, 150, 42083, 580391, 378718, 3122532712448.0,
125, 151, 42070, 580434, 378721, 3121880891392.0,
126, 151, 42079, 580460, 378771, 3121459232768.0,
127, 152, 42060, 580440, 378715, 3121032855552.0,
128, 150, 42043, 580457, 378671, 3120793911296.0,
129, 150, 42070, 580525, 378675, 3120438050816.0,
130, 151, 42039, 580597, 378603, 3120167649280.0,
131, 152, 42002, 580657, 378573, 3120006168576.0,
132, 148, 41999, 580798, 378516, 3119923855360.0,
133, 150, 41935, 580799, 378486, 3119856353280.0,
134, 151, 41970, 580830, 378398, 3119773122560.0,
135, 150, 41939, 580904, 378370, 3119966060544.0,
136, 151, 41953, 580977, 378292, 3119987949568.0,
137, 150, 41936, 581029, 378216, 3119981395968.0,
138, 147, 41955, 581152, 378182, 3120134356992.0,
139, 151, 41892, 581176, 378179, 3120228073472.0,
140, 153, 41895, 581245, 378073, 3120242229248.0,
141, 150, 41934, 581315, 377987, 3120335290368.0,
142, 145, 41871, 581361, 377943, 3120508305408.0,
143, 151, 41893, 581411, 377913, 3120645013504.0,
144, 150, 41839, 581483, 377904, 3120820125696.0,
145, 148, 41849, 581472, 377901, 3120993402880.0,
146, 149, 41779, 581583, 377866, 3121281368064.0,
147, 151, 41787, 581605, 377850, 3121445339136.0,
148, 153, 41808, 581669, 377785, 3121612455936.0,
149, 151, 41791, 581720, 377739, 3121746149376.0,
150, 152, 41784, 581694, 377727, 3121912086528.0,
151, 149, 41783, 581770, 377686, 3122052202496.0,
152, 151, 41757, 581763, 377675, 3122142904320.0,
153, 151, 41783, 581734, 377666, 3122296127488.0,
154, 147, 41771, 581796, 377593, 3122396659712.0,
155, 150, 41761, 581830, 377636, 3122451709952.0,
156, 149, 41757, 581789, 377665, 3122599034880.0,
157, 150, 41784, 581759, 377610, 3122768117760.0,
158, 152, 41788, 581812, 377631, 3122839289856.0,
159, 149, 41790, 581721, 377753, 3122955026432.0,
160, 148, 41841, 581700, 377763, 3122991464448.0,
161, 150, 41850, 581674, 377679, 3123050971136.0,
162, 154, 41834, 581643, 377683, 3123099074560.0,
163, 151, 41834, 581747, 377694, 3123244171264.0,
164, 151, 41810, 581601, 377780, 3123206422528.0,
165, 150, 41799, 581690, 377725, 3123245219840.0,
166, 149, 41819, 581644, 377737, 3123237879808.0,
167, 149, 41810, 581627, 377725, 3123265273856.0,
168, 149, 41840, 581587, 377747, 3123334873088.0,
169, 148, 41817, 581598, 377760, 3123319799808.0,
170, 151, 41821, 581626, 377787, 3123388743680.0,
171, 151, 41839, 581622, 377748, 3123224510464.0,
172, 150, 41829, 581553, 377749, 3123111395328.0,
173, 152, 41832, 581505, 377806, 3123107725312.0,
174, 151, 41853, 581532, 377838, 3123134464000.0,
175, 151, 41817, 581494, 377824, 3123087409152.0,
176, 152, 41843, 581581, 377830, 3123042320384.0,
177, 149, 41855, 581483, 377829, 3122925010944.0,
178, 150, 41830, 581468, 377805, 3123040354304.0,
179, 150, 41823, 581505, 377848, 3123001950208.0,
180, 148, 41840, 581487, 377835, 3122948997120.0,
181, 150, 41839, 581459, 377887, 3122884509696.0,
182, 153, 41853, 581504, 377851, 3122929205248.0,
183, 151, 41830, 581480, 377948, 3123031310336.0,
184, 150, 41850, 581485, 377875, 3122890801152.0,
185, 151, 41849, 581438, 377919, 3122904170496.0,
186, 150, 41837, 581499, 377836, 3122782666752.0,
187, 151, 41864, 581473, 377928, 3122646876160.0,
188, 152, 41881, 581414, 377875, 3122753830912.0,
189, 150, 41844, 581430, 377862, 3122731024384.0,
190, 150, 41849, 581513, 377799, 3122709004288.0,
191, 150, 41889, 581533, 377831, 3122669027328.0,
192, 150, 41855, 581565, 377833, 3122646089728.0,
193, 151, 41863, 581484, 377835, 3122610700288.0,
194, 149, 41836, 581580, 377760, 3122643337216.0,
195, 149, 41831, 581576, 377832, 3122640977920.0,
196, 152, 41852, 581539, 377855, 3122625511424.0,
197, 149, 41842, 581536, 377891, 3122696159232.0,
198, 149, 41874, 581484, 377903, 3122706907136.0,
199, 152, 41845, 581500, 377899, 3122607161344.0,
200, 150, 41850, 581516, 377892, 3122594316288.0,
201, 149, 41845, 581472, 377842, 3122593136640.0,
202, 153, 41845, 581569, 377854, 3122628001792.0,
203, 150, 41856, 581468, 377939, 3122561548288.0,
204, 151, 41878, 581439, 377889, 3122564956160.0,
205, 151, 41863, 581402, 377939, 3122597855232.0,
206, 148, 41880, 581503, 377800, 3122487885824.0,
207, 151, 41834, 581412, 377964, 3122538872832.0,
208, 149, 41825, 581521, 377868, 3122486181888.0,
209, 151, 41826, 581523, 377857, 3122400198656.0,
210, 150, 41804, 581472, 377886, 3122433753088.0,
211, 149, 41787, 581488, 377878, 3122246451200.0,
212, 148, 41868, 581494, 377861, 3122254577664.0,
213, 152, 41856, 581405, 377938, 3122384994304.0,
214, 149, 41860, 581488, 377917, 3122466783232.0,
215, 152, 41845, 581482, 377935, 3122333483008.0,
216, 151, 41839, 581533, 377840, 3122420252672.0,
217, 150, 41834, 581574, 377899, 3122368217088.0,
218, 149, 41842, 581593, 377831, 3122365071360.0,
219, 151, 41863, 581597, 377798, 3122357862400.0,
220, 152, 41839, 581663, 377768, 3122410684416.0,
221, 151, 41796, 581619, 377846, 3122592743424.0,
222, 150, 41809, 581586, 377783, 3122765889536.0,
223, 150, 41804, 581540, 377811, 3122724601856.0,
224, 150, 41808, 581569, 377807, 3122833260544.0,
225, 151, 41849, 581579, 377818, 3122783191040.0,
226, 150, 41870, 581603, 377783, 3122775719936.0,
227, 152, 41833, 581581, 377804, 3122771263488.0,
228, 152, 41807, 581610, 377788, 3122806390784.0,
229, 151, 41847, 581528, 377826, 3122676236288.0,
230, 150, 41830, 581509, 377794, 3122655002624.0,
231, 149, 41849, 581574, 377863, 3122852921344.0,
232, 150, 41823, 581621, 377840, 3122877038592.0,
233, 150, 41836, 581627, 377840, 3122858950656.0,
234, 151, 41849, 581508, 377908, 3122791579648.0,
235, 149, 41823, 581536, 377894, 3122755010560.0,
236, 149, 41840, 581489, 377916, 3122650546176.0,
237, 150, 41842, 581492, 377906, 3122563383296.0,
238, 153, 41853, 581485, 377822, 3122656575488.0,
239, 150, 41855, 581495, 377798, 3122662211584.0,
240, 151, 41875, 581543, 377845, 3122664177664.0,
241, 147, 41862, 581510, 377883, 3122771918848.0,
242, 151, 41824, 581486, 377903, 3122818580480.0,
243, 148, 41829, 581517, 377850, 3122732728320.0,
244, 151, 41867, 581526, 377795, 3122696028160.0,
245, 148, 41854, 581499, 377830, 3122732072960.0,
246, 152, 41832, 581522, 377832, 3122669289472.0,
247, 153, 41807, 581562, 377809, 3122671910912.0,
248, 152, 41801, 581567, 377814, 3122819104768.0,
249, 149, 41808, 581588, 377802, 3122775588864.0,
250, 149, 41831, 581569, 377810, 3122848595968.0,
251, 150, 41843, 581579, 377901, 3122772443136.0,
252, 150, 41843, 581579, 377855, 3122701008896.0,
253, 152, 41841, 581536, 377841, 3122790137856.0,
254, 149, 41823, 581616, 377842, 3122820808704.0,
255, 148, 41855, 581588, 377828, 3122779389952.0,
256, 150, 41849, 581560, 377789, 3122742689792.0,
257, 150, 41861, 581525, 377839, 3122771656704.0,
258, 150, 41873, 581533, 377813, 3122764316672.0,
259, 151, 41866, 581536, 377853, 3122680823808.0,
260, 147, 41859, 581581, 377787, 3122732466176.0,
261, 152, 41831, 581566, 377815, 3122729451520.0,
262, 152, 41828, 581588, 377816, 3122827493376.0,
263, 151, 41822, 581506, 377902, 3122765889536.0,
264, 152, 41867, 581469, 377914, 3122774278144.0,
265, 151, 41889, 581461, 377882, 3122776113152.0,
266, 150, 41851, 581420, 377958, 3122714378240.0,
267, 150, 41849, 581425, 377902, 3122647138304.0,
268, 149, 41837, 581468, 377904, 3122592612352.0,
269, 147, 41884, 581490, 377892, 3122611486720.0,
270, 152, 41849, 581446, 377884, 3122593136640.0,
271, 148, 41854, 581477, 377900, 3122590515200.0,
272, 149, 41839, 581562, 377817, 3122573606912.0,
273, 152, 41834, 581606, 377781, 3122614108160.0,
274, 149, 41835, 581697, 377751, 3122634817536.0,
275, 149, 41834, 581582, 377857, 3122688688128.0,
276, 151, 41827, 581574, 377764, 3122793676800.0,
277, 148, 41796, 581602, 377860, 3122773098496.0,
278, 151, 41798, 581603, 377821, 3122777686016.0,
279, 149, 41793, 581614, 377831, 3122760515584.0,
280, 152, 41813, 581576, 377851, 3122634293248.0,
281, 152, 41812, 581549, 377832, 3122599297024.0,
282, 152, 41817, 581506, 377829, 3122707038208.0,
283, 151, 41845, 581497, 377896, 3122694455296.0,
284, 148, 41877, 581562, 377801, 3122769821696.0,
285, 151, 41848, 581506, 377790, 3122773622784.0,
286, 148, 41855, 581580, 377784, 3122719096832.0,
287, 152, 41883, 581537, 377826, 3122619744256.0,
288, 150, 41859, 581572, 377788, 3122536644608.0,
289, 150, 41874, 581594, 377740, 3122606243840.0,
290, 152, 41893, 581506, 377810, 3122535202816.0,
291, 152, 41882, 581457, 377894, 3122467569664.0,
292, 152, 41852, 581550, 377846, 3122525372416.0,
293, 152, 41825, 581462, 377893, 3122584223744.0,
294, 150, 41845, 581504, 377898, 3122650677248.0,
295, 147, 41822, 581473, 377893, 3122599952384.0,
296, 149, 41822, 581513, 377824, 3122454986752.0,
297, 150, 41825, 581539, 377842, 3122535464960.0,
298, 150, 41811, 581527, 377868, 3122617516032.0,
299, 149, 41835, 581488, 377880, 3122748456960.0,
300, 148, 41816, 581488, 377848, 3122759729152.0,
301, 151, 41809, 581453, 377884, 3122710446080.0,
302, 152, 41834, 581479, 377893, 3122705727488.0,
303, 150, 41865, 581412, 377896, 3122691571712.0,
304, 153, 41845, 581456, 377922, 3122657492992.0,
305, 149, 41821, 581436, 377935, 3122628919296.0,
306, 151, 41834, 581452, 377869, 3122639798272.0,
307, 152, 41859, 581476, 377827, 3122660769792.0,
308, 153, 41850, 581547, 377859, 3122679906304.0,
309, 152, 41818, 581519, 377900, 3122622758912.0,
310, 151, 41818, 581537, 377903, 3122677022720.0,
311, 152, 41809, 581594, 377901, 3122659328000.0,
312, 152, 41812, 581562, 377914, 3122598248448.0,
313, 148, 41816, 581651, 377830, 3122551586816.0,
314, 147, 41851, 581577, 377777, 3122586058752.0,
315, 154, 41799, 581598, 377744, 3122570985472.0,
316, 152, 41831, 581598, 377751, 3122668634112.0,
317, 154, 41813, 581661, 377738, 3122738757632.0,
318, 149, 41821, 581598, 377800, 3122801803264.0,
319, 148, 41839, 581558, 377869, 3122771001344.0,
320, 151, 41859, 581466, 377868, 3122835750912.0,
321, 151, 41850, 581492, 377845, 3122851741696.0,
322, 149, 41832, 581455, 377879, 3122638487552.0,
323, 151, 41857, 581546, 377833, 3122480021504.0,
324, 152, 41853, 581592, 377758, 3122610831360.0,
325, 153, 41841, 581593, 377751, 3122577276928.0,
326, 149, 41844, 581565, 377769, 3122675056640.0,
327, 152, 41853, 581577, 377787, 3122625118208.0,
328, 149, 41817, 581552, 377825, 3122539659264.0,
329, 148, 41820, 581513, 377840, 3122574000128.0,
330, 149, 41833, 581622, 377824, 3122669158400.0,
331, 147, 41814, 581586, 377818, 3122578849792.0,
332, 149, 41811, 581641, 377822, 3122767331328.0,
333, 150, 41816, 581578, 377792, 3122756321280.0,
334, 151, 41818, 581589, 377803, 3122923307008.0,
335, 150, 41823, 581579, 377856, 3122893553664.0,
336, 152, 41850, 581554, 377828, 3122853707776.0,
337, 150, 41849, 581531, 377829, 3122798002176.0,
338, 152, 41811, 581515, 377900, 3122883198976.0,
339, 153, 41815, 581454, 377905, 3122954895360.0,
340, 149, 41861, 581434, 377927, 3122885951488.0,
341, 150, 41836, 581565, 377912, 3122737709056.0,
342, 152, 41884, 581510, 377911, 3122712805376.0,
343, 149, 41856, 581516, 377909, 3122921078784.0,
344, 152, 41842, 581533, 377884, 3122785681408.0,
345, 150, 41840, 581514, 377880, 3122689998848.0,
346, 149, 41834, 581599, 377889, 3122843090944.0,
347, 148, 41837, 581528, 377891, 3122758680576.0,
348, 148, 41834, 581489, 377884, 3122794463232.0,
349, 152, 41828, 581481, 377893, 3122736922624.0,
350, 147, 41839, 581402, 377919, 3122656706560.0,
351, 147, 41821, 581484, 377905, 3122477662208.0,
352, 148, 41848, 581472, 377978, 3122592088064.0,
353, 150, 41864, 581477, 377880, 3122360745984.0,
354, 149, 41854, 581455, 377910, 3122347769856.0,
355, 151, 41854, 581489, 377908, 3122361270272.0,
356, 155, 41849, 581529, 377836, 3122275155968.0,
357, 151, 41834, 581562, 377869, 3122395611136.0,
358, 151, 41850, 581528, 377827, 3122441093120.0,
359, 150, 41875, 581518, 377803, 3122464030720.0,
360, 151, 41886, 581563, 377796, 3122444763136.0,
361, 151, 41874, 581533, 377812, 3122396659712.0,
362, 147, 41864, 581523, 377824, 3122560892928.0,
363, 151, 41846, 581525, 377853, 3122463244288.0,
364, 152, 41861, 581585, 377809, 3122541101056.0,
365, 153, 41829, 581567, 377836, 3122622496768.0,
366, 149, 41830, 581550, 377818, 3122710708224.0,
367, 151, 41844, 581553, 377866, 3122736398336.0,
368, 150, 41804, 581509, 377866, 3122643337216.0,
369, 151, 41834, 581545, 377831, 3122709266432.0,
370, 149, 41863, 581538, 377798, 3122758156288.0,
371, 151, 41841, 581626, 377729, 3122834440192.0,
372, 149, 41847, 581528, 377788, 3122869567488.0,
373, 153, 41806, 581586, 377804, 3122859474944.0,
374, 151, 41838, 581556, 377837, 3122933399552.0,
375, 149, 41853, 581515, 377780, 3122892374016.0,
376, 149, 41820, 581528, 377727, 3122854232064.0,
377, 152, 41817, 581537, 377852, 3122836930560.0,
378, 150, 41825, 581479, 377946, 3122858557440.0,
379, 153, 41826, 581528, 377898, 3122814255104.0,
380, 154, 41814, 581548, 377834, 3122819104768.0,
381, 150, 41787, 581583, 377917, 3122817925120.0,
382, 151, 41803, 581611, 377854, 3122690785280.0,
383, 151, 41845, 581511, 377866, 3122778734592.0,
384, 151, 41834, 581504, 377810, 3122666799104.0,
385, 150, 41860, 581458, 377919, 3122647924736.0,
386, 150, 41864, 581537, 377856, 3122581340160.0,
387, 153, 41852, 581457, 377924, 3122483691520.0,
388, 149, 41835, 581461, 377905, 3122427854848.0,
389, 151, 41886, 581442, 377849, 3122431131648.0,
390, 147, 41845, 581541, 377775, 3122488147968.0,
391, 151, 41879, 581602, 377790, 3122515673088.0,
392, 150, 41856, 581589, 377813, 3122598379520.0,
393, 150, 41846, 581584, 377833, 3122574131200.0,
394, 151, 41845, 581483, 377901, 3122527600640.0,
395, 150, 41854, 581495, 377859, 3122517245952.0,
396, 151, 41844, 581536, 377850, 3122560237568.0,
397, 151, 41831, 581467, 377841, 3122557878272.0,
398, 151, 41871, 581556, 377802, 3122617122816.0,
399, 149, 41862, 581521, 377805, 3122649235456.0,
400, 150, 41834, 581527, 377822, 3122660376576.0,
401, 151, 41835, 581588, 377803, 3122693406720.0,
402, 148, 41845, 581564, 377885, 3122852003840.0,
403, 151, 41822, 581591, 377810, 3122899320832.0,
404, 151, 41848, 581477, 377837, 3122820808704.0,
405, 146, 41815, 581467, 377876, 3122819497984.0,
406, 151, 41833, 581449, 377891, 3122708873216.0,
407, 153, 41822, 581489, 377908, 3122622627840.0,
408, 155, 41800, 581431, 377915, 3122713591808.0,
409, 151, 41800, 581406, 377951, 3122562596864.0,
410, 148, 41845, 581459, 377904, 3122516590592.0,
411, 150, 41869, 581483, 377841, 3122484871168.0,
412, 150, 41880, 581520, 377869, 3122513444864.0,
413, 151, 41870, 581459, 377842, 3122616336384.0,
414, 150, 41855, 581502, 377747, 3122651332608.0,
415, 151, 41857, 581579, 377737, 3122752651264.0,
416, 150, 41816, 581524, 377817, 3122752782336.0,
417, 153, 41815, 581522, 377872, 3122768773120.0,
418, 149, 41825, 581464, 377858, 3122710708224.0,
419, 153, 41821, 581555, 377843, 3122697732096.0,
420, 151, 41828, 581606, 377771, 3122719490048.0,
421, 148, 41807, 581604, 377795, 3122699304960.0,
422, 153, 41839, 581517, 377794, 3122670731264.0,
423, 149, 41800, 581529, 377808, 3122719096832.0,
424, 151, 41825, 581630, 377783, 3122768248832.0,
425, 150, 41839, 581538, 377815, 3122782404608.0,
426, 153, 41814, 581589, 377824, 3122837585920.0,
427, 153, 41821, 581604, 377805, 3122819235840.0,
428, 147, 41829, 581606, 377749, 3122854100992.0,
429, 149, 41798, 581602, 377762, 3122778210304.0,
430, 149, 41825, 581582, 377791, 3122737053696.0,
431, 152, 41837, 581530, 377857, 3122770608128.0,
432, 150, 41819, 581557, 377853, 3122925404160.0,
433, 150, 41837, 581578, 377813, 3122887786496.0,
434, 152, 41862, 581569, 377879, 3122917801984.0,
435, 153, 41864, 581529, 377812, 3122934317056.0,
436, 150, 41866, 581502, 377792, 3122852528128.0,
437, 152, 41864, 581509, 377798, 3122901549056.0,
438, 150, 41842, 581462, 377889, 3122683183104.0,
439, 150, 41815, 581501, 377836, 3122623545344.0,
440, 151, 41831, 581512, 377901, 3122557091840.0,
441, 149, 41818, 581542, 377900, 3122490114048.0,
442, 148, 41865, 581526, 377904, 3122485133312.0,
443, 148, 41816, 581537, 377879, 3122512920576.0,
444, 151, 41857, 581528, 377834, 3122505449472.0,
445, 148, 41822, 581536, 377814, 3122536775680.0,
446, 152, 41813, 581515, 377924, 3122441093120.0,
447, 151, 41820, 581560, 377915, 3122477400064.0,
448, 149, 41859, 581557, 377874, 3122553159680.0,
449, 149, 41851, 581518, 377864, 3122415927296.0,
450, 151, 41823, 581542, 377898, 3122578587648.0,
451, 149, 41874, 581500, 377888, 3122512134144.0,
452, 149, 41848, 581517, 377895, 3122608209920.0,
453, 151, 41835, 581552, 377859, 3122601787392.0,
454, 150, 41847, 581504, 377904, 3122637307904.0,
455, 150, 41880, 581490, 377878, 3122676891648.0,
456, 148, 41837, 581452, 377927, 3122667323392.0,
457, 150, 41826, 581488, 377810, 3122592743424.0,
458, 149, 41864, 581506, 377858, 3122711494656.0,
459, 148, 41862, 581548, 377879, 3122759991296.0,
460, 153, 41856, 581579, 377856, 3122708480000.0,
461, 152, 41856, 581533, 377839, 3122721193984.0,
462, 149, 41870, 581514, 377859, 3122841518080.0,
463, 148, 41877, 581510, 377858, 3122699436032.0,
464, 151, 41880, 581606, 377755, 3122632589312.0,
465, 153, 41845, 581549, 377809, 3122540314624.0,
466, 152, 41830, 581532, 377858, 3122745442304.0,
467, 151, 41789, 581498, 377909, 3122782404608.0,
468, 151, 41836, 581501, 377890, 3122643337216.0,
469, 152, 41798, 581463, 377972, 3122566529024.0,
470, 149, 41834, 581479, 377864, 3122655657984.0,
471, 151, 41818, 581523, 377907, 3122658148352.0,
472, 152, 41828, 581503, 377873, 3122672959488.0,
473, 149, 41864, 581496, 377805, 3122639011840.0,
474, 152, 41857, 581544, 377859, 3122644910080.0,
475, 150, 41847, 581526, 377813, 3122699829248.0,
476, 152, 41819, 581530, 377807, 3122703499264.0,
477, 152, 41785, 581574, 377872, 3122736136192.0,
478, 150, 41810, 581502, 377922, 3122794463232.0,
479, 151, 41818, 581518, 377933, 3122760777728.0,
480, 152, 41835, 581470, 377900, 3122740985856.0,
481, 150, 41878, 581454, 377874, 3122606374912.0,
482, 151, 41838, 581443, 377946, 3122531926016.0,
483, 151, 41843, 581383, 378005, 3122527076352.0,
484, 148, 41867, 581464, 377934, 3122513838080.0,
485, 153, 41839, 581474, 377912, 3122519867392.0,
486, 149, 41836, 581429, 377916, 3122560499712.0,
487, 149, 41874, 581535, 377853, 3122402164736.0,
488, 149, 41853, 581533, 377740, 3122479235072.0,
489, 151, 41872, 581664, 377713, 3122634293248.0,
490, 152, 41856, 581576, 377765, 3122574131200.0,
491, 151, 41846, 581587, 377733, 3122520915968.0,
492, 153, 41847, 581585, 377815, 3122566660096.0,
493, 151, 41806, 581607, 377795, 3122597462016.0,
494, 149, 41805, 581602, 377848, 3122695897088.0,
495, 150, 41835, 581577, 377831, 3122810716160.0,
496, 149, 41829, 581656, 377756, 3122767724544.0,
497, 150, 41805, 581631, 377838, 3122864717824.0,
498, 150, 41860, 581571, 377876, 3122883723264.0,
499, 149, 41861, 581457, 377843, 3122878873600.0,
500, 151, 41840, 581476, 377863, 3122918981632.0,
501, 149, 41842, 581461, 377825, 3122874679296.0,
502, 150, 41861, 581500, 377865, 3122799968256.0,
503, 149, 41822, 581443, 377893, 3122724601856.0,
504, 149, 41814, 581508, 377858, 3122659459072.0,
505, 149, 41853, 581504, 377871, 3122603098112.0,
506, 150, 41852, 581547, 377858, 3122586845184.0,
507, 149, 41874, 581558, 377818, 3122666274816.0,
508, 149, 41818, 581502, 377896, 3122628001792.0,
509, 150, 41837, 581496, 377909, 3122620006400.0,
510, 150, 41848, 581565, 377818, 3122603884544.0,
511, 149, 41853, 581541, 377848, 3122674270208.0,
512, 153, 41843, 581481, 377899, 3122745442304.0,
513, 150, 41812, 581468, 377887, 3122715426816.0,
514, 151, 41845, 581371, 377962, 3122774016000.0,
515, 150, 41828, 581397, 377934, 3122828279808.0,
516, 152, 41827, 581402, 377956, 3122758025216.0,
517, 153, 41852, 581507, 377884, 3122647793664.0,
518, 149, 41835, 581508, 377883, 3122619088896.0,
519, 149, 41850, 581549, 377908, 3122475958272.0,
520, 150, 41839, 581554, 377866, 3122450006016.0,
521, 151, 41799, 581517, 377854, 3122480152576.0,
522, 150, 41811, 581510, 377912, 3122566266880.0,
523, 150, 41794, 581506, 377893, 3122605850624.0,
524, 151, 41813, 581581, 377866, 3122532843520.0,
525, 151, 41787, 581539, 377848, 3122605719552.0,
526, 150, 41824, 581570, 377771, 3122503352320.0,
527, 151, 41836, 581562, 377848, 3122542804992.0,
528, 152, 41858, 581543, 377809, 3122419335168.0,
529, 151, 41894, 581543, 377825, 3122545819648.0,
530, 152, 41851, 581543, 377810, 3122559844352.0,
531, 151, 41803, 581515, 377809, 3122576097280.0,
532, 152, 41868, 581505, 377822, 3122761564160.0,
533, 148, 41829, 581521, 377865, 3122709135360.0,
534, 149, 41823, 581521, 377846, 3122587369472.0,
535, 152, 41844, 581503, 377896, 3122645958656.0,
536, 152, 41860, 581535, 377872, 3122620137472.0,
537, 146, 41845, 581541, 377875, 3122633113600.0,
538, 149, 41852, 581559, 377816, 3122664046592.0,
539, 149, 41841, 581533, 377831, 3122698125312.0,
540, 149, 41847, 581537, 377803, 3122747932672.0,
541, 147, 41854, 581510, 377861, 3122741116928.0,
542, 151, 41872, 581494, 377861, 3122746097664.0,
543, 152, 41865, 581431, 377888, 3122666012672.0,
544, 150, 41897, 581510, 377875, 3122669944832.0,
545, 150, 41880, 581487, 377859, 3122631671808.0,
546, 151, 41851, 581541, 377840, 3122488934400.0,
547, 147, 41863, 581530, 377814, 3122613452800.0,
548, 150, 41840, 581556, 377854, 3122675974144.0,
549, 147, 41851, 581552, 377860, 3122747801600.0,
550, 150, 41843, 581554, 377879, 3122832474112.0,
551, 147, 41824, 581609, 377861, 3122706251776.0,
552, 149, 41831, 581552, 377885, 3122770083840.0,
553, 149, 41829, 581527, 377879, 3122743345152.0,
554, 152, 41817, 581507, 377873, 3122642026496.0,
555, 151, 41835, 581503, 377838, 3122585927680.0,
556, 150, 41859, 581563, 377827, 3122523406336.0,
557, 151, 41848, 581596, 377808, 3122505580544.0,
558, 149, 41800, 581538, 377816, 3122572558336.0,
559, 150, 41835, 581537, 377843, 3122560106496.0,
560, 149, 41808, 581444, 377856, 3122675056640.0,
561, 149, 41847, 581498, 377838, 3122674008064.0,
562, 147, 41876, 581552, 377775, 3122613452800.0,
563, 150, 41848, 581558, 377776, 3122634948608.0,
564, 152, 41860, 581564, 377777, 3122648317952.0,
565, 151, 41842, 581511, 377871, 3122773491712.0,
566, 149, 41836, 581602, 377834, 3122796822528.0,
567, 151, 41804, 581556, 377839, 3122818842624.0,
568, 151, 41841, 581531, 377851, 3122826838016.0,
569, 150, 41804, 581496, 377848, 3122744524800.0,
570, 149, 41855, 581502, 377855, 3122757500928.0,
571, 149, 41797, 581510, 377888, 3122754093056.0,
572, 150, 41849, 581486, 377875, 3122761826304.0,
573, 151, 41833, 581529, 377822, 3122733121536.0,
574, 150, 41854, 581629, 377790, 3122714378240.0,
575, 149, 41829, 581576, 377791, 3122699304960.0,
576, 147, 41789, 581580, 377861, 3122699829248.0,
577, 149, 41822, 581493, 377866, 3122702581760.0,
578, 151, 41813, 581546, 377872, 3122805735424.0,
579, 149, 41833, 581487, 377861, 3122793152512.0,
580, 150, 41857, 581545, 377865, 3122744524800.0,
581, 148, 41851, 581491, 377820, 3122715426816.0,
582, 151, 41884, 581479, 377800, 3122684624896.0,
583, 149, 41867, 581563, 377802, 3122650021888.0,
584, 151, 41861, 581607, 377796, 3122651725824.0,
585, 150, 41837, 581567, 377876, 3122807439360.0,
586, 151, 41836, 581574, 377788, 3122974556160.0,
587, 149, 41840, 581500, 377828, 3123025805312.0,
588, 150, 41824, 581535, 377834, 3122968002560.0,
589, 152, 41884, 581475, 377878, 3122884247552.0,
590, 151, 41870, 581493, 377880, 3122684755968.0,
591, 150, 41897, 581521, 377894, 3122623545344.0,
592, 152, 41878, 581496, 377817, 3122650939392.0,
593, 152, 41861, 581511, 377869, 3122744524800.0,
594, 151, 41854, 581602, 377822, 3122627084288.0,
595, 151, 41818, 581639, 377812, 3122648055808.0,
596, 153, 41798, 581634, 377816, 3122644910080.0,
597, 150, 41782, 581619, 377826, 3122712805376.0,
598, 153, 41771, 581578, 377877, 3122907447296.0,
599, 150, 41807, 581548, 377866, 3122823168000.0,
600, 151, 41852, 581527, 377831, 3122789351424.0,
601, 150, 41849, 581536, 377786, 3122831556608.0,
602, 151, 41856, 581443, 377846, 3122838372352.0,
603, 153, 41868, 581469, 377859, 3122665488384.0,
604, 150, 41844, 581510, 377804, 3122728927232.0,
605, 150, 41835, 581521, 377845, 3122569674752.0,
606, 151, 41846, 581550, 377752, 3122554863616.0,
607, 150, 41809, 581571, 377796, 3122561548288.0,
608, 152, 41833, 581554, 377873, 3122573082624.0,
609, 153, 41835, 581572, 377828, 3122649759744.0,
610, 148, 41820, 581545, 377779, 3122824085504.0,
611, 149, 41808, 581495, 377846, 3122882412544.0,
612, 151, 41846, 581453, 377843, 3122786729984.0,
613, 152, 41848, 581467, 377821, 3122726699008.0,
614, 151, 41870, 581495, 377823, 3122714509312.0,
615, 148, 41874, 581470, 377828, 3122569674752.0,
616, 150, 41869, 581474, 377890, 3122599690240.0,
617, 149, 41848, 581431, 377895, 3122632982528.0,
618, 149, 41849, 581465, 377927, 3122494439424.0,
619, 152, 41838, 581462, 377877, 3122582257664.0,
620, 148, 41822, 581505, 377870, 3122577145856.0,
621, 152, 41870, 581502, 377900, 3122587107328.0,
622, 151, 41834, 581447, 377840, 3122682658816.0,
623, 152, 41853, 581515, 377843, 3122679906304.0,
624, 150, 41832, 581586, 377825, 3122692751360.0,
625, 150, 41786, 581644, 377812, 3122715033600.0,
626, 151, 41809, 581575, 377813, 3122701926400.0,
627, 153, 41796, 581573, 377825, 3122788958208.0,
628, 151, 41840, 581494, 377795, 3122826444800.0,
629, 151, 41805, 581616, 377906, 3122745180160.0,
630, 152, 41846, 581600, 377803, 3122806259712.0,
631, 150, 41806, 581579, 377896, 3122781093888.0,
632, 151, 41862, 581543, 377927, 3122797477888.0,
633, 152, 41841, 581501, 377852, 3122787516416.0,
634, 154, 41847, 581500, 377776, 3122779127808.0,
635, 149, 41886, 581527, 377764, 3122868912128.0,
636, 151, 41833, 581536, 377848, 3122863144960.0,
637, 154, 41833, 581567, 377833, 3122735218688.0,
638, 151, 41867, 581492, 377890, 3122798264320.0,
639, 149, 41869, 581539, 377803, 3122864193536.0,
640, 148, 41872, 581576, 377826, 3122895126528.0,
641, 151, 41820, 581644, 377740, 3122857771008.0,
642, 151, 41825, 581556, 377792, 3122824216576.0,
643, 153, 41861, 581517, 377834, 3122685280256.0,
644, 149, 41861, 581482, 377895, 3122657886208.0,
645, 148, 41867, 581433, 377932, 3122651594752.0,
646, 150, 41882, 581395, 377908, 3122543984640.0,
647, 151, 41905, 581444, 377934, 3122387353600.0,
648, 153, 41881, 581523, 377846, 3122283151360.0,
649, 149, 41814, 581472, 377851, 3122411339776.0,
650, 152, 41795, 581423, 377926, 3122522488832.0,
651, 151, 41817, 581585, 377825, 3122543329280.0,
652, 149, 41849, 581551, 377878, 3122521178112.0,
653, 150, 41863, 581484, 377873, 3122553159680.0,
654, 151, 41869, 581487, 377871, 3122540445696.0,
655, 152, 41880, 581534, 377888, 3122526683136.0,
656, 149, 41885, 581518, 377809, 3122531139584.0,
657, 149, 41857, 581564, 377826, 3122556043264.0,
658, 151, 41904, 581562, 377761, 3122559844352.0,
659, 150, 41850, 581582, 377817, 3122626691072.0,
660, 152, 41831, 581490, 377858, 3122732990464.0,
661, 152, 41789, 581526, 377874, 3122786074624.0,
662, 150, 41807, 581489, 377895, 3122669027328.0,
663, 153, 41830, 581510, 377842, 3122606374912.0,
664, 152, 41848, 581554, 377872, 3122571378688.0,
665, 146, 41844, 581608, 377829, 3122675187712.0,
666, 150, 41822, 581592, 377840, 3122637438976.0,
667, 149, 41812, 581589, 377755, 3122715295744.0,
668, 149, 41856, 581603, 377732, 3122837454848.0,
669, 149, 41839, 581653, 377724, 3122780438528.0,
670, 151, 41817, 581531, 377853, 3122804948992.0,
671, 151, 41833, 581518, 377868, 3122805473280.0,
672, 150, 41830, 581457, 377907, 3122768642048.0,
673, 152, 41832, 581521, 377894, 3122701795328.0,
674, 149, 41824, 581531, 377929, 3122632327168.0,
675, 151, 41827, 581475, 377882, 3122616598528.0,
676, 154, 41825, 581476, 377897, 3122660769792.0,
677, 148, 41840, 581412, 377971, 3122513313792.0,
678, 150, 41838, 581509, 377886, 3122359959552.0,
679, 151, 41844, 581432, 377920, 3122492604416.0,
680, 153, 41885, 581446, 377917, 3122532319232.0,
681, 152, 41867, 581415, 377882, 3122753568768.0,
682, 151, 41867, 581439, 377875, 3122555125760.0,
683, 150, 41884, 581486, 377826, 3122607161344.0,
684, 147, 41888, 581505, 377855, 3122509905920.0,
685, 152, 41829, 581514, 377883, 3122321817600.0,
686, 148, 41850, 581484, 377847, 3122350522368.0,
687, 149, 41831, 581589, 377833, 3122411995136.0,
688, 150, 41845, 581553, 377811, 3122375819264.0,
689, 149, 41844, 581581, 377767, 3122576752640.0,
690, 151, 41823, 581637, 377756, 3122655526912.0,
691, 150, 41834, 581626, 377769, 3122839945216.0,
692, 150, 41861, 581593, 377779, 3122816090112.0,
693, 149, 41859, 581535, 377814, 3122878218240.0,
694, 151, 41863, 581515, 377820, 3122814517248.0,
695, 152, 41854, 581561, 377821, 3122840469504.0,
696, 151, 41842, 581599, 377801, 3122825789440.0,
697, 150, 41844, 581615, 377823, 3122808881152.0,
698, 148, 41830, 581565, 377773, 3122824085504.0,
699, 150, 41829, 581573, 377863, 3122720145408.0,
700, 148, 41839, 581673, 377802, 3122676760576.0,
701, 150, 41830, 581615, 377815, 3122748981248.0,
702, 150, 41842, 581497, 377840, 3122785681408.0,
703, 150, 41856, 581443, 377931, 3122716868608.0,
704, 148, 41822, 581473, 377895, 3122761170944.0,
705, 148, 41818, 581511, 377858, 3122727223296.0,
706, 151, 41789, 581515, 377901, 3122689867776.0,
707, 153, 41797, 581515, 377877, 3122728665088.0,
708, 154, 41821, 581502, 377892, 3122621186048.0,
709, 154, 41807, 581567, 377828, 3122738102272.0,
710, 152, 41832, 581614, 377816, 3122712543232.0,
711, 148, 41838, 581531, 377830, 3122635341824.0,
712, 152, 41830, 581547, 377830, 3122569412608.0,
713, 150, 41864, 581572, 377802, 3122587238400.0,
714, 150, 41870, 581602, 377850, 3122745049088.0,
715, 151, 41872, 581579, 377802, 3122736791552.0,
716, 151, 41825, 581549, 377870, 3122804031488.0,
717, 150, 41860, 581480, 377896, 3122729975808.0,
718, 152, 41847, 581502, 377899, 3122647138304.0,
719, 153, 41824, 581529, 377849, 3122648317952.0,
