0, 1001365, 0, 0, 0, 0.0,
1, 991352, 10011, 2, 0, 0.0,
2, 921, 990266, 10185, 0, 5357304832.0,
3, 0, 983733, 17629, 0, 11525899264.0,
4, 0, 943559, 57806, 0, 28659639296.0,
5, 0, 850511, 150849, 2, 79724142592.0,
6, 0, 712410, 288945, 13, 188719996928.0,
7, 1, 555423, 445875, 61, 367353626624.0,
8, 0, 405987, 595167, 206, 611159801856.0,
9, 25, 280569, 720193, 605, 904510865408.0,
10, 1, 184877, 814846, 1608, 1227188928512.0,
11, 3, 117011, 880388, 3895, 1560944836608.0,
12, 4, 71921, 920739, 8674, 1887647432704.0,
13, 6, 43665, 940156, 17579, 2203547992064.0,
14, 14, 27291, 941567, 32514, 2483939704832.0,
15, 24, 19148, 926846, 55391, 2733803044864.0,
16, 36, 16818, 897289, 87213, 2938077708288.0,
17, 54, 18795, 854341, 128166, 3138171043840.0,
18, 73, 24077, 800290, 176929, 3248761077760.0,
19, 96, 31928, 738170, 231226, 3363783442432.0,
20, 121, 41634, 671885, 287745, 3397630820352.0,
21, 144, 52522, 605642, 343040, 3399024115712.0,
22, 165, 63739, 543563, 393916, 3373698777088.0,
23, 181, 74530, 489365, 437350, 3305948315648.0,
24, 196, 84148, 445259, 471826, 3207628193792.0,
25, 204, 91981, 412988, 496144, 3133408411648.0,
26, 212, 97678, 393038, 510464, 3032581537792.0,
27, 214, 100939, 384931, 515240, 2926112538624.0,
28, 212, 101787, 387642, 511779, 2855441924096.0,
29, 210, 100341, 399341, 501517, 2776784044032.0,
30, 206, 96870, 418286, 486059, 2709745172480.0,
31, 198, 91799, 442460, 466963, 2668194299904.0,
32, 185, 85513, 470048, 445592, 2647587684352.0,
33, 180, 78466, 499507, 423188, 2643270959104.0,
34, 167, 71085, 529302, 400783, 2653319593984.0,
35, 157, 63797, 558334, 379125, 2677602254848.0,
36, 154, 56754, 585669, 358807, 2717576069120.0,
37, 143, 50238, 610780, 340179, 2772597735424.0,
38, 138, 44490, 633155, 323647, 2833549361152.0,
39, 132, 39537, 652531, 309186, 2888664743936.0,
40, 126, 35397, 668847, 297054, 2947219456000.0,
41, 126, 32076, 681990, 287157, 3022252802048.0,
42, 120, 29604, 692068, 279530, 3095970578432.0,
43, 121, 27913, 699358, 273983, 3150980972544.0,
44, 121, 26945, 703988, 270360, 3203665494016.0,
45, 119, 26608, 706098, 268555, 3267393617920.0,
46, 121, 26792, 706061, 268408, 3329982201856.0,
47, 119, 27452, 704189, 269658, 3376423370752.0,
48, 123, 28545, 700536, 272216, 3407962177536.0,
49, 123, 29891, 695559, 275852, 3433035464704.0,
50, 123, 31505, 689470, 280311, 3456369426432.0,
51, 128, 33288, 682538, 285452, 3477435056128.0,
52, 130, 35136, 675023, 291026, 3494197198848.0,
53, 135, 37085, 667206, 296960, 3505203445760.0,
54, 137, 39028, 659161, 303076, 3510225862656.0,
55, 137, 40942, 651201, 309168, 3509612969984.0,
56, 142, 42798, 643425, 315058, 3504134291456.0,
57, 145, 44566, 635848, 320834, 3494184878080.0,
58, 147, 46169, 628893, 326173, 3481433276416.0,
59, 148, 47624, 622465, 331155, 3467004870656.0,
60, 151, 48994, 616580, 335703, 3452073148416.0,
61, 151, 50171, 611459, 339636, 3437393477632.0,
62, 155, 51133, 606945, 343079, 3423270862848.0,
63, 155, 52015, 603257, 345954, 3409430970368.0,
64, 156, 52670, 600184, 348395, 3395376250880.0,
65, 157, 53139, 597830, 350243, 3380611121152.0,
66, 158, 53494, 596136, 351514, 3364945002496.0,
67, 156, 53703, 595170, 352386, 3348570046464.0,
68, 161, 53750, 594706, 352741, 3332116185088.0,
69, 160, 53710, 594773, 352672, 3316487684096.0,
70, 158, 53554, 595347, 352295, 3301777342464.0,
71, 156, 53339, 596282, 351540, 3289073188864.0,
72, 159, 53026, 597564, 350561, 3278087127040.0,
73, 157, 52644, 599241, 349340, 3269493522432.0,
74, 157, 52222, 600928, 348058, 3262639112192.0,
75, 157, 51728, 602907, 346530, 3257851183104.0,
76, 156, 51264, 604912, 344955, 3254897999872.0,
77, 153, 50770, 607052, 343360, 3253597372416.0,
78, 152, 50251, 609141, 341850, 3253679161344.0,
79, 151, 49774, 611119, 340357, 3255100506112.0,
80, 153, 49291, 613189, 338753, 3257716178944.0,
81, 150, 48854, 615100, 337250, 3261329309696.0,
82, 151, 48463, 616887, 335926, 3265876983808.0,
83, 149, 48109, 618574, 334623, 3271252508672.0,
84, 148, 47760, 620077, 333378, 3277009977344.0,
85, 148, 47419, 621395, 332399, 3283027755008.0,
86, 150, 47143, 622558, 331592, 3289442942976.0,
87, 148, 46902, 623667, 330678, 3295820513280.0,
88, 151, 46670, 624505, 329976, 3302288916480.0,
89, 146, 46504, 625173, 329530, 3308455591936.0,
90, 148, 46398, 625781, 329115, 3314269683712.0,
91, 147, 46319, 626102, 328829, 3319840505856.0,
92, 149, 46247, 626370, 328636, 3324996091904.0,
93, 150, 46215, 626444, 328544, 3329629749248.0,
94, 150, 46235, 626451, 328506, 3333734400000.0,
95, 148, 46278, 626329, 328634, 3337290383360.0,
96, 146, 46290, 626235, 328721, 3340477267968.0,
97, 148, 46327, 626018, 328848, 3343166210048.0,
98, 149, 46434, 625783, 329051, 3345448304640.0,
99, 147, 46533, 625391, 329314, 3347185532928.0,
100, 147, 46634, 625000, 329629, 3348575551488.0,
101, 146, 46759, 624586, 329906, 3349687304192.0,
102, 149, 46827, 624103, 330247, 3350415147008.0,
103, 148, 46960, 623687, 330605, 3350820945920.0,
104, 150, 47070, 623172, 331024, 3350718447616.0,
105, 150, 47174, 622764, 331381, 3350661169152.0,
106, 149, 47250, 622294, 331723, 3350189572096.0,
107, 147, 47380, 621863, 332001, 3349693333504.0,
108, 149, 47448, 621459, 332281, 3348933378048.0,
109, 151, 47532, 621059, 332613, 3347875102720.0,
110, 150, 47640, 620740, 332922, 3346774491136.0,
111, 148, 47754, 620499, 333056, 3345655791616.0,
112, 151, 47764, 620194, 333200, 3344393437184.0,
113, 155, 47841, 619920, 333440, 3343327035392.0,
114, 148, 47888, 619728, 333622, 3342044495872.0,
115, 151, 47915, 619587, 333722, 3340786335744.0,
116, 152, 47957, 619458, 333824, 3339593318400.0,
117, 149, 47997, 619281, 333999, 3338494541824.0,
118, 151, 48021, 619152, 334109, 3337314107392.0,
119, 151, 48041, 619015, 334113, 3336157790208.0,
120, 148, 48036, 619029, 334177, 3335323779072.0,
121, 151, 48036, 618979, 334187, 3334251741184.0,
122, 151, 48042, 618986, 334219, 3333498863616.0,
123, 153, 48028, 619006, 334213, 3332586864640.0,
124, 151, 48030, 619015, 334252, 3331933077504.0,
125, 152, 48014, 619014, 334237, 3331363307520.0,
126, 150, 47968, 619093, 334175, 3330832990208.0,
127, 150, 48006, 619068, 334155, 3330259288064.0,
128, 152, 47987, 619193, 334070, 3330012741632.0,
129, 150, 47996, 619240, 334054, 3329678114816.0,
130, 149, 47950, 619320, 333934, 3329461321728.0,
131, 151, 47946, 619415, 333883, 3329282539520.0,
132, 152, 47894, 619416, 333845, 3329204289536.0,
133, 151, 47847, 619541, 333690, 3329197867008.0,
134, 150, 47850, 619628, 333674, 3329173880832.0,
135, 151, 47829, 619775, 333671, 3329178075136.0,
136, 152, 47807, 619880, 333553, 3329310326784.0,
137, 152, 47823, 619857, 333515, 3329432223744.0,
138, 154, 47798, 619880, 333538, 3329562247168.0,
139, 148, 47786, 619959, 333415, 3329686503424.0,
140, 148, 47765, 620142, 333320, 3329929117696.0,
141, 152, 47789, 620178, 333288, 3330208956416.0,
142, 148, 47763, 620287, 333229, 3330730491904.0,
143, 150, 47772, 620276, 333125, 3330983198720.0,
144, 151, 47725, 620339, 333156, 3331211132928.0,
145, 151, 47685, 620372, 333118, 3331432644608.0,
146, 150, 47697, 620385, 333102, 3331708026880.0,
147, 150, 47673, 620358, 333189, 3331973578752.0,
148, 149, 47663, 620347, 333217, 3332177002496.0,
149, 151, 47639, 620394, 333183, 3332422500352.0,
150, 152, 47708, 620405, 333159, 3332508090368.0,
151, 153, 47685, 620388, 333165, 3332631691264.0,
152, 151, 47698, 620445, 333123, 3332867883008.0,
153, 151, 47733, 620465, 333071, 3332915331072.0,
154, 150, 47710, 620449, 333073, 3332952162304.0,
155, 151, 47719, 620449, 333082, 3333122686976.0,
156, 149, 47685, 620438, 333092, 3333125046272.0,
157, 149, 47664, 620487, 333097, 3333261492224.0,
158, 153, 47679, 620332, 333179, 3333430706176.0,
159, 148, 47665, 620341, 333177, 3333369233408.0,
160, 154, 47699, 620358, 333187, 3333383127040.0,
161, 151, 47714, 620334, 333199, 3333397282816.0,
162, 153, 47676, 620375, 333156, 3333399117824.0,
163, 155, 47677, 620371, 333176, 3333439488000.0,
164, 149, 47676, 620361, 333158, 3333388632064.0,
165, 151, 47725, 620350, 333152, 3333542903808.0,
166, 154, 47700, 620363, 333230, 3333575933952.0,
167, 152, 47685, 620357, 333230, 3333636620288.0,
168, 151, 47702, 620338, 333185, 3333619843072.0,
169, 152, 47741, 620287, 333194, 3333567283200.0,
170, 150, 47726, 620325, 333207, 3333590482944.0,
171, 151, 47751, 620271, 333241, 3333417992192.0,
172, 151, 47726, 620217, 333279, 3333465440256.0,
173, 151, 47733, 620234, 333316, 3333276303360.0,
174, 149, 47745, 620228, 333306, 3333254283264.0,
175, 151, 47725, 620268, 333252, 3333179572224.0,
176, 152, 47730, 620298, 333190, 3333144444928.0,
177, 150, 47739, 620266, 333182, 3333248647168.0,
178, 150, 47736, 620276, 333185, 3333349965824.0,
179, 153, 47748, 620295, 333245, 3333418516480.0,
180, 152, 47758, 620236, 333178, 3333385748480.0,
181, 153, 47716, 620295, 333169, 3333468061696.0,
182, 151, 47764, 620217, 333264, 3333481955328.0,
183, 149, 47758, 620142, 333327, 3333375918080.0,
184, 150, 47753, 620134, 333332, 3333328207872.0,
185, 152, 47754, 620135, 333360, 3333339348992.0,
186, 150, 47726, 620128, 333336, 3333259001856.0,
187, 151, 47733, 620147, 333336, 3333239078912.0,
188, 150, 47747, 620203, 333274, 3333328470016.0,
189, 150, 47752, 620234, 333256, 3333259526144.0,
190, 149, 47736, 620232, 333308, 3333160304640.0,
191, 151, 47722, 620189, 333336, 3333234229248.0,
192, 150, 47714, 620183, 333326, 3333222825984.0,
193, 154, 47767, 620149, 333288, 3333126750208.0,
194, 146, 47774, 620188, 333295, 3332883349504.0,
195, 150, 47759, 620133, 333303, 3332795793408.0,
196, 151, 47756, 620174, 333359, 3332753850368.0,
197, 151, 47787, 620182, 333251, 3332630642688.0,
198, 150, 47763, 620175, 333269, 3332805623808.0,
199, 150, 47765, 620185, 333308, 3332762501120.0,
200, 152, 47760, 620219, 333297, 3332650958848.0,
201, 149, 47718, 620197, 333269, 3332640473088.0,
202, 149, 47705, 620246, 333208, 3332796186624.0,
203, 151, 47700, 620262, 333214, 3332803657728.0,
204, 150, 47699, 620266, 333229, 3332883742720.0,
205, 150, 47706, 620326, 333190, 3332806017024.0,
206, 149, 47744, 620281, 333213, 3332986241024.0,
207, 147, 47703, 620309, 333212, 3332968808448.0,
208, 149, 47758, 620297, 333284, 3332990042112.0,
209, 150, 47735, 620263, 333249, 3332996595712.0,
210, 152, 47686, 620245, 333295, 3333163057152.0,
211, 151, 47703, 620271, 333280, 3333254414336.0,
212, 153, 47767, 620253, 333234, 3333278400512.0,
213, 152, 47776, 620289, 333262, 3333258739712.0,
214, 152, 47780, 620192, 333317, 3333253496832.0,
215, 151, 47774, 620170, 333335, 3333179834368.0,
216, 148, 47786, 620243, 333268, 3333173936128.0,
217, 151, 47754, 620222, 333239, 3333236588544.0,
218, 151, 47739, 620221, 333232, 3333230952448.0,
219, 149, 47732, 620271, 333277, 3333194645504.0,
220, 150, 47734, 620352, 333191, 3332990435328.0,
221, 153, 47738, 620274, 333278, 3333037228032.0,
222, 150, 47723, 620232, 333234, 3333110890496.0,
223, 149, 47739, 620287, 333267, 3333084545024.0,
224, 153, 47756, 620244, 333271, 3333218238464.0,
225, 151, 47732, 620133, 333296, 3333103943680.0,
226, 151, 47728, 620175, 333287, 3333048500224.0,
227, 152, 47742, 620191, 333278, 3332964483072.0,
228, 152, 47743, 620203, 333307, 3333034737664.0,
229, 150, 47757, 620102, 333339, 3332930273280.0,
230, 151, 47738, 620185, 333269, 3332812046336.0,
231, 152, 47749, 620239, 333228, 3332668522496.0,
232, 149, 47747, 620234, 333244, 3332687790080.0,
233, 151, 47752, 620216, 333259, 3332706795520.0,
234, 149, 47725, 620308, 333180, 3332808114176.0,
235, 150, 47709, 620327, 333245, 3332830920704.0,
236, 153, 47702, 620353, 333141, 3332899209216.0,
237, 152, 47688, 620330, 333169, 3333026349056.0,
238, 152, 47745, 620297, 333222, 3333176426496.0,
239, 150, 47716, 620276, 333243, 3333169217536.0,
240, 151, 47741, 620200, 333288, 3333212471296.0,
241, 152, 47761, 620239, 333274, 3333095030784.0,
242, 152, 47729, 620202, 333267, 3333076942848.0,
243, 153, 47771, 620138, 333337, 3333187174400.0,
244, 151, 47751, 620155, 333285, 3333041815552.0,
245, 152, 47749, 620153, 333360, 3333085986816.0,
246, 153, 47739, 620190, 333280, 3333130158080.0,
247, 149, 47766, 620109, 333342, 3333004853248.0,
248, 149, 47732, 620178, 333332, 3332982702080.0,
249, 153, 47762, 620249, 333206, 3332851236864.0,
250, 149, 47738, 620300, 333220, 3332847828992.0,
251, 151, 47717, 620286, 333252, 3332972609536.0,
252, 151, 47735, 620271, 333225, 3332827774976.0,
253, 153, 47716, 620332, 333214, 3332938399744.0,
254, 150, 47696, 620249, 333219, 3333098045440.0,
255, 153, 47705, 620299, 333228, 3333175640064.0,
256, 149, 47706, 620352, 333196, 3333291900928.0,
257, 150, 47713, 620250, 333278, 3333223874560.0,
258, 149, 47720, 620191, 333327, 3333236195328.0,
259, 150, 47730, 620201, 333316, 3333198708736.0,
260, 151, 47760, 620257, 333187, 3333190320128.0,
261, 151, 47764, 620202, 333254, 3333130551296.0,
262, 153, 47746, 620193, 333265, 3333115871232.0,
263, 153, 47747, 620144, 333322, 3333222039552.0,
264, 150, 47758, 620135, 333305, 3333054791680.0,
265, 149, 47765, 620200, 333318, 3333133303808.0,
266, 152, 47765, 620147, 333294, 3332901175296.0,
267, 151, 47744, 620185, 333230, 3332771676160.0,
268, 153, 47711, 620119, 333319, 3332733665280.0,
269, 149, 47745, 620157, 333261, 3332801429504.0,
270, 151, 47738, 620154, 333259, 3332814274560.0,
271, 150, 47729, 620141, 333328, 3332843896832.0,
272, 150, 47749, 620224, 333333, 3332839440384.0,
273, 148, 47697, 620166, 333311, 3332801953792.0,
274, 151, 47731, 620163, 333321, 3332829872128.0,
275, 149, 47757, 620147, 333244, 3332829741056.0,
276, 152, 47757, 620195, 333253, 3332903796736.0,
277, 150, 47727, 620166, 333265, 3332985716736.0,
278, 152, 47752, 620196, 333285, 3333047320576.0,
279, 150, 47750, 620106, 333299, 3332993056768.0,
280, 152, 47753, 620155, 333336, 3332896980992.0,
281, 152, 47765, 620126, 333380, 3332981915648.0,
282, 151, 47762, 620107, 333302, 3332992008192.0,
283, 150, 47736, 620158, 333335, 3332893442048.0,
284, 152, 47759, 620168, 333286, 3332701552640.0,
285, 151, 47767, 620213, 333281, 3332655022080.0,
286, 153, 47716, 620224, 333253, 3332677697536.0,
287, 152, 47730, 620295, 333220, 3332700241920.0,
288, 149, 47696, 620252, 333259, 3332702470144.0,
289, 151, 47704, 620318, 333217, 3332799201280.0,
290, 152, 47717, 620291, 333108, 3332837212160.0,
291, 152, 47724, 620313, 333153, 3332923850752.0,
292, 150, 47741, 620288, 333168, 3333065932800.0,
293, 151, 47732, 620320, 333197, 3333155979264.0,
294, 150, 47721, 620331, 333185, 3333084413952.0,
295, 152, 47715, 620322, 333164, 3333084938240.0,
296, 150, 47720, 620343, 333250, 3333077991424.0,
297, 148, 47709, 620277, 333243, 3333197791232.0,
298, 151, 47720, 620282, 333181, 3333298847744.0,
299, 151, 47703, 620254, 333224, 3333202116608.0,
300, 149, 47709, 620245, 333257, 3333180620800.0,
301, 152, 47714, 620199, 333280, 3333150343168.0,
302, 150, 47720, 620159, 333274, 3333156110336.0,
303, 149, 47778, 620160, 333349, 3333097783296.0,
304, 149, 47777, 620174, 333350, 3333134614528.0,
305, 151, 47732, 620186, 333373, 3333050335232.0,
306, 148, 47743, 620112, 333314, 3333093588992.0,
307, 149, 47738, 620181, 333347, 3333283905536.0,
308, 150, 47765, 620195, 333289, 3333097390080.0,
309, 152, 47736, 620218, 333255, 3333210767360.0,
310, 153, 47769, 620174, 333272, 3333061476352.0,
311, 153, 47757, 620233, 333228, 3333108269056.0,
312, 150, 47714, 620223, 333242, 3333032116224.0,
313, 151, 47750, 620210, 333236, 3333120065536.0,
314, 150, 47757, 620151, 333319, 3333074714624.0,
315, 153, 47763, 620199, 333256, 3333026873344.0,
316, 150, 47758, 620194, 333279, 3333065277440.0,
317, 148, 47753, 620233, 333232, 3332946657280.0,
318, 153, 47761, 620242, 333263, 3332782292992.0,
319, 147, 47751, 620222, 333235, 3332702601216.0,
320, 151, 47716, 620268, 333192, 3332762501120.0,
321, 151, 47742, 620245, 333214, 3332930011136.0,
322, 149, 47686, 620314, 333230, 3333045747712.0,
323, 151, 47744, 620285, 333185, 3333144969216.0,
324, 152, 47702, 620277, 333214, 3333161091072.0,
325, 151, 47720, 620199, 333342, 3333157945344.0,
326, 150, 47716, 620270, 333256, 3333170528256.0,
327, 148, 47740, 620277, 333229, 3333113774080.0,
328, 153, 47783, 620240, 333232, 3333000265728.0,
329, 150, 47779, 620283, 333233, 3333056102400.0,
330, 149, 47745, 620278, 333188, 3333120589824.0,
331, 151, 47755, 620197, 333281, 3333084938240.0,
332, 151, 47725, 620144, 333359, 3333165547520.0,
333, 150, 47724, 620213, 333245, 3333188878336.0,
334, 151, 47710, 620310, 333204, 3333178654720.0,
335, 147, 47708, 620205, 333263, 3333128192000.0,
336, 151, 47721, 620289, 333233, 3333187567616.0,
337, 151, 47685, 620236, 333280, 3333297799168.0,
338, 152, 47698, 620240, 333251, 3333124521984.0,
339, 150, 47703, 620181, 333273, 3333290590208.0,
340, 151, 47783, 620192, 333297, 3333389418496.0,
341, 152, 47740, 620162, 333324, 3333164367872.0,
342, 149, 47745, 620174, 333306, 3332935122944.0,
343, 150, 47731, 620154, 333363, 3333097127936.0,
344, 151, 47743, 620157, 333308, 3333013372928.0,
345, 149, 47761, 620186, 333246, 3332968022016.0,
346, 150, 47791, 620172, 333231, 3332762107904.0,
347, 153, 47752, 620257, 333190, 3332837998592.0,
348, 151, 47711, 620256, 333241, 3332946264064.0,
349, 147, 47753, 620268, 333193, 3332982177792.0,
350, 150, 47750, 620200, 333212, 3332980867072.0,
351, 149, 47789, 620286, 333163, 3333064753152.0,
352, 147, 47759, 620252, 333209, 3333041422336.0,
353, 153, 47737, 620257, 333214, 3333101322240.0,
354, 152, 47707, 620260, 333272, 3333131075584.0,
355, 153, 47734, 620326, 333226, 3333200019456.0,
356, 149, 47713, 620317, 333180, 3333158862848.0,
357, 149, 47707, 620376, 333160, 3333317591040.0,
358, 152, 47762, 620321, 333149, 3333399117824.0,
359, 153, 47719, 620328, 333138, 3333473828864.0,
360, 150, 47698, 620338, 333158, 3333483134976.0,
361, 149, 47686, 620304, 333179, 3333345116160.0,
362, 149, 47707, 620280, 333206, 3333336334336.0,
363, 153, 47725, 620318, 333171, 3333390991360.0,
364, 152, 47749, 620221, 333206, 3333538709504.0,
365, 154, 47732, 620234, 333210, 3333455740928.0,
366, 151, 47724, 620182, 333325, 3333445255168.0,
367, 149, 47703, 620204, 333332, 3333256642560.0,
368, 151, 47771, 620106, 333320, 3333119148032.0,
369, 150, 47774, 620123, 333342, 3333021106176.0,
370, 153, 47745, 620144, 333310, 3332899733504.0,
371, 150, 47772, 620140, 333336, 3332797628416.0,
372, 151, 47784, 620111, 333354, 3332701945856.0,
373, 151, 47754, 620111, 333347, 3332788322304.0,
374, 148, 47731, 620224, 333256, 3332736286720.0,
375, 153, 47758, 620185, 333308, 3332860411904.0,
376, 152, 47739, 620212, 333268, 3332991352832.0,
377, 150, 47746, 620192, 333267, 3332999217152.0,
378, 149, 47742, 620226, 333236, 3332843896832.0,
379, 149, 47778, 620256, 333244, 3332679139328.0,
380, 151, 47730, 620246, 333265, 3332868145152.0,
381, 149, 47752, 620200, 333195, 3332793434112.0,
382, 152, 47732, 620181, 333245, 3332714921984.0,
383, 150, 47753, 620228, 333191, 3332732616704.0,
384, 155, 47728, 620260, 333161, 3332864868352.0,
385, 151, 47706, 620310, 333222, 3333053612032.0,
386, 151, 47739, 620231, 333299, 3333124521984.0,
387, 150, 47672, 620272, 333224, 3332964614144.0,
388, 150, 47681, 620285, 333275, 3332931452928.0,
389, 149, 47735, 620264, 333261, 3332943249408.0,
390, 151, 47729, 620225, 333236, 3333090181120.0,
391, 152, 47700, 620163, 333292, 3333006950400.0,
392, 150, 47707, 620286, 333193, 3333077991424.0,
393, 149, 47727, 620219, 333247, 3333093326848.0,
394, 150, 47739, 620231, 333238, 3333057282048.0,
395, 153, 47757, 620198, 333239, 3333098831872.0,
396, 149, 47785, 620255, 333246, 3333097652224.0,
397, 150, 47780, 620201, 333255, 3333245632512.0,
398, 151, 47779, 620201, 333213, 3333163319296.0,
399, 149, 47767, 620166, 333281, 3332966711296.0,
400, 152, 47783, 620192, 333283, 3332884135936.0,
401, 151, 47771, 620209, 333231, 3332847828992.0,
402, 151, 47764, 620174, 333223, 3332942594048.0,
403, 150, 47796, 620247, 333222, 3332801691648.0,
404, 148, 47783, 620191, 333252, 3332934467584.0,
405, 150, 47785, 620179, 333260, 3332905107456.0,
406, 151, 47711, 620232, 333244, 3332879417344.0,
407, 150, 47706, 620246, 333264, 3332930273280.0,
408, 151, 47700, 620224, 333270, 3332898553856.0,
409, 151, 47705, 620256, 333247, 3332835377152.0,
410, 154, 47693, 620277, 333260, 3332775346176.0,
411, 149, 47650, 620247, 333286, 3332876402688.0,
412, 152, 47691, 620296, 333343, 3332857397248.0,
413, 150, 47729, 620249, 333293, 3332678352896.0,
414, 150, 47731, 620197, 333262, 3332836818944.0,
415, 150, 47712, 620300, 333259, 3333085331456.0,
416, 152, 47716, 620275, 333222, 3333089263616.0,
417, 150, 47732, 620215, 333215, 3333008916480.0,
418, 149, 47687, 620250, 333221, 3332996595712.0,
419, 150, 47700, 620265, 333208, 3333092671488.0,
420, 150, 47727, 620224, 333273, 3333117181952.0,
421, 151, 47728, 620240, 333230, 3333124653056.0,
422, 150, 47700, 620277, 333201, 3333139595264.0,
423, 151, 47699, 620254, 333253, 3333192417280.0,
424, 152, 47707, 620248, 333212, 3333184684032.0,
425, 150, 47732, 620320, 333209, 3333232132096.0,
426, 148, 47733, 620171, 333326, 3333262671872.0,
427, 150, 47726, 620219, 333224, 3333179834368.0,
428, 150, 47746, 620173, 333285, 3333154406400.0,
429, 152, 47765, 620191, 333273, 3333145493504.0,
430, 150, 47737, 620129, 333330, 3332998955008.0,
431, 150, 47738, 620104, 333306, 3333033426944.0,
432, 147, 47763, 620173, 333328, 3332974182400.0,
433, 151, 47732, 620189, 333289, 3333005639680.0,
434, 150, 47744, 620270, 333218, 3332919656448.0,
435, 152, 47723, 620237, 333270, 3332907204608.0,
436, 152, 47746, 620169, 333338, 3332876533760.0,
437, 153, 47742, 620245, 333320, 3332944822272.0,
438, 150, 47733, 620205, 333299, 3332949278720.0,
439, 151, 47749, 620151, 333313, 3332941021184.0,
440, 152, 47785, 620126, 333327, 3332996071424.0,
441, 149, 47767, 620200, 333254, 3332912840704.0,
442, 151, 47735, 620185, 333251, 3332896063488.0,
443, 153, 47765, 620239, 333226, 3333080350720.0,
444, 148, 47743, 620250, 333233, 3333047189504.0,
445, 151, 47720, 620214, 333249, 3333033951232.0,
446, 151, 47712, 620238, 333278, 3333003804672.0,
447, 155, 47754, 620308, 333223, 3333090967552.0,
448, 152, 47760, 620239, 333213, 3332955439104.0,
449, 152, 47696, 620273, 333166, 3333166333952.0,
450, 150, 47711, 620310, 333246, 3333218893824.0,
451, 152, 47704, 620238, 333262, 3333258346496.0,
452, 150, 47723, 620271, 333218, 3333189795840.0,
453, 148, 47752, 620211, 333182, 3333185208320.0,
454, 149, 47764, 620253, 333180, 3333111283712.0,
455, 153, 47754, 620249, 333270, 3333103812608.0,
456, 151, 47755, 620272, 333217, 3333082447872.0,
457, 148, 47762, 620285, 333195, 3333187698688.0,
458, 153, 47736, 620207, 333275, 3333111545856.0,
459, 149, 47705, 620180, 333327, 3333136056320.0,
460, 149, 47728, 620215, 333281, 3333196611584.0,
461, 151, 47725, 620264, 333297, 3333150212096.0,
462, 150, 47744, 620253, 333293, 3333165154304.0,
463, 153, 47751, 620234, 333290, 3333104861184.0,
464, 149, 47733, 620248, 333248, 3332999872512.0,
465, 152, 47743, 620169, 333275, 3333103026176.0,
466, 150, 47722, 620250, 333237, 3332977590272.0,
467, 153, 47745, 620168, 333265, 3332939579392.0,
468, 154, 47747, 620151, 333328, 3332892262400.0,
469, 150, 47729, 620232, 333276, 3332869849088.0,
470, 151, 47711, 620279, 333186, 3332921098240.0,
471, 152, 47712, 620266, 333238, 3332912971776.0,
472, 151, 47737, 620178, 333248, 3332896325632.0,
473, 153, 47711, 620274, 333221, 3333081661440.0,
474, 150, 47685, 620321, 333274, 3333050597376.0,
475, 150, 47710, 620350, 333284, 3333108531200.0,
476, 150, 47709, 620210, 333323, 3333180358656.0,
477, 150, 47741, 620204, 333248, 3333145493504.0,
478, 150, 47731, 620198, 333269, 3333085986816.0,
479, 151, 47742, 620267, 333178, 3333171707904.0,
480, 153, 47742, 620225, 333302, 3333058592768.0,
481, 153, 47755, 620279, 333303, 3332957011968.0,
482, 152, 47741, 620256, 333220, 3333029494784.0,
483, 152, 47782, 620215, 333249, 3333059248128.0,
484, 152, 47699, 620314, 333185, 3333036179456.0,
485, 150, 47720, 620351, 333140, 3333011406848.0,
486, 149, 47734, 620315, 333170, 3332947312640.0,
487, 151, 47710, 620247, 333186, 3333014683648.0,
488, 153, 47711, 620216, 333297, 3333184946176.0,
489, 150, 47714, 620172, 333329, 3333237506048.0,
490, 150, 47693, 620201, 333326, 3333168824320.0,
491, 150, 47712, 620162, 333288, 3333104074752.0,
492, 150, 47733, 620159, 333332, 3333055447040.0,
493, 150, 47745, 620200, 333246, 3332996857856.0,
494, 152, 47781, 620186, 333266, 3333093064704.0,
495, 151, 47766, 620196, 333289, 3333036179456.0,
496, 151, 47767, 620209, 333245, 3332984930304.0,
497, 151, 47743, 620155, 333273, 3333046272000.0,
498, 151, 47736, 620161, 333306, 3332903010304.0,
499, 152, 47745, 620197, 333328, 3332890558464.0,
500, 148, 47750, 620160, 333285, 3332972347392.0,
501, 151, 47733, 620127, 333255, 3332945215488.0,
502, 150, 47721, 620098, 333347, 3332855693312.0,
503, 153, 47731, 620111, 333363, 3332677435392.0,
504, 150, 47743, 620154, 333274, 3332665507840.0,
505, 147, 47745, 620178, 333319, 3332686086144.0,
506, 149, 47721, 620173, 333288, 3332833804288.0,
507, 150, 47695, 620205, 333324, 3332825153536.0,
508, 149, 47678, 620176, 333311, 3332973920256.0,
509, 152, 47732, 620158, 333293, 3332952162304.0,
510, 152, 47736, 620234, 333283, 3332874436608.0,
511, 150, 47765, 620197, 333190, 3333015207936.0,
512, 151, 47730, 620286, 333238, 3333078515712.0,
513, 152, 47746, 620318, 333197, 3332931846144.0,
514, 149, 47730, 620283, 333212, 3333066326016.0,
515, 149, 47720, 620330, 333174, 3333207752704.0,
516, 151, 47741, 620282, 333179, 3333017042944.0,
517, 153, 47719, 620388, 333148, 3333073928192.0,
518, 153, 47726, 620306, 333173, 3333153357824.0,
519, 152, 47720, 620253, 333195, 3333246812160.0,
520, 152, 47723, 620283, 333205, 3333233704960.0,
521, 150, 47711, 620279, 333234, 3333221777408.0,
522, 149, 47726, 620202, 333270, 3333150474240.0,
523, 149, 47725, 620198, 333264, 3333119541248.0,
524, 152, 47755, 620194, 333322, 3333023072256.0,
525, 146, 47745, 620330, 333260, 3332970512384.0,
526, 153, 47698, 620221, 333286, 3332953341952.0,
527, 148, 47766, 620220, 333241, 3333010358272.0,
528, 148, 47734, 620202, 333214, 3333032509440.0,
529, 147, 47750, 620138, 333302, 3333169217536.0,
530, 150, 47771, 620205, 333279, 3333219155968.0,
531, 150, 47772, 620139, 333338, 3333106302976.0,
532, 149, 47759, 620193, 333286, 3332987158528.0,
533, 150, 47742, 620235, 333252, 3332980604928.0,
534, 151, 47735, 620242, 333312, 3333086117888.0,
535, 148, 47717, 620218, 333276, 3333044699136.0,
536, 153, 47741, 620244, 333272, 3332909563904.0,
537, 150, 47741, 620165, 333367, 3332944166912.0,
538, 151, 47713, 620203, 333299, 3332960944128.0,
539, 153, 47749, 620196, 333272, 3332803526656.0,
540, 152, 47750, 620256, 333211, 3332991221760.0,
541, 149, 47728, 620179, 333293, 3333095030784.0,
542, 151, 47764, 620158, 333301, 3333127667712.0,
543, 150, 47755, 620230, 333248, 3333071699968.0,
544, 152, 47740, 620259, 333215, 3332862246912.0,
545, 151, 47748, 620323, 333205, 3332901830656.0,
546, 150, 47733, 620235, 333234, 3332960288768.0,
547, 148, 47724, 620256, 333227, 3333011406848.0,
548, 151, 47687, 620264, 333228, 3333107351552.0,
549, 148, 47723, 620296, 333218, 3333082972160.0,
550, 150, 47717, 620222, 333286, 3333213782016.0,
551, 150, 47712, 620175, 333202, 3333132517376.0,
552, 149, 47719, 620183, 333288, 3332961337344.0,
553, 150, 47705, 620228, 333263, 3333020450816.0,
554, 150, 47710, 620255, 333239, 3332979818496.0,
555, 150, 47736, 620232, 333272, 3332940496896.0,
556, 151, 47727, 620193, 333325, 3332792778752.0,
557, 150, 47740, 620211, 333299, 3332666949632.0,
558, 151, 47736, 620140, 333330, 3332714528768.0,
559, 151, 47741, 620154, 333373, 3332719378432.0,
560, 151, 47767, 620091, 333366, 3332847042560.0,
561, 152, 47717, 620157, 333267, 3332885315584.0,
562, 152, 47743, 620202, 333266, 3332908515328.0,
563, 151, 47766, 620188, 333289, 3332841799680.0,
564, 151, 47718, 620320, 333178, 3332921360384.0,
565, 148, 47703, 620268, 333274, 3332890558464.0,
566, 149, 47740, 620280, 333206, 3332883218432.0,
567, 151, 47710, 620237, 333275, 3332982833152.0,
568, 148, 47715, 620172, 333292, 3333167251456.0,
569, 150, 47762, 620233, 333197, 3333089787904.0,
570, 147, 47751, 620206, 333196, 3333185339392.0,
571, 150, 47779, 620206, 333267, 3333273944064.0,
572, 150, 47811, 620194, 333193, 3333279973376.0,
573, 150, 47768, 620258, 333250, 3333146411008.0,
574, 152, 47747, 620216, 333208, 3333126488064.0,
575, 151, 47789, 620232, 333261, 3333058199552.0,
576, 150, 47759, 620260, 333256, 3333154668544.0,
577, 149, 47733, 620267, 333225, 3333080743936.0,
578, 152, 47780, 620194, 333294, 3333157552128.0,
579, 153, 47749, 620218, 333199, 3333153357824.0,
580, 150, 47708, 620212, 333242, 3333241438208.0,
581, 152, 47712, 620136, 333328, 3333287706624.0,
582, 150, 47725, 620171, 333290, 3333145624576.0,
583, 150, 47756, 620201, 333307, 3333080481792.0,
584, 150, 47707, 620124, 333331, 3333123997696.0,
585, 151, 47709, 620192, 333290, 3333093851136.0,
586, 151, 47725, 620201, 333283, 3332960157696.0,
587, 152, 47713, 620241, 333291, 3332882956288.0,
588, 151, 47723, 620191, 333211, 3332821614592.0,
589, 152, 47716, 620223, 333265, 3332889509888.0,
590, 151, 47753, 620219, 333261, 3332923064320.0,
591, 151, 47757, 620201, 333265, 3333008130048.0,
592, 153, 47736, 620223, 333231, 3333044568064.0,
593, 149, 47745, 620240, 333184, 3333148377088.0,
594, 147, 47752, 620259, 333187, 3333183635456.0,
595, 150, 47754, 620258, 333217, 3333202640896.0,
596, 149, 47718, 620303, 333190, 3333063442432.0,
597, 150, 47762, 620270, 333242, 3333050728448.0,
598, 151, 47753, 620132, 333252, 3333143003136.0,
599, 151, 47756, 620212, 333277, 3333142216704.0,
600, 151, 47771, 620240, 333229, 3333079040000.0,
601, 153, 47738, 620293, 333203, 3333113249792.0,
602, 151, 47716, 620278, 333262, 3333108662272.0,
603, 151, 47715, 620256, 333283, 3333151916032.0,
604, 153, 47745, 620271, 333306, 3333275123712.0,
605, 151, 47718, 620154, 333280, 3333192417280.0,
606, 150, 47739, 620137, 333321, 3333090967552.0,
607, 150, 47749, 620196, 333327, 3333088608256.0,
608, 151, 47715, 620199, 333266, 3333088608256.0,
609, 150, 47718, 620242, 333212, 3333050335232.0,
610, 150, 47739, 620204, 333283, 3332928045056.0,
611, 151, 47729, 620122, 333330, 3333011931136.0,
612, 151, 47726, 620193, 333256, 3332916248576.0,
613, 150, 47732, 620230, 333244, 3332886626304.0,
614, 150, 47735, 620207, 333181, 3332808638464.0,
615, 153, 47734, 620159, 333311, 3332884135936.0,
616, 150, 47752, 620140, 333327, 3332865523712.0,
617, 153, 47759, 620202, 333239, 3332914413568.0,
618, 151, 47753, 620199, 333226, 3332873650176.0,
619, 153, 47744, 620163, 333291, 3332811784192.0,
620, 148, 47732, 620137, 333304, 3332796973056.0,
621, 151, 47753, 620197, 333333, 3332944297984.0,
622, 147, 47782, 620219, 333290, 3332907466752.0,
623, 154, 47735, 620226, 333243, 3332939186176.0,
624, 152, 47735, 620227, 333254, 3332909826048.0,
625, 150, 47752, 620227, 333271, 3332843372544.0,
626, 150, 47779, 620292, 333175, 3332862377984.0,
627, 148, 47756, 620282, 333202, 3333078515712.0,
628, 150, 47750, 620279, 333162, 3333076418560.0,
629, 149, 47730, 620293, 333204, 3333047713792.0,
630, 152, 47714, 620240, 333246, 3333026217984.0,
631, 152, 47727, 620312, 333176, 3333158731776.0,
632, 149, 47745, 620247, 333256, 3333060427776.0,
633, 152, 47735, 620242, 333290, 3332970905600.0,
634, 151, 47731, 620281, 333237, 3333119803392.0,
635, 149, 47691, 620345, 333232, 3333154930688.0,
636, 154, 47735, 620326, 333164, 3333262409728.0,
637, 149, 47722, 620247, 333241, 3333128323072.0,
638, 149, 47716, 620169, 333277, 3333028839424.0,
639, 151, 47734, 620178, 333333, 3333048500224.0,
640, 153, 47737, 620082, 333333, 3333049286656.0,
641, 150, 47742, 620109, 333332, 3333065015296.0,
642, 150, 47749, 620227, 333277, 3333019795456.0,
643, 148, 47710, 620157, 333302, 3332897112064.0,
644, 149, 47746, 620230, 333351, 3332912578560.0,
645, 151, 47749, 620209, 333329, 3332898160640.0,
646, 151, 47736, 620213, 333323, 3332821352448.0,
647, 150, 47746, 620136, 333322, 3332819910656.0,
648, 148, 47713, 620227, 333337, 3332802478080.0,
649, 149, 47719, 620195, 333322, 3332776263680.0,
650, 151, 47693, 620271, 333399, 3332695654400.0,
651, 150, 47716, 620190, 333322, 3332717019136.0,
652, 151, 47716, 620208, 333345, 3332864475136.0,
653, 150, 47736, 620307, 333198, 3332840357888.0,
654, 151, 47746, 620255, 333278, 3332849008640.0,
655, 153, 47749, 620232, 333241, 3332898816000.0,
656, 151, 47730, 620210, 333244, 3333028446208.0,
657, 150, 47743, 620185, 333215, 3333174067200.0,
658, 150, 47757, 620142, 333265, 3333139726336.0,
659, 150, 47776, 620184, 333287, 3333050859520.0,
660, 152, 47730, 620258, 333225, 3332932370432.0,
661, 151, 47726, 620224, 333208, 3333039325184.0,
662, 150, 47759, 620229, 333183, 3333053480960.0,
663, 151, 47773, 620175, 333253, 3332974575616.0,
664, 150, 47767, 620185, 333300, 3332978638848.0,
665, 150, 47759, 620156, 333308, 3332834590720.0,
666, 153, 47786, 620169, 333265, 3332839571456.0,
667, 151, 47804, 620276, 333221, 3332822663168.0,
668, 151, 47774, 620249, 333223, 3332842061824.0,
669, 148, 47759, 620273, 333143, 3332764073984.0,
670, 148, 47753, 620268, 333176, 3332806279168.0,
671, 150, 47734, 620250, 333196, 3332996595712.0,
672, 151, 47706, 620338, 333205, 3332964089856.0,
673, 149, 47698, 620367, 333204, 3333121245184.0,
674, 150, 47675, 620312, 333221, 3333203427328.0,
675, 151, 47711, 620293, 333173, 3333302386688.0,
676, 150, 47722, 620273, 333176, 3333259132928.0,
677, 149, 47724, 620237, 333251, 3333242748928.0,
678, 149, 47736, 620305, 333158, 3333128192000.0,
679, 149, 47763, 620281, 333258, 3332932239360.0,
680, 150, 47782, 620267, 333210, 3332949934080.0,
681, 148, 47746, 620270, 333228, 3332977328128.0,
682, 149, 47718, 620256, 333224, 3332935516160.0,
683, 150, 47717, 620263, 333227, 3333127405568.0,
684, 149, 47721, 620264, 333245, 3333304483840.0,
685, 150, 47724, 620182, 333325, 3333302517760.0,
686, 149, 47736, 620246, 333302, 3333182324736.0,
687, 152, 47745, 620162, 333324, 3333172756480.0,
688, 151, 47749, 620159, 333289, 3333109972992.0,
689, 149, 47744, 620195, 333263, 3333062131712.0,
690, 150, 47731, 620202, 333326, 3332997513216.0,
691, 151, 47689, 620175, 333288, 3333025693696.0,
692, 149, 47739, 620144, 333277, 3333070651392.0,
693, 149, 47749, 620141, 333319, 3332837998592.0,
694, 151, 47770, 620114, 333360, 3332894490624.0,
695, 152, 47753, 620164, 333305, 3332799856640.0,
696, 147, 47688, 620159, 333254, 3332811522048.0,
697, 150, 47706, 620192, 333214, 3332784914432.0,
698, 151, 47727, 620160, 333257, 3332785045504.0,
699, 155, 47736, 620247, 333176, 3332690804736.0,
700, 148, 47723, 620273, 333183, 3332667604992.0,
701, 148, 47688, 620264, 333215, 3332586078208.0,
702, 153, 47717, 620309, 333190, 3332863950848.0,
703, 152, 47731, 620262, 333214, 3333058723840.0,
704, 152, 47730, 620251, 333191, 3333110628352.0,
705, 151, 47702, 620224, 333214, 3333065670656.0,
706, 148, 47733, 620284, 333238, 3333082972160.0,
707, 150, 47742, 620213, 333242, 3333258346496.0,
708, 151, 47740, 620187, 333267, 3333209063424.0,
709, 151, 47769, 620123, 333303, 3333021892608.0,
710, 152, 47764, 620182, 333272, 3333015339008.0,
711, 151, 47759, 620215, 333258, 3332956749824.0,
712, 152, 47749, 620162, 333290, 3332825808896.0,
713, 150, 47732, 620181, 333284, 3332738777088.0,
714, 148, 47729, 620218, 333246, 3332808114176.0,
715, 152, 47745, 620209, 333316, 3332704174080.0,
716, 151, 47754, 620138, 333323, 3332844552192.0,
717, 151, 47703, 620241, 333274, 3332940103680.0,
718, 151, 47747, 620162, 333276, 3333006557184.0,
719, 151, 47727, 620227, 333185, 3333054529536.0,
