0, 1001365, 0, 0, 0, 0.0,
1, 991352, 10011, 2, 0, 0.0,
2, 980887, 10464, 10013, 0, 5344004864.0,
3, 972281, 19031, 10053, 0, 10187008512.0,
4, 965121, 25847, 10379, 0, 14626976256.0,
5, 958952, 30956, 11444, 2, 18978448384.0,
6, 953082, 34658, 13628, 13, 23755925504.0,
7, 946981, 37292, 17040, 53, 29573081088.0,
8, 940195, 39570, 21417, 157, 36928624640.0,
9, 932794, 41799, 26450, 370, 46058252288.0,
10, 924665, 44139, 31790, 733, 57078939648.0,
11, 916056, 46724, 37287, 1259, 69923217408.0,
12, 906930, 49679, 42804, 1936, 84423995392.0,
13, 897563, 52599, 48375, 2762, 100487876608.0,
14, 887989, 55470, 54126, 3722, 117947506688.0,
15, 878007, 58542, 60171, 4792, 136802107392.0,
16, 867673, 61329, 66372, 6013, 157043441664.0,
17, 857042, 64217, 72786, 7391, 178723954688.0,
18, 846051, 67039, 79392, 8988, 201695313920.0,
19, 834701, 69723, 86095, 10842, 225917837312.0,
20, 822993, 72630, 92758, 12935, 251358224384.0,
21, 811128, 75314, 99515, 15320, 277685977088.0,
22, 799292, 77735, 106284, 18008, 305244487680.0,
23, 787301, 80148, 113092, 20906, 333542031360.0,
24, 774861, 82535, 119989, 24062, 362609836032.0,
25, 762203, 84999, 126834, 27383, 392597913600.0,
26, 749638, 87154, 133786, 30892, 423273742336.0,
27, 736757, 89291, 140627, 34600, 454513410048.0,
28, 724014, 91409, 147550, 38417, 486437011456.0,
29, 711233, 93439, 154566, 42329, 518825000960.0,
30, 697871, 95452, 161614, 46346, 551803813888.0,
31, 685003, 97169, 168679, 50529, 585322528768.0,
32, 671917, 98911, 175778, 54722, 619184357376.0,
33, 658793, 100548, 182991, 58972, 653435043840.0,
34, 645831, 102061, 190179, 63321, 688067608576.0,
35, 632497, 103669, 197399, 67799, 723185205248.0,
36, 619467, 104839, 204728, 72225, 758717120512.0,
37, 606586, 105956, 212217, 76753, 794785185792.0,
38, 593494, 107141, 219541, 81305, 831193743360.0,
39, 580539, 108189, 226951, 85927, 867905994752.0,
40, 567571, 108969, 234396, 90515, 904911880192.0,
41, 554637, 109721, 241855, 95141, 942209728512.0,
42, 541664, 110420, 249359, 99801, 979648020480.0,
43, 529312, 110729, 256772, 104400, 1017289900032.0,
44, 516700, 111136, 264388, 108962, 1055494078464.0,
45, 504008, 111655, 271849, 113565, 1093671354368.0,
46, 491798, 111755, 279443, 118130, 1131863801856.0,
47, 479696, 111911, 286946, 122689, 1170503696384.0,
48, 468075, 111647, 294365, 127201, 1209422512128.0,
49, 456163, 111652, 301832, 131691, 1248389562368.0,
50, 444711, 111153, 309186, 136175, 1287388594176.0,
51, 433418, 110649, 316347, 140537, 1326550941696.0,
52, 422608, 110309, 323570, 144939, 1365483651072.0,
53, 411651, 109654, 330575, 149273, 1404528558080.0,
54, 400547, 109340, 337835, 153535, 1443281436672.0,
55, 390304, 108417, 344723, 157736, 1481766666240.0,
56, 380198, 107765, 351807, 161954, 1520576364544.0,
57, 369951, 107013, 358569, 166108, 1558838575104.0,
58, 359776, 106045, 365107, 170160, 1596967223296.0,
59, 350358, 105181, 371618, 174196, 1634884059136.0,
60, 341143, 104216, 378045, 178175, 1672466923520.0,
61, 332385, 102891, 384149, 182043, 1709659127808.0,
62, 323393, 101750, 390293, 185863, 1746460737536.0,
63, 314737, 100686, 396184, 189620, 1782936174592.0,
64, 306329, 99688, 402107, 193332, 1818497908736.0,
65, 298532, 98214, 407682, 196982, 1853379772416.0,
66, 290775, 96936, 413104, 200470, 1887821496320.0,
67, 283449, 95657, 418559, 203896, 1921988558848.0,
68, 275846, 94201, 423782, 207283, 1955347431424.0,
69, 269068, 92828, 428896, 210621, 1988286218240.0,
70, 262071, 91416, 433897, 213776, 2020931665920.0,
71, 255640, 89990, 438568, 216880, 2052923850752.0,
72, 249563, 88691, 443029, 219930, 2084189437952.0,
73, 243647, 87264, 447438, 223020, 2114513403904.0,
74, 237506, 85893, 451698, 226010, 2144144457728.0,
75, 232202, 84641, 455770, 228873, 2173435772928.0,
76, 226751, 83217, 459624, 231553, 2201433276416.0,
77, 221687, 81796, 463621, 234101, 2228691533824.0,
78, 216613, 80505, 467437, 236727, 2254867922944.0,
79, 211878, 79182, 470981, 239198, 2280958984192.0,
80, 207573, 77682, 474426, 241630, 2306352742400.0,
81, 203266, 76327, 477548, 243902, 2331446083584.0,
82, 199291, 74943, 480855, 246105, 2355130531840.0,
83, 195482, 73711, 483799, 248269, 2377937321984.0,
84, 191925, 72396, 486626, 250249, 2400549601280.0,
85, 187912, 71423, 489473, 252322, 2422296281088.0,
86, 184901, 70169, 492009, 254223, 2443759714304.0,
87, 182061, 68884, 494290, 256042, 2464100122624.0,
88, 178898, 67819, 496855, 257732, 2483199541248.0,
89, 176279, 66679, 499269, 259371, 2501925797888.0,
90, 173651, 65507, 501195, 260989, 2519762993152.0,
91, 170919, 64538, 503240, 262457, 2536881127424.0,
92, 168540, 63595, 505222, 263912, 2553733971968.0,
93, 166298, 62499, 507170, 265277, 2569920577536.0,
94, 164124, 61400, 508973, 266573, 2585793265664.0,
95, 161796, 60485, 510928, 267883, 2600341995520.0,
96, 160285, 59480, 512596, 269066, 2614246768640.0,
97, 158443, 58591, 514019, 270248, 2627424878592.0,
98, 157083, 57858, 515405, 271200, 2640696180736.0,
99, 155223, 56885, 517011, 272200, 2653207134208.0,
100, 153523, 56042, 518314, 273148, 2665288171520.0,
101, 152332, 55331, 519554, 273991, 2676960395264.0,
102, 151320, 54709, 520682, 274884, 2688132186112.0,
103, 150352, 54028, 521664, 275615, 2698717036544.0,
104, 148787, 53246, 522782, 276275, 2708974075904.0,
105, 147817, 52651, 523633, 277102, 2718568808448.0,
106, 147145, 52064, 524774, 277668, 2727933902848.0,
107, 146362, 51448, 525518, 278292, 2737189158912.0,
108, 145087, 51034, 526452, 278967, 2745636487168.0,
109, 144215, 50290, 527325, 279483, 2753349681152.0,
110, 143430, 49778, 527986, 280001, 2760908734464.0,
111, 142767, 49319, 528817, 280473, 2768340647936.0,
112, 142451, 48616, 529388, 280975, 2775041966080.0,
113, 141974, 48165, 530072, 281334, 2781385195520.0,
114, 141143, 47861, 530627, 281811, 2787328786432.0,
115, 140640, 47516, 531201, 282187, 2793178136576.0,
116, 140243, 47145, 531707, 282467, 2798748958720.0,
117, 139479, 46819, 532493, 282707, 2804056850432.0,
118, 139495, 46393, 532657, 283028, 2808908087296.0,
119, 139245, 46057, 532989, 283260, 2813715021824.0,
120, 138393, 45790, 533659, 283554, 2818283929600.0,
121, 138226, 45488, 533931, 283763, 2822570508288.0,
122, 137826, 45262, 534242, 283850, 2826477895680.0,
123, 137806, 44993, 534601, 284024, 2830661976064.0,
124, 137672, 44633, 534778, 284210, 2834027905024.0,
125, 137219, 44461, 535265, 284364, 2837441544192.0,
126, 136985, 44326, 535396, 284647, 2840612831232.0,
127, 136710, 44114, 535735, 284745, 2843576631296.0,
128, 136631, 43890, 535971, 284892, 2846101733376.0,
129, 136496, 43703, 536105, 285141, 2848724090880.0,
130, 136401, 43445, 536394, 285250, 2851163209728.0,
131, 136458, 43246, 536528, 285349, 2853373870080.0,
132, 136307, 43085, 536540, 285481, 2855834746880.0,
133, 136175, 43029, 536765, 285641, 2857969909760.0,
134, 136087, 42810, 536722, 285619, 2859998248960.0,
135, 135941, 42749, 536834, 285720, 2861682130944.0,
136, 136253, 42638, 536927, 285684, 2862808301568.0,
137, 135934, 42559, 537127, 285771, 2864452599808.0,
138, 135639, 42572, 537353, 285909, 2866040537088.0,
139, 135786, 42375, 537361, 285992, 2867632668672.0,
140, 135550, 42136, 537480, 285984, 2868675215360.0,
141, 135509, 42166, 537537, 285990, 2869865218048.0,
142, 135322, 42166, 537860, 286068, 2870915760128.0,
143, 135247, 42061, 537798, 286155, 2871702716416.0,
144, 135318, 41937, 537996, 286114, 2872819580928.0,
145, 135208, 41944, 538144, 286161, 2874041827328.0,
146, 135190, 41863, 538031, 286211, 2874756300800.0,
147, 135240, 41796, 537971, 286147, 2875723612160.0,
148, 134923, 41783, 538147, 286212, 2876744794112.0,
149, 135063, 41689, 538185, 286263, 2877215080448.0,
150, 135215, 41680, 538016, 286274, 2878194057216.0,
151, 135204, 41702, 538058, 286231, 2878692130816.0,
152, 135024, 41740, 538356, 286308, 2879001460736.0,
153, 135074, 41685, 538288, 286211, 2879790776320.0,
154, 134838, 41673, 538456, 286296, 2880314146816.0,
155, 135090, 41607, 538421, 286325, 2880885489664.0,
156, 135081, 41606, 538418, 286321, 2881334149120.0,
157, 134943, 41574, 538379, 286308, 2881820033024.0,
158, 134818, 41469, 538346, 286333, 2882208923648.0,
159, 134861, 41548, 538625, 286313, 2882467921920.0,
160, 134835, 41484, 538599, 286317, 2883208871936.0,
161, 134932, 41479, 538622, 286262, 2883388702720.0,
162, 134846, 41454, 538607, 286193, 2883591602176.0,
163, 134943, 41410, 538538, 286267, 2883854008320.0,
164, 134994, 41490, 538750, 286320, 2884033708032.0,
165, 134873, 41365, 538763, 286292, 2884128079872.0,
166, 134912, 41337, 538570, 286331, 2884152328192.0,
167, 134946, 41386, 538655, 286272, 2884471226368.0,
168, 134929, 41397, 538690, 286247, 2884851466240.0,
169, 135017, 41365, 538494, 286321, 2885046370304.0,
170, 135280, 41273, 538439, 286357, 2885052792832.0,
171, 135558, 41090, 538303, 286339, 2885575901184.0,
172, 135313, 41321, 538240, 286334, 2885585469440.0,
173, 135376, 41283, 538356, 286310, 2885380603904.0,
174, 135377, 41346, 538398, 286379, 2885589663744.0,
175, 135106, 41396, 538521, 286580, 2885454790656.0,
176, 134904, 41414, 538562, 286545, 2885430280192.0,
177, 135027, 41338, 538565, 286425, 2885168267264.0,
178, 135118, 41277, 538311, 286392, 2885022646272.0,
179, 135161, 41284, 538363, 286394, 2885243240448.0,
180, 135104, 41317, 538469, 286406, 2885451644928.0,
181, 135218, 41345, 538375, 286342, 2885285838848.0,
182, 135085, 41411, 538514, 286371, 2885240225792.0,
183, 135203, 41283, 538569, 286400, 2885175869440.0,
184, 135195, 41258, 538622, 286423, 2885222268928.0,
185, 135148, 41252, 538705, 286378, 2885036146688.0,
186, 135109, 41295, 538581, 286407, 2885206540288.0,
187, 135084, 41370, 538585, 286360, 2885627543552.0,
188, 135069, 41394, 538617, 286348, 2885904105472.0,
189, 134708, 41307, 538577, 286390, 2885958369280.0,
190, 135076, 41351, 538512, 286405, 2885893357568.0,
191, 135074, 41358, 538542, 286393, 2885982486528.0,
192, 134719, 41475, 538815, 286350, 2886006079488.0,
193, 134644, 41373, 538962, 286278, 2886085902336.0,
194, 134876, 41278, 538839, 286288, 2885887983616.0,
195, 134945, 41303, 539027, 286318, 2886299287552.0,
196, 135009, 41303, 538752, 286333, 2886585155584.0,
197, 135077, 41258, 538803, 286277, 2886528925696.0,
198, 135027, 41313, 538750, 286245, 2886624215040.0,
199, 134969, 41236, 538901, 286269, 2886686474240.0,
200, 134804, 41240, 538904, 286296, 2886903922688.0,
201, 135157, 41212, 538743, 286322, 2886947307520.0,
202, 134994, 41260, 538715, 286313, 2886852673536.0,
203, 134832, 41347, 538740, 286344, 2886638501888.0,
204, 134824, 41375, 538782, 286398, 2886872989696.0,
205, 134756, 41264, 538832, 286375, 2886741524480.0,
206, 135186, 41376, 538791, 286529, 2886978240512.0,
207, 134939, 41433, 538784, 286519, 2887042465792.0,
208, 134836, 41362, 538837, 286486, 2887120191488.0,
209, 135054, 41286, 538734, 286513, 2886888456192.0,
210, 134961, 41157, 538575, 286540, 2886681493504.0,
211, 135159, 41233, 538737, 286428, 2886093242368.0,
212, 134951, 41266, 538456, 286471, 2886406897664.0,
213, 135136, 41151, 538582, 286559, 2886112641024.0,
214, 135178, 41305, 538643, 286504, 2886045925376.0,
215, 135057, 41229, 538521, 286447, 2886225887232.0,
216, 135198, 41249, 538582, 286434, 2886203080704.0,
217, 135002, 41379, 538542, 286315, 2886372163584.0,
218, 135493, 41335, 538391, 286441, 2886591184896.0,
219, 135483, 41335, 538237, 286392, 2886621986816.0,
220, 135441, 41296, 538313, 286333, 2886617661440.0,
221, 135295, 41285, 538466, 286389, 2886527352832.0,
222, 135370, 41257, 538428, 286369, 2885952339968.0,
223, 135021, 41423, 538610, 286365, 2885817466880.0,
224, 135079, 41302, 538566, 286354, 2885579833344.0,
225, 135283, 41148, 538373, 286399, 2885720080384.0,
226, 135350, 41258, 538167, 286232, 2886038978560.0,
227, 135150, 41347, 538416, 286282, 2886260752384.0,
228, 135356, 41336, 538555, 286289, 2886416990208.0,
229, 135120, 41276, 538445, 286286, 2885871730688.0,
230, 134928, 41361, 538607, 286278, 2885856264192.0,
231, 135170, 41336, 538838, 286272, 2885876842496.0,
232, 135025, 41385, 538639, 286389, 2886292865024.0,
233, 134933, 41358, 538559, 286393, 2886299287552.0,
234, 134929, 41367, 538739, 286352, 2886732480512.0,
235, 134985, 41322, 538745, 286314, 2887136444416.0,
236, 135341, 41221, 538613, 286282, 2887237369856.0,
237, 135460, 41262, 538624, 286230, 2887089127424.0,
238, 135259, 41211, 538582, 286263, 2886616350720.0,
239, 135206, 41188, 538716, 286302, 2886202818560.0,
240, 135291, 41210, 538539, 286301, 2886338740224.0,
241, 135142, 41254, 538704, 286347, 2886331924480.0,
242, 134949, 41344, 538785, 286292, 2885988646912.0,
243, 134942, 41256, 538732, 286362, 2886124830720.0,
244, 135123, 41244, 538614, 286361, 2886155108352.0,
245, 135262, 41330, 538517, 286480, 2885967151104.0,
246, 134813, 41305, 538500, 286493, 2886156550144.0,
247, 135082, 41384, 538513, 286442, 2886432063488.0,
248, 135106, 41294, 538603, 286377, 2886416728064.0,
249, 135262, 41359, 538625, 286360, 2886131253248.0,
250, 135128, 41252, 538523, 286330, 2886291292160.0,
251, 135279, 41330, 538340, 286396, 2885819826176.0,
252, 135281, 41313, 538479, 286441, 2886156812288.0,
253, 134970, 41356, 538701, 286376, 2886015123456.0,
254, 135019, 41297, 538743, 286329, 2886070304768.0,
255, 135390, 41242, 538675, 286328, 2885933203456.0,
256, 135376, 41230, 538665, 286245, 2885989433344.0,
257, 135031, 41270, 538656, 286192, 2886051299328.0,
258, 135009, 41336, 538521, 286288, 2886139641856.0,
259, 135123, 41314, 538722, 286277, 2886263635968.0,
260, 135000, 41293, 538770, 286234, 2886777176064.0,
261, 134991, 41346, 538781, 286236, 2886825017344.0,
262, 135220, 41273, 538701, 286236, 2886523420672.0,
263, 135247, 41210, 538591, 286244, 2886384484352.0,
264, 135452, 41203, 538589, 286180, 2886336512000.0,
265, 135347, 41263, 538536, 286237, 2886064406528.0,
266, 135100, 41390, 538675, 286290, 2886169919488.0,
267, 135057, 41330, 538572, 286211, 2886010798080.0,
268, 135130, 41233, 538762, 286316, 2886703513600.0,
269, 135072, 41283, 538569, 286312, 2886300073984.0,
270, 135248, 41243, 538496, 286365, 2886216318976.0,
271, 135091, 41245, 538461, 286410, 2886744276992.0,
272, 134989, 41230, 538669, 286510, 2887045218304.0,
273, 134998, 41321, 538631, 286472, 2886723174400.0,
274, 135234, 41337, 538740, 286471, 2886831702016.0,
275, 135456, 41242, 538570, 286393, 2886942982144.0,
276, 135162, 41274, 538643, 286382, 2886966312960.0,
277, 135550, 41232, 538422, 286400, 2886756597760.0,
278, 135505, 41266, 538450, 286439, 2886522241024.0,
279, 135324, 41232, 538440, 286423, 2886670483456.0,
280, 135339, 41336, 538410, 286364, 2886376357888.0,
281, 135138, 41324, 538459, 286456, 2886454476800.0,
282, 134894, 41353, 538520, 286479, 2886471647232.0,
283, 134792, 41463, 538774, 286465, 2886176342016.0,
284, 135022, 41370, 538767, 286487, 2886230081536.0,
285, 135193, 41359, 538603, 286389, 2886328385536.0,
286, 135153, 41342, 538797, 286423, 2886323666944.0,
287, 135193, 41272, 538540, 286354, 2886385401856.0,
288, 135144, 41337, 538627, 286332, 2886168084480.0,
289, 135378, 41231, 538695, 286237, 2886222872576.0,
290, 135219, 41162, 538627, 286250, 2886048415744.0,
291, 135413, 41191, 538613, 286171, 2885789810688.0,
292, 135687, 41249, 538315, 286136, 2885888114688.0,
293, 135408, 41315, 538593, 286101, 2885884051456.0,
294, 135657, 41322, 538386, 286140, 2885930188800.0,
295, 135608, 41157, 538428, 286186, 2885977505792.0,
296, 135532, 41214, 538501, 286197, 2885958238208.0,
297, 135685, 41129, 538352, 286305, 2885929926656.0,
298, 135519, 41282, 538467, 286342, 2885787713536.0,
299, 135551, 41298, 538304, 286235, 2885937528832.0,
300, 135235, 41339, 538276, 286250, 2885797281792.0,
301, 135240, 41425, 538475, 286240, 2885652971520.0,
302, 134978, 41442, 538639, 286241, 2885426348032.0,
303, 135255, 41446, 538562, 286290, 2885375361024.0,
304, 135002, 41404, 538596, 286286, 2885181112320.0,
305, 134748, 41408, 538719, 286312, 2885241274368.0,
306, 135146, 41340, 538715, 286315, 2885346131968.0,
307, 135118, 41299, 538773, 286268, 2885351505920.0,
308, 135072, 41225, 538629, 286269, 2885520850944.0,
309, 135132, 41312, 538854, 286256, 2885893488640.0,
310, 135205, 41235, 538648, 286254, 2886295617536.0,
311, 135168, 41322, 538688, 286328, 2886255378432.0,
312, 134930, 41331, 538786, 286295, 2886652526592.0,
313, 134853, 41264, 538601, 286255, 2886741655552.0,
314, 135112, 41269, 538736, 286258, 2886492487680.0,
315, 135269, 41237, 538540, 286215, 2886541901824.0,
316, 135246, 41318, 538598, 286390, 2886563921920.0,
317, 135035, 41301, 538604, 286330, 2886286049280.0,
318, 135001, 41238, 538656, 286310, 2886540066816.0,
319, 135047, 41273, 538531, 286324, 2886367051776.0,
320, 135229, 41286, 538616, 286392, 2886313050112.0,
321, 135120, 41280, 538667, 286323, 2886415548416.0,
322, 135138, 41321, 538769, 286332, 2886405062656.0,
323, 135057, 41249, 538764, 286323, 2885973311488.0,
324, 135182, 41249, 538846, 286291, 2886107004928.0,
325, 135291, 41277, 538697, 286255, 2885820743680.0,
326, 135149, 41214, 538615, 286301, 2886391955456.0,
327, 135192, 41291, 538549, 286255, 2886701285376.0,
328, 135068, 41316, 538610, 286275, 2886685949952.0,
329, 135166, 41218, 538606, 286354, 2886868926464.0,
330, 135402, 41335, 538403, 286284, 2886668648448.0,
331, 135119, 41330, 538495, 286253, 2886479904768.0,
332, 135472, 41251, 538301, 286338, 2886733266944.0,
333, 135279, 41212, 538429, 286301, 2886509133824.0,
334, 134808, 41362, 538783, 286293, 2886301384704.0,
335, 135309, 41293, 538557, 286246, 2886299418624.0,
336, 135650, 41318, 538541, 286290, 2885869895680.0,
337, 135163, 41333, 538870, 286310, 2885897158656.0,
338, 134998, 41299, 538714, 286327, 2886094815232.0,
339, 135212, 41399, 538655, 286324, 2885863866368.0,
340, 135329, 41279, 538738, 286276, 2885949063168.0,
341, 135359, 41384, 538749, 286164, 2886323535872.0,
342, 135058, 41360, 538741, 286189, 2886499041280.0,
343, 135073, 41394, 538802, 286215, 2886697615360.0,
344, 135139, 41426, 538723, 286222, 2886534168576.0,
345, 135092, 41340, 538888, 286246, 2886638108672.0,
346, 135127, 41235, 538879, 286145, 2886780846080.0,
347, 135522, 41302, 538867, 286265, 2886679789568.0,
348, 135325, 41234, 538732, 286242, 2886612680704.0,
349, 135255, 41261, 538587, 286236, 2886561038336.0,
350, 135180, 41316, 538600, 286286, 2886408863744.0,
351, 134987, 41258, 538560, 286288, 2886409912320.0,
352, 135398, 41168, 538421, 286276, 2886265077760.0,
353, 135399, 41153, 538474, 286329, 2886272024576.0,
354, 135336, 41215, 538519, 286292, 2886165331968.0,
355, 135253, 41182, 538606, 286242, 2885943558144.0,
356, 135287, 41281, 538453, 286225, 2885697536000.0,
357, 135460, 41247, 538424, 286357, 2885617713152.0,
358, 135559, 41218, 538434, 286301, 2885791383552.0,
359, 135306, 41247, 538450, 286330, 2885956927488.0,
360, 135172, 41214, 538427, 286281, 2885915901952.0,
361, 135333, 41356, 538379, 286298, 2885939757056.0,
362, 135289, 41391, 538267, 286330, 2885809471488.0,
363, 134815, 41382, 538259, 286355, 2885832409088.0,
364, 134920, 41338, 538580, 286464, 2885868978176.0,
365, 134661, 41303, 538672, 286340, 2885455183872.0,
366, 134906, 41280, 538656, 286370, 2885421760512.0,
367, 134754, 41390, 538884, 286371, 2885266964480.0,
368, 134905, 41391, 538867, 286333, 2885957976064.0,
369, 134993, 41356, 538838, 286317, 2886166118400.0,
370, 134990, 41307, 538768, 286258, 2886135185408.0,
371, 135130, 41306, 538521, 286240, 2886046449664.0,
372, 135084, 41171, 538651, 286227, 2886137282560.0,
373, 134770, 41326, 538744, 286262, 2886131908608.0,
374, 134671, 41251, 538785, 286287, 2886144360448.0,
375, 134855, 41301, 538791, 286190, 2886335332352.0,
376, 135091, 41234, 538743, 286280, 2885979340800.0,
377, 135327, 41183, 538596, 286302, 2886116442112.0,
378, 135416, 41134, 538545, 286286, 2886451331072.0,
379, 135441, 41236, 538544, 286214, 2886939836416.0,
380, 135321, 41265, 538727, 286271, 2886567591936.0,
381, 135099, 41255, 538757, 286257, 2886045925376.0,
382, 135314, 41279, 538647, 286223, 2885681545216.0,
383, 135553, 41261, 538464, 286221, 2885469863936.0,
384, 135219, 41313, 538721, 286176, 2885596610560.0,
385, 135773, 41167, 538466, 286231, 2885934645248.0,
386, 135562, 41210, 538447, 286138, 2886016565248.0,
387, 135283, 41202, 538648, 286254, 2885927305216.0,
388, 135469, 41317, 538560, 286261, 2886203604992.0,
389, 135464, 41329, 538510, 286244, 2886077644800.0,
390, 135513, 41372, 538309, 286254, 2886035308544.0,
391, 135441, 41341, 538268, 286259, 2885730435072.0,
392, 135578, 41298, 538443, 286384, 2885688229888.0,
393, 135495, 41290, 538237, 286316, 2885650350080.0,
394, 135073, 41431, 538527, 286315, 2885382569984.0,
395, 135121, 41361, 538609, 286290, 2885467635712.0,
396, 134906, 41427, 538685, 286269, 2885656772608.0,
397, 134894, 41362, 538797, 286304, 2885908824064.0,
398, 134918, 41357, 538765, 286422, 2885917999104.0,
399, 134803, 41368, 538668, 286338, 2885743542272.0,
400, 135067, 41360, 538724, 286340, 2885862686720.0,
401, 134859, 41392, 538958, 286303, 2886207275008.0,
402, 135017, 41370, 538916, 286289, 2885980389376.0,
403, 135001, 41371, 538846, 286324, 2886037667840.0,
404, 134864, 41398, 538819, 286296, 2886279495680.0,
405, 134931, 41339, 538799, 286252, 2886464569344.0,
406, 135154, 41197, 538809, 286292, 2886830784512.0,
407, 134918, 41202, 538679, 286288, 2886611632128.0,
408, 134889, 41173, 538789, 286265, 2886582403072.0,
409, 135402, 41214, 538689, 286354, 2886757384192.0,
410, 135195, 41156, 538764, 286256, 2886937870336.0,
411, 134968, 41238, 538784, 286376, 2887057408000.0,
412, 135276, 41285, 538551, 286351, 2886707707904.0,
413, 135405, 41245, 538455, 286259, 2886738247680.0,
414, 135586, 41207, 538244, 286315, 2886628409344.0,
415, 135388, 41285, 538456, 286374, 2886596558848.0,
416, 135256, 41230, 538538, 286436, 2886507036672.0,
417, 135266, 41167, 538363, 286276, 2886429704192.0,
418, 135554, 41166, 538411, 286391, 2886516867072.0,
419, 135423, 41221, 538239, 286366, 2886490783744.0,
420, 135720, 41276, 538145, 286314, 2886526435328.0,
421, 135514, 41339, 538189, 286274, 2885997166592.0,
422, 135772, 41320, 538132, 286356, 2885891129344.0,
423, 135680, 41365, 538165, 286299, 2885519015936.0,
424, 135463, 41271, 538062, 286274, 2885407342592.0,
425, 135600, 41368, 538184, 286278, 2885130256384.0,
426, 135529, 41333, 538208, 286334, 2885047681024.0,
427, 135489, 41278, 538171, 286259, 2885025923072.0,
428, 135584, 41133, 538158, 286324, 2884700078080.0,
429, 135715, 41220, 538321, 286287, 2884866670592.0,
430, 135416, 41376, 538349, 286268, 2885202083840.0,
431, 135414, 41352, 538342, 286275, 2885278760960.0,
432, 135241, 41343, 538454, 286179, 2885575507968.0,
433, 135527, 41349, 538507, 286134, 2885527273472.0,
434, 135405, 41363, 538494, 286190, 2885563842560.0,
435, 135461, 41307, 538401, 286077, 2885410750464.0,
436, 135439, 41293, 538464, 286078, 2885303009280.0,
437, 135371, 41329, 538505, 286073, 2884875976704.0,
438, 135757, 41268, 538391, 286075, 2884443570176.0,
439, 135503, 41204, 538422, 286055, 2884474503168.0,
440, 135244, 41336, 538693, 286156, 2884468080640.0,
441, 135449, 41305, 538660, 286131, 2884680941568.0,
442, 135644, 41295, 538644, 286103, 2884880171008.0,
443, 135572, 41299, 538479, 286099, 2885243240448.0,
444, 135511, 41256, 538357, 286186, 2885342068736.0,
445, 135355, 41379, 538595, 286211, 2885252546560.0,
446, 135220, 41358, 538859, 286165, 2884951343104.0,
447, 135482, 41296, 538343, 286185, 2885225283584.0,
448, 135228, 41318, 538464, 286201, 2885333549056.0,
449, 135300, 41381, 538489, 286256, 2885268799488.0,
450, 135291, 41196, 538398, 286271, 2884982013952.0,
451, 135209, 41228, 538708, 286253, 2884883185664.0,
452, 135366, 41175, 538503, 286299, 2885167874048.0,
453, 135666, 41173, 538434, 286319, 2885268013056.0,
454, 135446, 41209, 538343, 286332, 2885163548672.0,
455, 135182, 41308, 538544, 286311, 2885297504256.0,
456, 134987, 41324, 538530, 286320, 2884984111104.0,
457, 135095, 41384, 538419, 286321, 2884883054592.0,
458, 135356, 41333, 538369, 286248, 2885157912576.0,
459, 135340, 41291, 538373, 286246, 2885628592128.0,
460, 135547, 41359, 538327, 286234, 2886006079488.0,
461, 135743, 41304, 538252, 286179, 2885472223232.0,
462, 135545, 41402, 538209, 286164, 2885486116864.0,
463, 135181, 41390, 538626, 286135, 2885447843840.0,
464, 135435, 41270, 538433, 286127, 2885217943552.0,
465, 135384, 41237, 538642, 286104, 2885335646208.0,
466, 135497, 41289, 538511, 286243, 2885207064576.0,
467, 135233, 41306, 538607, 286232, 2885218861056.0,
468, 135686, 41167, 538614, 286195, 2885490180096.0,
469, 135414, 41257, 538529, 286193, 2885341806592.0,
470, 135289, 41319, 538570, 286213, 2885511020544.0,
471, 135377, 41244, 538622, 286150, 2885493194752.0,
472, 135693, 41167, 538288, 286180, 2885676957696.0,
473, 135591, 41280, 538338, 286142, 2885840928768.0,
474, 135408, 41347, 538377, 286229, 2885744590848.0,
475, 135420, 41235, 538477, 286205, 2885630033920.0,
476, 135115, 41420, 538558, 286131, 2885520850944.0,
477, 135163, 41392, 538607, 286118, 2885688098816.0,
478, 134910, 41351, 538780, 286186, 2885846695936.0,
479, 135226, 41332, 538731, 286248, 2885909086208.0,
480, 135489, 41238, 538622, 286291, 2886040682496.0,
481, 135604, 41227, 538500, 286240, 2886337560576.0,
482, 135321, 41238, 538566, 286185, 2885835685888.0,
483, 135440, 41293, 538534, 286283, 2885897027584.0,
484, 135244, 41260, 538594, 286277, 2885686394880.0,
485, 135680, 41229, 538480, 286241, 2885784436736.0,
486, 135403, 41193, 538463, 286242, 2885705007104.0,
487, 135379, 41310, 538560, 286321, 2885816680448.0,
488, 135320, 41271, 538525, 286284, 2885708152832.0,
489, 135124, 41343, 538538, 286284, 2885691113472.0,
490, 135238, 41259, 538829, 286315, 2886061260800.0,
491, 135170, 41325, 538441, 286292, 2885979078656.0,
492, 135466, 41177, 538414, 286330, 2885889687552.0,
493, 135347, 41253, 538431, 286382, 2885561483264.0,
494, 135072, 41337, 538509, 286461, 2885515345920.0,
495, 135169, 41264, 538360, 286409, 2885616664576.0,
496, 135110, 41367, 538709, 286434, 2885752061952.0,
497, 135417, 41282, 538375, 286445, 2885757435904.0,
498, 135158, 41291, 538429, 286384, 2885540380672.0,
499, 135252, 41254, 538373, 286338, 2885420843008.0,
500, 135469, 41292, 538324, 286406, 2885610897408.0,
501, 135366, 41279, 538478, 286367, 2885494505472.0,
502, 135231, 41415, 538599, 286309, 2885513379840.0,
503, 135134, 41369, 538593, 286259, 2885292523520.0,
504, 135221, 41320, 538731, 286283, 2885636718592.0,
505, 134904, 41370, 538681, 286289, 2885525962752.0,
506, 135125, 41299, 538718, 286174, 2885787713536.0,
507, 135155, 41233, 538695, 286230, 2885676564480.0,
508, 135172, 41272, 538455, 286210, 2885828083712.0,
509, 135423, 41194, 538520, 286228, 2885723095040.0,
510, 135275, 41265, 538528, 286252, 2885686394880.0,
511, 135437, 41152, 538564, 286226, 2886297190400.0,
512, 135283, 41274, 538351, 286228, 2886423150592.0,
513, 135209, 41257, 538623, 286198, 2885842894848.0,
514, 135527, 41211, 538605, 286144, 2885844729856.0,
515, 135371, 41265, 538478, 286188, 2886377537536.0,
516, 135252, 41380, 538513, 286190, 2886437830656.0,
517, 135299, 41287, 538615, 286178, 2886543998976.0,
518, 135294, 41262, 538465, 286215, 2886376095744.0,
519, 135185, 41259, 538504, 286265, 2886736281600.0,
520, 135490, 41221, 538384, 286248, 2886410567680.0,
521, 135424, 41265, 538574, 286241, 2886068076544.0,
522, 135299, 41322, 538414, 286250, 2886198624256.0,
523, 135327, 41276, 538359, 286344, 2886249873408.0,
524, 135661, 41136, 538165, 286351, 2885944213504.0,
525, 135418, 41252, 538329, 286348, 2885933072384.0,
526, 135430, 41280, 538328, 286329, 2885252153344.0,
527, 135237, 41319, 538541, 286300, 2885129207808.0,
528, 135393, 41281, 538422, 286325, 2885159616512.0,
529, 135502, 41232, 538364, 286311, 2884796547072.0,
530, 135243, 41219, 538337, 286337, 2884661673984.0,
531, 135633, 41130, 538179, 286285, 2884715151360.0,
532, 135252, 41261, 538377, 286250, 2884716462080.0,
533, 135071, 41367, 538561, 286280, 2885093949440.0,
534, 135142, 41342, 538735, 286200, 2885325553664.0,
535, 135206, 41368, 538728, 286125, 2885546278912.0,
536, 135390, 41272, 538631, 286257, 2885564366848.0,
537, 135157, 41253, 538601, 286275, 2885436571648.0,
538, 135277, 41351, 538684, 286261, 2885821792256.0,
539, 135023, 41275, 538573, 286232, 2886247120896.0,
540, 135272, 41208, 538508, 286243, 2886118801408.0,
541, 135228, 41282, 538474, 286276, 2885808685056.0,
542, 135138, 41280, 538640, 286270, 2885937659904.0,
543, 135134, 41201, 538591, 286264, 2885864521728.0,
544, 135431, 41248, 538577, 286290, 2885694521344.0,
545, 134989, 41190, 538538, 286209, 2885755863040.0,
546, 135388, 41191, 538534, 286212, 2885845778432.0,
547, 135330, 41254, 538525, 286285, 2885909872640.0,
548, 135380, 41180, 538452, 286338, 2885843812352.0,
549, 135307, 41186, 538419, 286251, 2885741576192.0,
550, 135420, 41256, 538426, 286235, 2885608669184.0,
551, 135465, 41291, 538344, 286290, 2885534744576.0,
552, 135716, 41275, 538290, 286300, 2885660835840.0,
553, 135500, 41223, 538191, 286276, 2885528715264.0,
554, 135451, 41223, 538315, 286259, 2885596610560.0,
555, 135403, 41355, 538411, 286222, 2885257789440.0,
556, 135357, 41387, 538340, 286195, 2885006000128.0,
557, 135418, 41336, 538433, 286204, 2885054758912.0,
558, 135583, 41381, 538331, 286197, 2885029199872.0,
559, 135140, 41375, 538478, 286289, 2884780556288.0,
560, 135131, 41327, 538589, 286253, 2884828004352.0,
561, 135256, 41300, 538517, 286227, 2885121474560.0,
562, 135659, 41270, 538446, 286331, 2885148082176.0,
563, 135226, 41279, 538479, 286285, 2885175607296.0,
564, 135664, 41162, 538196, 286328, 2884955144192.0,
565, 136068, 41274, 538107, 286337, 2884870733824.0,
566, 135748, 41207, 538074, 286294, 2885252546560.0,
567, 135372, 41320, 538359, 286316, 2885197234176.0,
568, 135565, 41301, 538356, 286325, 2885071011840.0,
569, 135402, 41279, 538413, 286285, 2885110333440.0,
570, 135035, 41346, 538715, 286315, 2885003378688.0,
571, 135288, 41257, 538556, 286360, 2884994727936.0,
572, 135289, 41235, 538575, 286375, 2885376409600.0,
573, 135244, 41249, 538482, 286281, 2885464752128.0,
574, 135965, 41172, 538379, 286280, 2885435654144.0,
575, 135697, 41207, 538402, 286238, 2885658345472.0,
576, 135697, 41246, 538288, 286220, 2885722701824.0,
577, 135757, 41263, 538292, 286142, 2885938446336.0,
578, 135652, 41289, 538385, 286094, 2885664505856.0,
579, 135723, 41361, 538331, 286119, 2885727813632.0,
580, 135612, 41302, 538360, 286283, 2885621907456.0,
581, 135286, 41317, 538457, 286292, 2885496209408.0,
582, 135328, 41388, 538506, 286235, 2885239832576.0,
583, 135455, 41374, 538562, 286211, 2885396725760.0,
584, 135404, 41397, 538677, 286164, 2885465669632.0,
585, 135354, 41292, 538631, 286182, 2885543788544.0,
586, 135356, 41258, 538536, 286150, 2885561352192.0,
587, 135286, 41250, 538504, 286262, 2885826510848.0,
588, 135104, 41311, 538662, 286249, 2885370642432.0,
589, 135093, 41373, 538773, 286210, 2885545623552.0,
590, 134999, 41490, 538932, 286253, 2885619941376.0,
591, 135245, 41347, 538725, 286251, 2885763727360.0,
592, 135274, 41278, 538516, 286280, 2885693865984.0,
593, 135256, 41333, 538624, 286275, 2885664505856.0,
594, 135396, 41358, 538498, 286302, 2885883789312.0,
595, 135305, 41307, 538530, 286288, 2885962301440.0,
596, 135161, 41292, 538654, 286274, 2885716672512.0,
597, 135375, 41162, 538587, 286227, 2885691768832.0,
598, 135405, 41248, 538424, 286233, 2885362122752.0,
599, 135147, 41256, 538706, 286315, 2885529894912.0,
600, 135441, 41238, 538499, 286290, 2885773033472.0,
601, 135577, 41242, 538239, 286292, 2885949849600.0,
602, 135725, 41215, 538298, 286215, 2886039764992.0,
603, 135288, 41327, 538401, 286234, 2885667520512.0,
604, 135139, 41426, 538534, 286267, 2885425168384.0,
605, 134915, 41434, 538567, 286411, 2885571969024.0,
606, 135359, 41254, 538577, 286221, 2885490573312.0,
607, 135461, 41298, 538434, 286340, 2885522685952.0,
608, 135542, 41288, 538429, 286308, 2885315067904.0,
609, 135432, 41302, 538516, 286307, 2885393055744.0,
610, 135357, 41223, 538643, 286382, 2885662932992.0,
611, 135531, 41314, 538562, 286452, 2885692424192.0,
612, 135426, 41170, 538573, 286375, 2885629902848.0,
613, 135387, 41325, 538605, 286336, 2885824282624.0,
614, 135274, 41302, 538593, 286391, 2886061522944.0,
615, 135147, 41339, 538475, 286325, 2886282117120.0,
616, 135318, 41276, 538382, 286377, 2885983141888.0,
617, 135257, 41421, 538410, 286345, 2886158123008.0,
618, 135295, 41326, 538277, 286204, 2885990875136.0,
619, 135472, 41247, 538381, 286137, 2885631606784.0,
620, 135130, 41426, 538546, 286171, 2885637898240.0,
621, 135007, 41313, 538631, 286234, 2885687312384.0,
622, 135069, 41316, 538519, 286260, 2885672501248.0,
623, 135368, 41324, 538465, 286181, 2885514952704.0,
624, 135278, 41267, 538434, 286255, 2885407473664.0,
625, 135484, 41222, 538382, 286189, 2885310873600.0,
626, 135212, 41307, 538499, 286267, 2885576294400.0,
627, 135293, 41157, 538542, 286227, 2885530943488.0,
628, 135348, 41368, 538559, 286317, 2885717458944.0,
629, 135215, 41384, 538538, 286344, 2885463703552.0,
630, 134986, 41444, 538679, 286316, 2885516132352.0,
631, 134912, 41345, 538767, 286253, 2885666340864.0,
632, 134808, 41321, 538924, 286235, 2885584945152.0,
633, 134984, 41297, 538856, 286266, 2886068862976.0,
634, 134724, 41352, 538989, 286218, 2886268878848.0,
635, 134974, 41372, 538843, 286251, 2886602063872.0,
636, 134931, 41331, 538842, 286393, 2886656065536.0,
637, 134954, 41269, 538750, 286256, 2886876397568.0,
638, 135184, 41133, 538691, 286246, 2886641647616.0,
639, 135352, 41076, 538529, 286213, 2886733135872.0,
640, 135359, 41180, 538580, 286242, 2886660390912.0,
641, 135190, 41224, 538447, 286286, 2886312001536.0,
642, 135230, 41130, 538489, 286233, 2886289063936.0,
643, 135406, 41231, 538434, 286346, 2886476365824.0,
644, 135226, 41233, 538448, 286362, 2886648463360.0,
645, 135471, 41171, 538387, 286309, 2886344507392.0,
646, 135415, 41152, 538331, 286304, 2886038716416.0,
647, 135712, 41120, 538260, 286265, 2886092587008.0,
648, 135642, 41196, 538273, 286261, 2886270844928.0,
649, 135657, 41218, 538279, 286267, 2886364692480.0,
650, 135560, 41291, 538068, 286294, 2885800689664.0,
651, 135139, 41382, 538311, 286244, 2885430411264.0,
652, 135190, 41442, 538439, 286238, 2885417041920.0,
653, 134995, 41464, 538645, 286249, 2885696749568.0,
654, 135041, 41515, 538726, 286370, 2885752717312.0,
655, 134978, 41426, 538709, 286313, 2885689147392.0,
656, 134963, 41389, 538623, 286308, 2885950636032.0,
657, 135281, 41326, 538477, 286295, 2885927567360.0,
658, 135116, 41321, 538540, 286359, 2885816549376.0,
659, 135089, 41258, 538721, 286348, 2885872779264.0,
660, 135428, 41248, 538570, 286324, 2885851021312.0,
661, 135201, 41206, 538221, 286279, 2886095339520.0,
662, 135718, 41211, 538379, 286236, 2885913804800.0,
663, 135649, 41203, 538484, 286258, 2885759533056.0,
664, 135747, 41187, 538383, 286153, 2885674467328.0,
665, 135466, 41281, 538480, 286096, 2885511413760.0,
666, 135468, 41336, 538428, 286199, 2885824544768.0,
667, 135397, 41400, 538355, 286147, 2886155894784.0,
668, 135241, 41292, 538362, 286141, 2885996904448.0,
669, 135458, 41305, 538399, 286215, 2885906989056.0,
670, 135588, 41274, 538356, 286164, 2885791776768.0,
671, 135165, 41254, 538495, 286244, 2885550211072.0,
672, 135315, 41208, 538586, 286217, 2885379424256.0,
673, 135131, 41300, 538613, 286246, 2885221744640.0,
674, 135044, 41211, 538752, 286210, 2885251497984.0,
675, 135452, 41264, 538735, 286207, 2885365268480.0,
676, 134967, 41222, 538767, 286208, 2885476548608.0,
677, 135117, 41171, 538907, 286238, 2885687574528.0,
678, 135295, 41256, 538648, 286272, 2885886148608.0,
679, 135086, 41277, 538675, 286229, 2886612549632.0,
680, 135306, 41203, 538559, 286281, 2886645841920.0,
681, 135410, 41183, 538479, 286252, 2886526042112.0,
682, 135363, 41200, 538574, 286260, 2886490783744.0,
683, 135386, 41227, 538466, 286301, 2886261276672.0,
684, 135057, 41328, 538431, 286299, 2886366789632.0,
685, 135409, 41258, 538382, 286297, 2885908168704.0,
686, 135168, 41415, 538539, 286250, 2885750489088.0,
687, 135532, 41193, 538401, 286311, 2885806587904.0,
688, 135538, 41185, 538270, 286288, 2885446533120.0,
689, 135929, 41257, 538171, 286291, 2885504598016.0,
690, 135663, 41228, 538114, 286190, 2885724930048.0,
691, 135612, 41229, 538166, 286211, 2885670141952.0,
692, 135362, 41253, 538251, 286255, 2885290819584.0,
693, 135480, 41269, 538153, 286189, 2885075468288.0,
694, 135605, 41250, 538189, 286299, 2884902322176.0,
695, 135825, 41207, 537981, 286309, 2884615536640.0,
696, 135571, 41351, 538290, 286349, 2884071063552.0,
697, 135481, 41301, 538217, 286344, 2883930161152.0,
698, 135633, 41244, 538240, 286341, 2883926622208.0,
699, 135355, 41317, 538406, 286145, 2884011163648.0,
700, 135434, 41345, 538359, 286308, 2884130832384.0,
701, 135229, 41370, 538429, 286328, 2883915743232.0,
702, 135133, 41355, 538525, 286172, 2883799351296.0,
703, 135064, 41393, 538627, 286262, 2883864625152.0,
704, 135409, 41296, 538539, 286175, 2884337926144.0,
705, 135746, 41269, 538468, 286135, 2884724457472.0,
706, 135396, 41203, 538409, 286202, 2884782653440.0,
707, 135453, 41284, 538318, 286147, 2884776230912.0,
708, 135285, 41306, 538467, 286176, 2884599414784.0,
709, 135363, 41230, 538504, 286111, 2885032214528.0,
710, 135508, 41222, 538389, 286088, 2885032869888.0,
711, 135541, 41223, 538347, 286155, 2884995776512.0,
712, 135595, 41182, 538163, 286147, 2885059084288.0,
713, 135255, 41197, 538449, 286233, 2885053710336.0,
714, 135351, 41283, 538683, 286198, 2885151752192.0,
715, 135467, 41281, 538515, 286283, 2885186486272.0,
716, 135160, 41402, 538599, 286220, 2885180850176.0,
717, 135141, 41380, 538635, 286275, 2885022384128.0,
718, 135213, 41307, 538704, 286276, 2885327388672.0,
719, 135179, 41260, 538523, 286336, 2885555978240.0,
