0, 1001365, 0, 0, 0, 0.0,
2, 991352, 10013, 0, 0, 0.0,
3, 991352, 10013, 0, 0, 0.0,
4, 991352, 10013, 0, 0, 0.0,
5, 991352, 10013, 0, 0, 0.0,
6, 991352, 10013, 0, 0, 0.0,
7, 991352, 10013, 0, 0, 0.0,
8, 991352, 10013, 0, 0, 0.0,
9, 991320, 10045, 0, 0, 0.0,
10, 990985, 10375, 5, 0, 119.83886749999999,
11, 988581, 12755, 26, 0, 833.22641,
12, 977684, 23583, 101, 0, 3759.0695800000003,
13, 940677, 60378, 308, 0, 13278.572754,
14, 843026, 157574, 749, 0, 37652.392578,
15, 655555, 344292, 1500, 0, 88303.257813,
16, 407209, 591609, 2574, 0, 176915.5625,
17, 186888, 810636, 3877, 0, 309662.421875,
18, 59452, 936608, 5262, 0, 485926.0,
19, 13317, 981526, 6579, 0, 696726.65625,
20, 2128, 991476, 7735, 0, 926482.03125,
21, 301, 992309, 8735, 0, 1163957.0625,
22, 38, 991466, 9854, 0, 1407543.6875,
23, 0, 989557, 11800, 0, 1675558.5625,
24, 0, 985124, 16233, 0, 2048351.875,
25, 0, 975053, 26311, 0, 2717429.25,
26, 0, 954498, 46866, 1, 4038184.625,
27, 0, 917284, 84079, 1, 6574628.0,
28, 0, 858503, 142862, 1, 11112670.5,
29, 0, 776094, 225267, 2, 18447407.0,
30, 0, 672128, 329233, 4, 29139493.0,
31, 0, 555187, 446169, 11, 43357154.0,
32, 0, 435483, 565855, 26, 60779806.0,
33, 0, 323913, 677403, 49, 80544320.0,
34, 0, 228047, 773240, 80, 101418388.0,
35, 0, 152390, 848848, 140, 122224020.0,
36, 0, 96647, 904489, 239, 141890480.0,
37, 0, 58203, 942769, 405, 159643512.0,
38, 0, 33404, 967292, 675, 175116952.0,
39, 0, 18254, 982027, 1085, 188182432.0,
40, 0, 9562, 990189, 1656, 198970392.0,
41, 0, 4790, 994175, 2394, 207452120.0,
42, 0, 2315, 995761, 3294, 214519544.0,
43, 0, 1079, 995956, 4332, 220641176.0,
44, 0, 494, 995362, 5505, 223981336.0,
45, 0, 235, 994242, 6887, 226014408.0,
46, 0, 125, 992494, 8740, 228091256.0,
47, 0, 83, 989659, 11624, 230850920.0,
48, 0, 80, 984821, 16458, 233759848.0,
49, 0, 96, 976301, 24975, 234646544.0,
50, 0, 130, 961948, 39291, 234145160.0,
51, 0, 187, 939174, 61983, 232551224.0,
52, 0, 282, 905320, 95760, 229696824.0,
53, 1, 416, 858170, 142764, 225473472.0,
54, 1, 626, 796714, 203996, 219539464.0,
55, 1, 908, 721760, 278656, 211333792.0,
56, 2, 1286, 635957, 364092, 200564736.0,
57, 3, 1775, 543476, 456136, 187422720.0,
58, 3, 2347, 449479, 549513, 172202496.0,
59, 4, 3014, 359354, 639021, 155447072.0,
60, 4, 3780, 277284, 720298, 137826376.0,
61, 5, 4582, 206674, 790056, 120037148.0,
62, 5, 5410, 148793, 847263, 102791744.0,
63, 5, 6216, 103407, 891783, 86637548.0,
64, 6, 6981, 69675, 924700, 71976212.0,
65, 6, 7652, 45871, 947836, 59051794.0,
66, 6, 8209, 29903, 963276, 47954418.0,
67, 6, 8646, 19717, 973018, 38629106.0,
68, 6, 8923, 13755, 978701, 30949532.0,
69, 6, 9011, 10672, 981685, 24733834.0,
70, 6, 8969, 9502, 982896, 19788133.0,
71, 6, 8747, 9578, 983064, 15911626.5,
72, 5, 8382, 10412, 982589, 12922266.5,
73, 6, 7886, 11720, 981787, 10651432.5,
74, 7, 7298, 13332, 980752, 8959754.5,
75, 7, 6641, 15098, 979637, 7729353.25,
76, 7, 5952, 16970, 978451, 6873337.25,
77, 8, 5243, 18880, 977249, 6307859.75,
78, 8, 4551, 20782, 976038, 5965346.5,
79, 8, 3892, 22645, 974835, 5801665.5,
80, 8, 3283, 24477, 973611, 5770466.5,
81, 8, 2725, 26243, 972391, 5841556.75,
82, 8, 2226, 27942, 971177, 5990412.0,
83, 8, 1793, 29590, 969974, 6194895.5,
84, 7, 1433, 31157, 968781, 6439194.0,
85, 7, 1122, 32659, 967563, 6710883.25,
86, 7, 878, 34132, 966351, 7002006.0,
87, 7, 675, 35541, 965141, 7304091.5,
88, 7, 510, 36927, 963930, 7612484.25,
89, 6, 385, 38233, 962731, 7925156.25,
90, 7, 286, 39523, 961552, 8238881.75,
91, 7, 213, 40801, 960342, 8550627.0,
92, 6, 155, 42035, 959164, 8859068.5,
93, 7, 114, 43273, 957972, 9166314.5,
94, 6, 82, 44484, 956784, 9468119.0,
95, 6, 60, 45711, 955586, 9769756.5,
96, 6, 45, 46900, 954411, 10067796.0,
97, 6, 34, 48099, 953220, 10363845.0,
98, 7, 28, 49233, 952095, 10653565.5,
99, 6, 24, 50391, 950943, 10942380.5,
100, 6, 23, 51522, 949817, 11225404.5,
101, 6, 26, 52613, 948720, 11506906.0,
102, 7, 31, 53656, 947666, 11786272.5,
103, 6, 39, 54696, 946618, 12056896.5,
104, 6, 48, 55660, 945647, 12320868.5,
105, 6, 64, 56564, 944732, 12575573.5,
106, 6, 83, 57375, 943906, 12820347.5,
107, 7, 108, 58108, 943135, 13052333.0,
108, 6, 143, 58739, 942483, 13268227.0,
109, 6, 183, 59226, 941951, 13466141.5,
110, 6, 234, 59534, 941575, 13639985.5,
111, 6, 296, 59741, 941324, 13791105.0,
112, 6, 371, 59715, 941267, 13909731.5,
113, 7, 464, 59518, 941370, 13998840.5,
114, 6, 570, 59076, 941711, 14050636.5,
115, 7, 694, 58472, 942184, 14062128.5,
116, 7, 837, 57581, 942925, 14032201.0,
117, 7, 1002, 56520, 943837, 13958451.0,
118, 7, 1188, 55188, 944975, 13835340.0,
119, 8, 1390, 53685, 946280, 13659695.5,
120, 8, 1614, 51937, 947804, 13442724.0,
121, 7, 1856, 50009, 949489, 13176275.5,
122, 8, 2112, 47944, 951316, 12859922.5,
123, 8, 2390, 45739, 953252, 12500991.5,
124, 9, 2670, 43455, 955244, 12101446.5,
125, 9, 2960, 41088, 957310, 11665980.0,
126, 10, 3263, 38699, 959389, 11201404.0,
127, 10, 3547, 36349, 961454, 10714411.5,
128, 10, 3835, 34032, 963443, 10207580.5,
129, 11, 4119, 31837, 965392, 9696559.0,
130, 11, 4380, 29751, 967222, 9182850.0,
131, 11, 4619, 27820, 968896, 8678469.0,
132, 12, 4842, 26087, 970436, 8184069.5,
133, 12, 5033, 24514, 971814, 7717159.25,
134, 13, 5189, 23167, 972996, 7273786.25,
135, 13, 5314, 22019, 974010, 6863831.25,
136, 13, 5398, 21120, 974829, 6489477.75,
137, 14, 5447, 20452, 975447, 6153451.5,
138, 14, 5450, 19989, 975898, 5865141.25,
139, 14, 5423, 19761, 976142, 5621608.75,
140, 15, 5372, 19742, 976222, 5427347.25,
141, 15, 5265, 19935, 976151, 5280537.75,
142, 16, 5139, 20289, 975922, 5179205.0,
143, 16, 4979, 20819, 975539, 5124194.25,
144, 16, 4797, 21491, 975066, 5114773.25,
145, 16, 4584, 22285, 974480, 5147188.0,
146, 16, 4355, 23193, 973794, 5216928.5,
147, 15, 4115, 24182, 973048, 5323523.75,
148, 16, 3862, 25273, 972207, 5460388.5,
149, 16, 3608, 26432, 971301, 5627193.25,
150, 16, 3360, 27622, 970353, 5819679.0,
151, 15, 3097, 28863, 969389, 6032706.25,
152, 14, 2849, 30129, 968366, 6266307.25,
153, 14, 2607, 31421, 967321, 6511850.75,
154, 15, 2373, 32705, 966270, 6776164.0,
155, 14, 2147, 33983, 965197, 7049304.5,
156, 13, 1936, 35289, 964119, 7329633.5,
157, 13, 1742, 36511, 963054, 7617298.25,
158, 14, 1565, 37763, 962010, 7906641.25,
159, 14, 1405, 38982, 960965, 8196334.25,
160, 13, 1254, 40137, 959958, 8486133.0,
161, 14, 1120, 41257, 958948, 8771889.0,
162, 13, 1004, 42366, 957982, 9052687.5,
163, 13, 894, 43414, 957032, 9327967.0,
164, 13, 810, 44430, 956084, 9597085.5,
165, 13, 743, 45387, 955208, 9859342.5,
166, 12, 682, 46310, 954379, 10113578.5,
167, 12, 634, 47115, 953598, 10357459.0,
168, 13, 602, 47870, 952880, 10587856.5,
169, 12, 587, 48541, 952218, 10807530.5,
170, 13, 584, 49153, 951603, 11010950.0,
171, 12, 593, 49679, 951066, 11198080.0,
172, 12, 612, 50130, 950610, 11371202.0,
173, 13, 644, 50488, 950228, 11527424.5,
174, 12, 679, 50783, 949890, 11665978.5,
175, 12, 732, 50964, 949645, 11786107.5,
176, 14, 795, 51085, 949477, 11889298.0,
177, 13, 865, 51094, 949404, 11969769.5,
178, 13, 944, 50991, 949413, 12032642.5,
179, 12, 1034, 50812, 949525, 12072543.5,
180, 13, 1126, 50533, 949695, 12092400.0,
181, 13, 1229, 50188, 949921, 12090711.5,
182, 13, 1334, 49725, 950289, 12066930.5,
183, 13, 1449, 49190, 950707, 12024074.5,
184, 14, 1571, 48607, 951168, 11960870.5,
185, 14, 1695, 47923, 951712, 11875928.0,
186, 14, 1826, 47190, 952335, 11772025.0,
187, 14, 1956, 46374, 953031, 11650106.0,
188, 13, 2097, 45502, 953753, 11510066.0,
189, 14, 2226, 44592, 954533, 11355340.5,
190, 14, 2361, 43668, 955314, 11185266.5,
191, 15, 2497, 42685, 956161, 11002089.5,
192, 14, 2626, 41721, 956986, 10809951.0,
193, 15, 2758, 40711, 957877, 10607380.5,
194, 15, 2884, 39725, 958731, 10397007.5,
195, 16, 3008, 38746, 959585, 10177104.5,
196, 15, 3121, 37780, 960448, 9955042.0,
197, 16, 3235, 36843, 961271, 9732863.5,
198, 16, 3340, 35926, 962078, 9512845.5,
199, 17, 3428, 35063, 962842, 9292030.5,
200, 16, 3509, 34277, 963543, 9078293.0,
201, 17, 3575, 33539, 964234, 8868510.0,
202, 17, 3641, 32836, 964870, 8666435.5,
203, 17, 3679, 32220, 965454, 8475570.5,
204, 18, 3715, 31678, 965939, 8295012.25,
205, 18, 3756, 31214, 966389, 8126361.25,
206, 19, 3759, 30823, 966780, 7973076.25,
207, 18, 3765, 30532, 967082, 7838635.25,
208, 18, 3747, 30279, 967333, 7718728.25,
209, 19, 3733, 30126, 967494, 7616470.0,
210, 19, 3693, 30065, 967583, 7528998.25,
211, 19, 3648, 30062, 967632, 7457577.5,
212, 19, 3587, 30139, 967620, 7404150.0,
213, 19, 3531, 30314, 967520, 7370937.5,
214, 20, 3457, 30545, 967384, 7356771.5,
215, 19, 3380, 30817, 967152, 7358924.25,
216, 19, 3293, 31182, 966874, 7378124.75,
217, 19, 3200, 31588, 966564, 7414174.75,
218, 20, 3108, 32030, 966196, 7463894.25,
219, 19, 3011, 32527, 965818, 7526666.75,
220, 19, 2906, 33075, 965376, 7605074.5,
221, 19, 2808, 33619, 964925, 7691779.0,
222, 19, 2704, 34224, 964415, 7791118.75,
223, 19, 2600, 34837, 963896, 7903475.75,
224, 19, 2498, 35463, 963369, 8024446.25,
225, 20, 2402, 36112, 962828, 8153721.5,
226, 19, 2298, 36741, 962311, 8284383.5,
227, 19, 2201, 37366, 961753, 8419132.5,
228, 19, 2122, 38009, 961201, 8557622.5,
229, 18, 2041, 38663, 960632, 8701856.0,
230, 19, 1960, 39273, 960116, 8847087.0,
231, 19, 1885, 39849, 959598, 8989395.5,
232, 18, 1819, 40419, 959085, 9131310.5,
233, 18, 1760, 40960, 958631, 9270139.5,
234, 18, 1711, 41467, 958162, 9406432.5,
235, 19, 1670, 41938, 957724, 9541224.5,
236, 19, 1643, 42389, 957308, 9671668.0,
237, 18, 1606, 42795, 956920, 9794802.5,
238, 19, 1584, 43165, 956591, 9910156.5,
239, 18, 1570, 43473, 956285, 10017060.0,
240, 19, 1561, 43752, 956021, 10115395.5,
241, 18, 1560, 43976, 955810, 10205494.0,
242, 20, 1559, 44170, 955633, 10287469.5,
243, 19, 1568, 44306, 955472, 10359968.0,
244, 18, 1593, 44417, 955348, 10424467.5,
245, 19, 1613, 44446, 955280, 10478008.0,
246, 19, 1639, 44469, 955237, 10521324.0,
247, 19, 1675, 44406, 955251, 10552823.0,
248, 20, 1712, 44363, 955286, 10576662.5,
249, 19, 1752, 44244, 955345, 10590931.0,
250, 20, 1800, 44092, 955458, 10593373.5,
251, 19, 1855, 43908, 955591, 10582431.0,
252, 19, 1904, 43673, 955758, 10567585.0,
253, 20, 1957, 43413, 955976, 10542565.5,
254, 20, 2013, 43144, 956188, 10508076.0,
255, 20, 2077, 42825, 956437, 10464822.0,
256, 20, 2135, 42483, 956739, 10413535.0,
257, 20, 2199, 42140, 956988, 10355703.5,
258, 20, 2257, 41783, 957301, 10291594.0,
259, 20, 2309, 41425, 957611, 10222823.5,
260, 21, 2370, 41046, 957927, 10151219.0,
261, 20, 2430, 40639, 958273, 10074316.0,
262, 21, 2490, 40248, 958613, 9992571.5,
263, 21, 2543, 39842, 958945, 9908064.0,
264, 21, 2596, 39468, 959273, 9821577.5,
265, 21, 2642, 39062, 959619, 9734917.5,
266, 20, 2689, 38690, 959966, 9646240.0,
267, 21, 2729, 38331, 960271, 9557490.5,
268, 21, 2770, 37982, 960597, 9468205.0,
269, 22, 2802, 37647, 960878, 9380715.5,
270, 22, 2838, 37347, 961158, 9296421.0,
271, 22, 2858, 37081, 961418, 9214828.5,
272, 22, 2884, 36811, 961669, 9138641.5,
273, 23, 2898, 36575, 961860, 9065861.0,
274, 23, 2913, 36350, 962067, 8995493.5,
275, 22, 2932, 36167, 962231, 8931326.0,
276, 23, 2931, 36009, 962399, 8870672.0,
277, 22, 2932, 35873, 962527, 8816794.0,
278, 24, 2935, 35762, 962644, 8769019.5,
279, 23, 2923, 35680, 962723, 8724781.5,
280, 24, 2912, 35653, 962791, 8688281.5,
281, 24, 2896, 35633, 962822, 8658976.5,
282, 24, 2878, 35637, 962842, 8635947.0,
283, 23, 2851, 35663, 962828, 8617998.5,
284, 24, 2832, 35726, 962797, 8605849.5,
285, 23, 2809, 35780, 962752, 8600196.0,
286, 23, 2782, 35858, 962682, 8599820.0,
287, 23, 2750, 36015, 962568, 8605236.5,
288, 24, 2717, 36172, 962452, 8618609.5,
289, 23, 2687, 36333, 962305, 8637005.0,
290, 24, 2652, 36508, 962170, 8660833.5,
291, 23, 2617, 36711, 962012, 8688930.5,
292, 24, 2584, 36897, 961861, 8720273.5,
293, 23, 2552, 37119, 961681, 8759346.5,
294, 22, 2515, 37316, 961511, 8797333.5,
295, 24, 2473, 37544, 961309, 8840134.0,
296, 24, 2436, 37756, 961129, 8884768.5,
297, 24, 2404, 37978, 960946, 8928635.5,
298, 25, 2364, 38227, 960759, 8976462.5,
299, 25, 2341, 38452, 960536, 9025469.5,
300, 24, 2312, 38679, 960325, 9074660.0,
301, 25, 2273, 38882, 960134, 9129645.0,
302, 24, 2250, 39133, 959955, 9179562.0,
303, 24, 2228, 39334, 959771, 9232563.0,
304, 25, 2209, 39521, 959608, 9282521.0,
305, 24, 2192, 39703, 959456, 9332896.5,
306, 25, 2175, 39869, 959286, 9382623.0,
307, 24, 2160, 40030, 959150, 9429974.0,
308, 25, 2148, 40187, 959010, 9470258.5,
309, 24, 2134, 40313, 958883, 9511313.0,
310, 24, 2125, 40427, 958794, 9550807.5,
311, 24, 2126, 40537, 958697, 9587435.0,
312, 23, 2122, 40633, 958590, 9621627.5,
313, 25, 2123, 40718, 958488, 9652700.5,
314, 24, 2114, 40749, 958459, 9681425.5,
315, 24, 2130, 40811, 958401, 9705633.5,
316, 23, 2129, 40838, 958370, 9727218.5,
317, 24, 2142, 40847, 958358, 9741761.0,
318, 25, 2146, 40830, 958355, 9755421.5,
319, 24, 2162, 40805, 958368, 9764779.5,
320, 25, 2169, 40778, 958394, 9770532.5,
321, 25, 2187, 40750, 958419, 9772612.0,
322, 26, 2209, 40700, 958440, 9771577.0,
323, 26, 2220, 40637, 958469, 9769574.0,
324, 25, 2236, 40551, 958552, 9762877.0,
325, 26, 2258, 40459, 958624, 9753677.0,
326, 25, 2276, 40364, 958705, 9741720.5,
327, 25, 2293, 40277, 958773, 9726162.0,
328, 26, 2313, 40158, 958869, 9709414.5,
329, 26, 2336, 40051, 958957, 9688942.0,
330, 27, 2357, 39940, 959041, 9669505.5,
331, 26, 2377, 39824, 959137, 9649193.0,
332, 26, 2393, 39710, 959236, 9626248.5,
333, 25, 2410, 39589, 959345, 9603516.0,
334, 26, 2437, 39436, 959470, 9579093.5,
335, 26, 2447, 39331, 959561, 9551650.0,
336, 26, 2462, 39194, 959674, 9524235.5,
337, 26, 2477, 39070, 959807, 9495683.0,
338, 26, 2495, 38940, 959906, 9465451.5,
339, 27, 2503, 38831, 959997, 9435263.0,
340, 27, 2509, 38726, 960100, 9405385.0,
341, 27, 2528, 38635, 960179, 9376266.5,
342, 27, 2534, 38547, 960258, 9352760.0,
343, 28, 2552, 38466, 960320, 9327548.5,
344, 27, 2563, 38386, 960397, 9304344.5,
345, 28, 2565, 38302, 960479, 9281903.5,
346, 28, 2576, 38228, 960546, 9259815.0,
347, 26, 2572, 38169, 960607, 9238751.0,
348, 27, 2571, 38108, 960645, 9221498.0,
349, 28, 2570, 38074, 960697, 9204791.0,
350, 28, 2569, 38025, 960719, 9187442.5,
351, 26, 2573, 37995, 960777, 9174075.0,
352, 27, 2568, 37998, 960786, 9162724.0,
353, 27, 2570, 37955, 960814, 9151822.5,
354, 28, 2565, 37989, 960816, 9142722.5,
355, 28, 2566, 37981, 960789, 9136073.0,
356, 27, 2557, 37990, 960785, 9132985.5,
357, 29, 2549, 38001, 960771, 9130636.5,
358, 28, 2537, 38026, 960737, 9131855.5,
359, 27, 2531, 38067, 960727, 9131589.0,
360, 29, 2534, 38111, 960711, 9129581.5,
361, 28, 2522, 38134, 960693, 9134891.0,
362, 28, 2498, 38173, 960668, 9141321.0,
363, 29, 2501, 38209, 960629, 9148201.5,
364, 28, 2483, 38271, 960569, 9157214.5,
365, 29, 2476, 38333, 960523, 9164473.5,
366, 29, 2463, 38399, 960468, 9173427.0,
367, 29, 2455, 38457, 960408, 9184600.5,
368, 29, 2446, 38514, 960353, 9196084.0,
369, 29, 2432, 38589, 960312, 9207042.0,
370, 29, 2422, 38676, 960238, 9221066.5,
371, 28, 2414, 38730, 960187, 9237167.0,
372, 29, 2404, 38802, 960154, 9252284.0,
373, 29, 2394, 38858, 960083, 9268525.0,
374, 28, 2379, 38901, 960039, 9282530.0,
375, 30, 2380, 38984, 959987, 9295261.0,
376, 29, 2365, 39055, 959911, 9311606.0,
377, 29, 2364, 39113, 959874, 9326411.0,
378, 28, 2349, 39174, 959813, 9343106.5,
379, 29, 2347, 39218, 959790, 9358303.5,
380, 29, 2341, 39264, 959726, 9371144.0,
381, 30, 2348, 39286, 959703, 9382731.0,
382, 30, 2341, 39318, 959676, 9395318.0,
383, 30, 2333, 39347, 959665, 9404800.0,
384, 29, 2328, 39361, 959649, 9414330.5,
385, 29, 2337, 39404, 959613, 9424789.0,
386, 29, 2333, 39402, 959597, 9429526.5,
387, 30, 2337, 39393, 959596, 9437403.0,
388, 29, 2341, 39442, 959563, 9438178.0,
389, 29, 2337, 39433, 959566, 9446438.0,
390, 29, 2344, 39452, 959536, 9451893.0,
391, 30, 2345, 39441, 959540, 9455379.5,
392, 30, 2345, 39468, 959532, 9458865.5,
393, 30, 2353, 39461, 959533, 9461268.5,
394, 30, 2363, 39444, 959536, 9462533.5,
395, 31, 2362, 39429, 959553, 9461358.5,
396, 30, 2371, 39414, 959546, 9464133.5,
397, 30, 2379, 39411, 959551, 9464551.0,
398, 31, 2374, 39382, 959580, 9462243.5,
399, 31, 2379, 39368, 959591, 9458208.0,
400, 32, 2385, 39363, 959589, 9456600.5,
401, 31, 2388, 39344, 959624, 9453001.5,
402, 31, 2393, 39326, 959635, 9449740.0,
403, 31, 2398, 39287, 959662, 9447867.5,
404, 31, 2403, 39254, 959682, 9442563.5,
405, 31, 2398, 39225, 959700, 9438359.5,
406, 30, 2404, 39201, 959739, 9431729.0,
407, 32, 2408, 39162, 959749, 9425208.5,
408, 31, 2417, 39114, 959785, 9419310.5,
409, 31, 2418, 39086, 959836, 9413312.5,
410, 31, 2428, 39053, 959854, 9404387.5,
411, 31, 2427, 39039, 959855, 9396371.0,
412, 33, 2433, 38992, 959886, 9390584.5,
413, 31, 2451, 38962, 959909, 9385309.5,
414, 32, 2455, 38946, 959941, 9377202.0,
415, 32, 2448, 38927, 959956, 9369195.0,
416, 31, 2452, 38897, 959982, 9360336.5,
417, 32, 2458, 38862, 960009, 9356224.5,
418, 32, 2452, 38832, 960050, 9349311.0,
419, 32, 2458, 38815, 960074, 9340746.0,
420, 31, 2458, 38774, 960095, 9333438.5,
421, 32, 2464, 38768, 960095, 9328181.0,
422, 33, 2462, 38744, 960099, 9324118.5,
423, 33, 2463, 38756, 960110, 9317431.0,
424, 33, 2474, 38733, 960116, 9313428.5,
425, 31, 2461, 38754, 960116, 9311843.5,
426, 31, 2460, 38747, 960122, 9309267.0,
427, 33, 2463, 38754, 960115, 9307382.0,
428, 32, 2466, 38764, 960113, 9305527.5,
429, 32, 2465, 38751, 960125, 9304042.5,
430, 31, 2459, 38747, 960119, 9305544.0,
431, 32, 2460, 38750, 960101, 9306122.0,
432, 33, 2461, 38769, 960116, 9306348.0,
433, 33, 2456, 38765, 960120, 9303031.5,
434, 34, 2447, 38763, 960125, 9303951.0,
435, 34, 2451, 38808, 960079, 9306350.0,
436, 33, 2444, 38796, 960085, 9306488.5,
437, 32, 2442, 38782, 960105, 9307415.5,
438, 34, 2451, 38807, 960067, 9307921.5,
439, 33, 2444, 38807, 960064, 9309096.5,
440, 34, 2431, 38828, 960060, 9307162.0,
441, 34, 2436, 38864, 960044, 9311052.5,
442, 34, 2424, 38874, 960035, 9314680.5,
443, 34, 2423, 38894, 960007, 9318470.5,
444, 34, 2421, 38886, 960009, 9323084.5,
445, 34, 2414, 38907, 960003, 9326737.5,
446, 34, 2418, 38924, 959982, 9328563.5,
447, 33, 2410, 38931, 959989, 9331229.0,
448, 35, 2411, 38964, 959978, 9336329.0,
449, 34, 2408, 38954, 959974, 9340898.5,
450, 34, 2408, 38979, 959937, 9345055.0,
451, 36, 2407, 38972, 959960, 9347070.0,
452, 34, 2405, 38984, 959950, 9349684.5,
453, 34, 2406, 38972, 959944, 9349853.5,
454, 34, 2410, 38995, 959926, 9351687.5,
455, 35, 2408, 39030, 959922, 9351433.5,
456, 33, 2404, 39014, 959932, 9355937.0,
457, 34, 2401, 39046, 959884, 9358389.5,
458, 34, 2409, 39060, 959864, 9361372.0,
459, 34, 2410, 39065, 959872, 9365167.0,
460, 34, 2404, 39059, 959865, 9365994.0,
461, 35, 2403, 39053, 959858, 9369778.0,
462, 35, 2406, 39066, 959846, 9372962.5,
463, 35, 2404, 39078, 959833, 9373951.5,
464, 35, 2409, 39090, 959833, 9376213.5,
465, 34, 2406, 39105, 959814, 9375424.5,
466, 35, 2409, 39105, 959809, 9378302.0,
467, 34, 2411, 39088, 959842, 9379723.5,
468, 35, 2406, 39090, 959827, 9380921.5,
469, 34, 2412, 39090, 959812, 9382075.0,
470, 35, 2412, 39092, 959817, 9379837.0,
471, 34, 2413, 39077, 959825, 9378557.0,
472, 36, 2406, 39070, 959820, 9379847.5,
473, 35, 2411, 39055, 959839, 9381762.5,
474, 34, 2411, 39055, 959853, 9383357.0,
475, 34, 2411, 39047, 959867, 9380299.0,
476, 35, 2411, 39056, 959858, 9377861.0,
477, 36, 2421, 39032, 959865, 9373286.5,
478, 35, 2419, 39020, 959883, 9370343.5,
479, 36, 2420, 39007, 959901, 9369924.5,
480, 34, 2423, 39037, 959874, 9371166.0,
481, 36, 2417, 39040, 959893, 9371873.0,
482, 35, 2425, 39011, 959897, 9369014.0,
483, 36, 2431, 38988, 959919, 9368303.5,
484, 36, 2435, 38994, 959880, 9366272.5,
485, 36, 2439, 38985, 959916, 9364639.0,
486, 36, 2437, 38983, 959895, 9364448.5,
487, 36, 2429, 39018, 959894, 9362578.0,
488, 36, 2432, 38991, 959907, 9360670.0,
489, 35, 2438, 38982, 959909, 9360094.0,
490, 36, 2436, 38973, 959895, 9356871.0,
491, 37, 2437, 38978, 959906, 9357151.0,
492, 35, 2430, 38995, 959923, 9358840.5,
493, 37, 2432, 38984, 959927, 9358211.5,
494, 36, 2431, 38969, 959929, 9357497.5,
495, 37, 2434, 38981, 959931, 9355835.5,
496, 36, 2438, 38963, 959924, 9357406.5,
497, 36, 2431, 38947, 959940, 9358693.5,
498, 37, 2423, 38954, 959944, 9356642.0,
499, 36, 2427, 38962, 959933, 9353030.0,
500, 36, 2428, 38958, 959938, 9351027.0,
501, 37, 2430, 38955, 959957, 9350669.5,
502, 37, 2431, 38971, 959934, 9349143.5,
503, 36, 2428, 38957, 959957, 9350546.5,
504, 37, 2431, 38951, 959948, 9351078.5,
505, 36, 2434, 38943, 959935, 9353059.0,
506, 37, 2433, 38964, 959937, 9352605.5,
507, 38, 2437, 38940, 959922, 9351293.5,
508, 37, 2430, 38949, 959953, 9351144.5,
509, 36, 2431, 38951, 959964, 9350319.5,
510, 37, 2432, 38952, 959937, 9349406.5,
511, 38, 2437, 38944, 959941, 9350977.0,
512, 36, 2437, 38977, 959912, 9353852.5,
513, 39, 2436, 38956, 959938, 9353087.0,
514, 39, 2435, 38947, 959949, 9352032.0,
515, 36, 2436, 38958, 959950, 9351948.0,
516, 37, 2426, 38954, 959941, 9352451.5,
517, 37, 2432, 38936, 959946, 9349871.5,
518, 38, 2428, 38950, 959963, 9349375.5,
519, 36, 2438, 38956, 959938, 9347780.5,
520, 38, 2431, 38948, 959946, 9351294.5,
521, 38, 2430, 38958, 959949, 9351455.0,
522, 38, 2425, 38973, 959938, 9351139.0,
523, 38, 2426, 38954, 959957, 9351340.0,
524, 38, 2424, 38957, 959936, 9350844.0,
525, 38, 2424, 38963, 959925, 9351033.5,
526, 38, 2428, 38953, 959932, 9350194.5,
527, 37, 2431, 38951, 959947, 9350591.5,
528, 37, 2434, 38966, 959941, 9351902.5,
529, 39, 2422, 38971, 959922, 9352835.0,
530, 39, 2426, 38969, 959919, 9351121.5,
531, 38, 2426, 38997, 959896, 9352222.5,
532, 38, 2432, 39019, 959887, 9354563.5,
533, 39, 2426, 39006, 959900, 9356378.0,
534, 39, 2428, 38990, 959899, 9358342.5,
535, 39, 2436, 39009, 959901, 9358883.0,
536, 38, 2433, 39008, 959904, 9361092.0,
537, 39, 2431, 39002, 959885, 9360673.0,
538, 38, 2425, 38988, 959901, 9360709.0,
539, 37, 2423, 39003, 959894, 9359252.0,
540, 40, 2422, 38988, 959919, 9362335.0,
541, 39, 2409, 38992, 959910, 9360402.5,
542, 39, 2416, 38994, 959907, 9357639.0,
543, 38, 2406, 38998, 959921, 9358067.5,
544, 38, 2412, 38994, 959914, 9358176.5,
545, 40, 2422, 38980, 959908, 9358588.0,
546, 39, 2419, 38984, 959928, 9356417.5,
547, 39, 2424, 38964, 959931, 9356582.5,
548, 38, 2413, 38964, 959930, 9355059.0,
549, 39, 2420, 38973, 959935, 9354928.0,
550, 40, 2426, 38992, 959917, 9355005.0,
551, 38, 2430, 38984, 959907, 9356679.5,
552, 39, 2438, 38995, 959892, 9358823.0,
553, 38, 2436, 38980, 959896, 9359311.5,
554, 40, 2428, 38997, 959889, 9359829.0,
555, 40, 2436, 39015, 959881, 9357097.0,
556, 40, 2432, 39013, 959871, 9360081.5,
557, 39, 2429, 39019, 959877, 9362742.0,
558, 40, 2435, 39000, 959895, 9363992.0,
559, 40, 2429, 38991, 959894, 9364427.5,
560, 39, 2427, 38986, 959892, 9361466.0,
561, 38, 2420, 39006, 959881, 9361284.5,
562, 40, 2419, 39015, 959895, 9361034.5,
563, 41, 2421, 39008, 959894, 9361683.0,
564, 39, 2422, 39009, 959887, 9365157.0,
565, 40, 2423, 39005, 959906, 9364076.5,
566, 41, 2425, 39003, 959905, 9363546.5,
567, 41, 2428, 38997, 959897, 9365882.0,
568, 40, 2425, 39022, 959890, 9365727.0,
569, 39, 2427, 38987, 959922, 9364892.0,
570, 42, 2432, 38999, 959905, 9362249.5,
571, 39, 2431, 39004, 959885, 9362645.5,
572, 42, 2431, 39001, 959883, 9360503.5,
573, 40, 2428, 38991, 959905, 9357504.5,
574, 41, 2426, 38975, 959914, 9360773.5,
575, 41, 2426, 38976, 959913, 9363177.5,
576, 41, 2430, 38971, 959911, 9361822.5,
577, 42, 2421, 38983, 959918, 9357768.5,
578, 41, 2428, 38979, 959915, 9358715.0,
579, 42, 2430, 38971, 959929, 9360701.5,
580, 41, 2426, 38982, 959918, 9359186.0,
581, 41, 2430, 38991, 959910, 9357193.0,
582, 41, 2433, 38988, 959894, 9355851.5,
583, 40, 2434, 38998, 959894, 9357427.5,
584, 42, 2435, 38953, 959912, 9359551.5,
585, 39, 2434, 38974, 959899, 9357906.5,
586, 42, 2430, 38983, 959913, 9359101.5,
587, 41, 2435, 38991, 959897, 9357444.5,
588, 41, 2435, 38980, 959901, 9356295.0,
589, 41, 2434, 38978, 959911, 9356252.0,
590, 42, 2434, 38972, 959907, 9355473.0,
591, 41, 2428, 38967, 959908, 9352427.5,
592, 43, 2439, 38975, 959904, 9353099.5,
593, 41, 2436, 38974, 959902, 9351916.5,
594, 41, 2436, 38972, 959904, 9352328.0,
595, 41, 2436, 38956, 959908, 9352571.5,
596, 41, 2428, 38984, 959919, 9353938.5,
597, 42, 2429, 38965, 959925, 9356209.5,
598, 42, 2424, 38967, 959914, 9355409.5,
599, 42, 2429, 38982, 959908, 9355511.5,
600, 43, 2425, 38985, 959896, 9356939.5,
601, 42, 2426, 38989, 959906, 9358000.0,
602, 43, 2436, 38970, 959904, 9357882.5,
603, 42, 2441, 38967, 959904, 9355157.0,
604, 42, 2435, 38974, 959905, 9357101.5,
605, 42, 2428, 38971, 959917, 9355382.0,
606, 43, 2424, 38987, 959894, 9356761.5,
607, 42, 2426, 38976, 959913, 9355679.0,
608, 42, 2422, 38966, 959920, 9353426.0,
609, 42, 2418, 38972, 959928, 9352143.5,
610, 42, 2425, 38977, 959921, 9352802.5,
611, 43, 2419, 38974, 959924, 9352514.0,
612, 42, 2426, 38965, 959915, 9355353.0,
613, 43, 2432, 38967, 959908, 9354090.0,
614, 43, 2429, 38952, 959932, 9354249.5,
615, 43, 2422, 38969, 959927, 9354401.0,
616, 43, 2429, 38970, 959923, 9353962.0,
617, 44, 2433, 38980, 959908, 9354175.5,
618, 44, 2436, 38982, 959913, 9355214.0,
619, 43, 2427, 38961, 959915, 9353728.5,
620, 43, 2427, 38991, 959886, 9354407.0,
621, 44, 2430, 38994, 959905, 9353994.5,
622, 42, 2433, 38992, 959902, 9356434.5,
623, 45, 2434, 39004, 959903, 9359197.0,
624, 44, 2427, 39005, 959889, 9361476.0,
625, 42, 2421, 39007, 959880, 9362309.0,
626, 42, 2419, 38985, 959874, 9360818.5,
627, 44, 2429, 38998, 959887, 9360054.0,
628, 45, 2439, 39011, 959885, 9361801.0,
629, 44, 2429, 39003, 959904, 9361099.0,
630, 45, 2428, 39002, 959900, 9364776.0,
631, 43, 2429, 38981, 959906, 9365321.0,
632, 44, 2431, 38985, 959912, 9362648.0,
633, 43, 2429, 38997, 959902, 9360127.5,
634, 43, 2430, 38997, 959914, 9359381.0,
635, 45, 2421, 39004, 959902, 9360646.0,
636, 43, 2428, 38985, 959896, 9358874.5,
637, 42, 2428, 39004, 959898, 9359291.0,
638, 44, 2422, 38976, 959922, 9359470.5,
639, 44, 2430, 38998, 959902, 9359959.0,
640, 44, 2434, 39013, 959895, 9360505.0,
641, 44, 2432, 39025, 959895, 9359563.5,
642, 45, 2433, 39003, 959890, 9361836.0,
643, 43, 2444, 39008, 959901, 9362856.5,
644, 43, 2443, 38979, 959918, 9362463.0,
645, 44, 2434, 38967, 959922, 9360492.5,
646, 44, 2438, 38990, 959900, 9359260.5,
647, 43, 2442, 38996, 959904, 9358163.0,
648, 44, 2442, 39009, 959881, 9357464.5,
649, 44, 2448, 38988, 959903, 9354586.0,
650, 46, 2444, 38964, 959913, 9356684.5,
651, 44, 2437, 38993, 959916, 9357058.5,
652, 44, 2434, 38983, 959899, 9358103.5,
653, 45, 2430, 38977, 959908, 9359066.5,
654, 45, 2438, 38981, 959902, 9357258.0,
655, 45, 2442, 38947, 959935, 9356495.0,
656, 45, 2441, 38974, 959922, 9357315.0,
657, 45, 2437, 38976, 959900, 9357156.0,
658, 45, 2440, 38996, 959890, 9354485.5,
659, 43, 2436, 38985, 959909, 9355325.0,
660, 44, 2436, 38988, 959906, 9355669.5,
661, 45, 2442, 38985, 959902, 9355286.5,
662, 44, 2435, 38973, 959890, 9355738.5,
663, 45, 2440, 38992, 959899, 9355785.0,
664, 45, 2439, 38968, 959912, 9356433.0,
665, 45, 2437, 38972, 959911, 9356782.5,
666, 46, 2439, 38979, 959895, 9359092.0,
667, 46, 2440, 38990, 959889, 9359820.5,
668, 45, 2441, 38991, 959887, 9358045.0,
669, 44, 2437, 38968, 959897, 9356485.5,
670, 44, 2441, 38969, 959911, 9355529.0,
671, 44, 2434, 38990, 959916, 9355112.5,
672, 47, 2427, 38971, 959908, 9354221.5,
673, 45, 2432, 38988, 959894, 9355730.0,
674, 46, 2430, 38980, 959906, 9356372.0,
675, 45, 2419, 38967, 959903, 9357777.5,
676, 46, 2428, 38985, 959898, 9355187.0,
677, 47, 2419, 38970, 959910, 9352610.5,
678, 45, 2424, 38984, 959895, 9355741.0,
679, 48, 2428, 38984, 959911, 9353726.0,
680, 45, 2425, 39004, 959892, 9353504.0,
681, 46, 2421, 38995, 959904, 9355995.0,
682, 46, 2428, 38992, 959906, 9359045.0,
683, 47, 2432, 38970, 959905, 9361297.0,
684, 45, 2433, 38973, 959901, 9359155.0,
685, 45, 2433, 39005, 959895, 9359705.5,
686, 47, 2437, 38998, 959915, 9359361.5,
687, 46, 2430, 38977, 959909, 9359510.5,
688, 46, 2432, 38983, 959907, 9357659.0,
689, 47, 2430, 38972, 959909, 9354701.5,
690, 46, 2436, 38971, 959901, 9355359.5,
691, 47, 2437, 38996, 959893, 9356692.5,
692, 45, 2435, 39011, 959886, 9357383.0,
693, 47, 2427, 38999, 959897, 9358858.0,
694, 47, 2429, 38999, 959886, 9361026.5,
695, 45, 2431, 39007, 959892, 9362337.0,
696, 47, 2434, 38991, 959897, 9362609.0,
697, 48, 2426, 39007, 959885, 9362666.0,
698, 47, 2432, 39012, 959881, 9363812.0,
699, 47, 2424, 39017, 959882, 9361653.0,
700, 46, 2430, 38995, 959899, 9364167.0,
701, 47, 2430, 38982, 959898, 9365413.5,
702, 47, 2433, 39009, 959891, 9363125.5,
703, 46, 2428, 38983, 959893, 9362593.5,
704, 48, 2433, 38997, 959899, 9361274.5,
705, 46, 2429, 38995, 959904, 9359895.0,
706, 47, 2425, 38991, 959901, 9360711.0,
707, 48, 2429, 38978, 959887, 9361712.5,
708, 47, 2426, 38988, 959914, 9360881.5,
709, 47, 2432, 38987, 959934, 9357969.0,
710, 47, 2433, 38969, 959956, 9359060.5,
711, 47, 2431, 38966, 959932, 9361184.0,
712, 48, 2436, 38974, 959898, 9361980.0,
713, 47, 2440, 38992, 959882, 9360830.5,
714, 47, 2426, 38961, 959895, 9359847.0,
715, 47, 2436, 38955, 959915, 9357354.5,
716, 48, 2443, 38952, 959915, 9353528.0,
717, 47, 2446, 38946, 959927, 9355648.5,
718, 48, 2441, 38970, 959918, 9355855.0,
719, 47, 2442, 38973, 959921, 9352430.0,
720, 47, 2443, 38964, 959906, 9354128.5,
721, 48, 2446, 38981, 959907, 9353025.0,
722, 48, 2447, 38967, 959906, 9352133.5,
723, 46, 2447, 38975, 959892, 9351640.5,
724, 47, 2446, 38992, 959892, 9352553.5,
725, 49, 2442, 38978, 959905, 9352191.0,
726, 47, 2440, 38964, 959903, 9353938.0,
727, 47, 2437, 38974, 959898, 9352814.0,
728, 47, 2445, 38961, 959897, 9354820.5,
729, 48, 2444, 38962, 959887, 9354153.0,
730, 48, 2442, 38979, 959893, 9353843.0,
731, 48, 2445, 38991, 959902, 9355627.5,
732, 48, 2445, 38988, 959902, 9357871.5,
733, 48, 2441, 38976, 959911, 9357086.0,
734, 49, 2436, 38983, 959900, 9355657.0,
735, 47, 2445, 38953, 959919, 9354389.5,
736, 48, 2451, 38973, 959896, 9351886.5,
737, 50, 2449, 38960, 959908, 9352023.0,
738, 46, 2447, 38963, 959908, 9351696.0,
739, 48, 2442, 38978, 959902, 9354778.5,
740, 48, 2437, 38967, 959914, 9353966.0,
741, 48, 2435, 38968, 959894, 9354843.0,
742, 49, 2432, 38948, 959920, 9354201.5,
743, 48, 2430, 38955, 959916, 9352813.0,
744, 48, 2430, 38971, 959910, 9350703.5,
745, 48, 2425, 38996, 959901, 9353035.0,
746, 49, 2420, 38994, 959901, 9352206.0,
747, 49, 2422, 39003, 959908, 9356761.5,
748, 49, 2425, 39023, 959905, 9357496.5,
749, 50, 2424, 38996, 959915, 9358773.0,
750, 49, 2419, 39002, 959909, 9360551.0,
751, 49, 2424, 38989, 959909, 9360745.0,
752, 50, 2427, 38979, 959923, 9360277.5,
753, 49, 2431, 38983, 959913, 9362350.0,
754, 49, 2432, 38971, 959912, 9360296.0,
755, 49, 2431, 38991, 959901, 9358184.0,
756, 49, 2428, 39000, 959897, 9357457.0,
757, 48, 2430, 39011, 959880, 9359450.5,
758, 50, 2431, 39004, 959902, 9359436.5,
759, 49, 2434, 39029, 959892, 9360544.5,
760, 50, 2435, 39025, 959864, 9362110.5,
761, 49, 2433, 39024, 959881, 9362561.5,
762, 49, 2430, 39006, 959872, 9363491.5,
763, 48, 2434, 39019, 959866, 9364999.0,
764, 50, 2436, 39001, 959885, 9365008.0,
765, 50, 2435, 39010, 959870, 9364418.0,
766, 49, 2442, 39008, 959870, 9363080.5,
767, 48, 2441, 39034, 959844, 9364961.0,
768, 50, 2436, 39023, 959862, 9366244.5,
769, 49, 2434, 39014, 959865, 9365487.5,
770, 49, 2442, 38993, 959883, 9366861.0,
771, 50, 2441, 38988, 959876, 9363346.0,
772, 50, 2437, 38998, 959880, 9362774.5,
773, 50, 2437, 38999, 959880, 9362944.5,
774, 51, 2435, 38993, 959883, 9362329.5,
775, 52, 2433, 38999, 959902, 9361471.5,
776, 51, 2433, 38989, 959889, 9361672.0,
777, 48, 2431, 38973, 959901, 9361269.5,
778, 50, 2435, 38975, 959914, 9360081.0,
779, 49, 2434, 38998, 959892, 9357564.5,
780, 52, 2435, 38977, 959884, 9356355.5,
781, 50, 2438, 38983, 959883, 9357402.0,
782, 51, 2441, 38975, 959901, 9358357.5,
783, 51, 2442, 38966, 959900, 9354166.5,
784, 50, 2441, 38971, 959896, 9353493.0,
785, 50, 2440, 38970, 959903, 9353525.0,
786, 50, 2444, 38963, 959897, 9352345.5,
787, 51, 2444, 38982, 959895, 9353630.5,
788, 51, 2440, 38972, 959892, 9353134.5,
789, 50, 2443, 38964, 959895, 9354024.5,
790, 51, 2447, 38970, 959888, 9354592.5,
791, 50, 2439, 38962, 959899, 9354851.0,
792, 50, 2442, 38988, 959905, 9353225.0,
793, 51, 2445, 38968, 959887, 9353992.5,
794, 50, 2455, 38979, 959890, 9354830.5,
795, 51, 2449, 39003, 959888, 9354799.5,
796, 51, 2444, 39000, 959883, 9357697.0,
797, 51, 2445, 38993, 959882, 9358774.5,
798, 50, 2446, 38994, 959892, 9359644.0,
799, 50, 2457, 38972, 959904, 9360843.0,
800, 51, 2451, 38967, 959884, 9357385.5,
801, 51, 2455, 38952, 959903, 9356219.5,
802, 51, 2449, 38976, 959883, 9355217.0,
803, 50, 2447, 38978, 959892, 9351870.0,
804, 51, 2452, 38978, 959882, 9355798.5,
805, 51, 2447, 38970, 959885, 9354803.0,
806, 52, 2447, 38990, 959883, 9352289.5,
807, 52, 2440, 39005, 959879, 9352831.5,
808, 50, 2447, 38984, 959890, 9354403.0,
809, 51, 2436, 38979, 959912, 9356160.5,
810, 52, 2441, 38978, 959911, 9356804.5,
811, 51, 2439, 38964, 959924, 9356150.0,
812, 51, 2425, 38983, 959924, 9355481.0,
813, 51, 2426, 38989, 959920, 9357186.0,
814, 50, 2423, 38973, 959913, 9356045.0,
815, 52, 2430, 38991, 959897, 9356580.5,
816, 53, 2431, 38995, 959888, 9358515.5,
817, 52, 2429, 39009, 959878, 9358175.5,
818, 51, 2435, 39007, 959883, 9357019.5,
819, 51, 2426, 38997, 959886, 9355264.0,
820, 52, 2420, 38989, 959890, 9355749.0,
821, 51, 2429, 38994, 959894, 9357128.5,
822, 51, 2426, 38986, 959907, 9356592.0,
823, 52, 2431, 38998, 959890, 9357590.5,
824, 52, 2433, 39001, 959891, 9358990.0,
825, 50, 2432, 38996, 959887, 9360337.0,
826, 53, 2428, 38983, 959880, 9363083.0,
827, 54, 2438, 38994, 959887, 9361176.0,
828, 52, 2441, 38989, 959888, 9360910.0,
829, 53, 2446, 38997, 959881, 9360990.5,
830, 52, 2439, 38998, 959878, 9361793.5,
831, 53, 2436, 38986, 959876, 9364510.0,
832, 52, 2438, 39009, 959857, 9362563.0,
833, 52, 2440, 39009, 959880, 9361345.0,
834, 52, 2441, 39010, 959887, 9359450.5,
835, 55, 2443, 39019, 959885, 9360044.0,
836, 51, 2450, 39001, 959893, 9362242.0,
837, 52, 2441, 38974, 959914, 9361720.0,
838, 52, 2439, 38976, 959905, 9363110.0,
839, 53, 2439, 38994, 959894, 9360240.0,
840, 52, 2441, 38998, 959889, 9357511.5,
841, 53, 2444, 38980, 959888, 9357055.5,
842, 52, 2441, 39006, 959888, 9358455.5,
843, 54, 2446, 38980, 959868, 9357938.0,
844, 54, 2444, 38996, 959895, 9359055.0,
845, 54, 2441, 39006, 959875, 9359545.0,
846, 51, 2441, 38998, 959861, 9361340.5,
847, 52, 2440, 38990, 959891, 9360852.5,
848, 52, 2444, 38994, 959890, 9358161.0,
849, 54, 2437, 38988, 959883, 9359490.5,
850, 55, 2445, 38996, 959874, 9357961.0,
851, 51, 2445, 38989, 959884, 9360218.0,
852, 52, 2447, 38980, 959904, 9360083.0,
853, 52, 2449, 38999, 959890, 9358035.0,
854, 53, 2441, 38994, 959886, 9357369.5,
855, 51, 2435, 38991, 959893, 9357418.0,
856, 53, 2440, 38993, 959882, 9357984.0,
857, 52, 2445, 39004, 959888, 9359255.0,
858, 54, 2449, 38997, 959891, 9357358.5,
859, 51, 2450, 38978, 959889, 9359130.0,
860, 52, 2444, 38987, 959880, 9360843.5,
861, 52, 2442, 38983, 959873, 9361260.5,
862, 54, 2446, 39003, 959860, 9359004.0,
863, 53, 2447, 39006, 959873, 9358774.5,
864, 54, 2446, 38980, 959891, 9357554.0,
865, 54, 2451, 38980, 959883, 9357542.0,
866, 53, 2450, 38996, 959879, 9356828.0,
867, 53, 2451, 38989, 959872, 9356916.0,
868, 54, 2443, 38982, 959881, 9357051.0,
869, 54, 2450, 38984, 959875, 9355549.5,
870, 53, 2450, 38993, 959859, 9357484.0,
871, 54, 2452, 38990, 959871, 9356430.0,
872, 53, 2447, 38999, 959855, 9359124.0,
873, 55, 2446, 38993, 959871, 9359638.0,
874, 53, 2432, 38978, 959869, 9357890.5,
875, 55, 2432, 39002, 959843, 9357744.0,
876, 55, 2439, 39012, 959886, 9359917.5,
877, 54, 2445, 39016, 959878, 9362230.0,
878, 53, 2442, 39020, 959879, 9359992.0,
879, 54, 2441, 39007, 959884, 9359261.0,
880, 54, 2439, 38994, 959882, 9359583.0,
881, 54, 2428, 38983, 959892, 9357635.5,
882, 54, 2435, 38997, 959879, 9359260.5,
883, 54, 2434, 38989, 959875, 9358080.0,
884, 53, 2433, 38992, 959876, 9356429.0,
885, 55, 2443, 38990, 959873, 9360925.5,
886, 55, 2435, 38990, 959865, 9362847.5,
887, 54, 2441, 39008, 959852, 9363321.5,
888, 54, 2443, 39006, 959866, 9363107.0,
889, 54, 2444, 38986, 959868, 9360941.0,
890, 54, 2445, 38981, 959901, 9362293.5,
891, 53, 2444, 38983, 959902, 9361207.5,
892, 54, 2446, 38996, 959873, 9361531.5,
893, 54, 2441, 38994, 959869, 9362113.0,
894, 54, 2446, 38989, 959883, 9360816.5,
895, 56, 2439, 38990, 959856, 9359943.0,
896, 54, 2438, 38992, 959881, 9357322.0,
897, 56, 2436, 38993, 959868, 9355796.5,
898, 53, 2444, 38959, 959897, 9356718.0,
899, 54, 2437, 38964, 959902, 9353148.5,
900, 54, 2444, 38975, 959888, 9352907.0,
901, 54, 2441, 38956, 959895, 9354288.0,
902, 52, 2439, 38952, 959902, 9353861.0,
903, 55, 2445, 38959, 959884, 9355174.5,
904, 57, 2437, 38978, 959881, 9353883.0,
905, 55, 2439, 38979, 959891, 9354538.5,
906, 56, 2435, 38992, 959887, 9355392.5,
907, 55, 2439, 38983, 959868, 9356916.5,
908, 55, 2438, 38978, 959872, 9356055.5,
909, 55, 2447, 38979, 959873, 9356385.0,
910, 54, 2441, 38985, 959879, 9355443.0,
911, 53, 2445, 39006, 959863, 9356798.5,
912, 56, 2445, 38999, 959872, 9357662.5,
913, 55, 2437, 39001, 959883, 9358278.5,
914, 54, 2440, 39001, 959889, 9359436.5,
915, 54, 2441, 38972, 959890, 9359083.5,
916, 56, 2443, 38996, 959873, 9356436.0,
917, 55, 2443, 39015, 959871, 9356419.5,
918, 54, 2446, 39003, 959878, 9358044.0,
919, 56, 2442, 39018, 959869, 9360032.0,
920, 54, 2441, 39016, 959865, 9359056.0,
921, 55, 2442, 38998, 959871, 9359383.0,
922, 55, 2441, 39005, 959877, 9358372.0,
923, 56, 2446, 39021, 959893, 9360357.5,
924, 57, 2441, 38990, 959877, 9361880.0,
925, 56, 2444, 38962, 959887, 9359789.5,
926, 56, 2447, 38985, 959866, 9358723.0,
927, 54, 2440, 38961, 959907, 9357432.5,
928, 55, 2446, 38983, 959881, 9356641.0,
929, 56, 2440, 38983, 959880, 9356546.0,
930, 57, 2448, 38999, 959870, 9356083.0,
931, 56, 2446, 38967, 959879, 9357367.0,
932, 55, 2443, 38973, 959878, 9356812.0,
933, 56, 2452, 38983, 959854, 9355591.5,
934, 55, 2457, 38991, 959849, 9356292.5,
935, 54, 2462, 38986, 959881, 9357286.5,
936, 56, 2451, 38998, 959879, 9359451.0,
937, 54, 2444, 39005, 959884, 9358556.5,
938, 56, 2445, 39012, 959860, 9359892.5,
939, 56, 2444, 38976, 959882, 9360962.5,
940, 55, 2437, 39011, 959856, 9358930.0,
941, 55, 2438, 39031, 959861, 9355915.5,
942, 55, 2443, 39032, 959844, 9357303.5,
943, 56, 2441, 39035, 959848, 9362132.0,
944, 54, 2441, 39006, 959844, 9364830.0,
945, 57, 2436, 39021, 959861, 9363208.0,
946, 56, 2431, 39019, 959867, 9363678.0,
947, 55, 2437, 38995, 959868, 9365292.0,
948, 56, 2428, 39013, 959874, 9363724.5,
949, 56, 2438, 39006, 959857, 9361378.5,
950, 57, 2443, 38997, 959881, 9362240.0,
951, 56, 2450, 38986, 959873, 9358525.5,
952, 58, 2445, 38977, 959880, 9358520.0,
953, 56, 2447, 38976, 959876, 9359053.0,
954, 56, 2447, 38961, 959881, 9360333.5,
955, 55, 2447, 38970, 959887, 9361255.5,
956, 56, 2448, 38978, 959890, 9357853.5,
957, 56, 2448, 38962, 959892, 9357038.5,
958, 56, 2447, 38991, 959876, 9356212.5,
959, 58, 2438, 38983, 959871, 9358983.5,
960, 55, 2450, 38986, 959885, 9359276.5,
961, 56, 2449, 38966, 959899, 9354803.0,
962, 56, 2440, 38986, 959868, 9355129.5,
963, 55, 2449, 38969, 959883, 9357958.0,
964, 57, 2455, 38966, 959884, 9357286.0,
965, 55, 2442, 38945, 959880, 9354778.0,
966, 57, 2444, 38960, 959883, 9353764.0,
967, 56, 2448, 38955, 959886, 9352463.0,
968, 58, 2449, 38945, 959900, 9352528.0,
969, 58, 2444, 38951, 959900, 9350471.5,
970, 56, 2441, 38956, 959900, 9350207.0,
971, 57, 2443, 38971, 959872, 9350432.5,
972, 57, 2442, 38976, 959873, 9350121.0,
973, 56, 2443, 38973, 959875, 9350634.5,
974, 56, 2449, 38972, 959857, 9353248.5,
975, 57, 2447, 38989, 959885, 9351927.5,
976, 57, 2442, 38998, 959869, 9354218.5,
977, 57, 2442, 38982, 959882, 9355120.0,
978, 57, 2437, 38991, 959877, 9357156.0,
979, 58, 2436, 38982, 959890, 9359311.5,
980, 57, 2438, 38983, 959884, 9358300.5,
981, 57, 2446, 38988, 959878, 9358418.5,
982, 56, 2447, 39029, 959859, 9358437.0,
983, 58, 2438, 39021, 959863, 9360171.0,
984, 58, 2438, 39020, 959869, 9360652.5,
985, 57, 2441, 39006, 959848, 9361428.0,
986, 56, 2446, 39016, 959863, 9362535.5,
987, 55, 2449, 39017, 959851, 9362579.0,
988, 59, 2454, 38999, 959878, 9360783.0,
989, 57, 2447, 39000, 959865, 9360790.0,
990, 57, 2443, 38980, 959900, 9361569.5,
991, 58, 2449, 38984, 959877, 9362201.0,
992, 58, 2447, 38987, 959880, 9357877.0,
993, 58, 2448, 38978, 959885, 9357328.0,
994, 57, 2449, 38968, 959895, 9356696.0,
995, 58, 2449, 38990, 959865, 9355836.0,
996, 58, 2450, 38983, 959857, 9356684.5,
997, 59, 2443, 38979, 959879, 9355988.5,
998, 58, 2445, 39014, 959868, 9357103.0,
999, 58, 2446, 38992, 959870, 9357161.5,
1000, 57, 2446, 38985, 959849, 9356028.5,
1001, 58, 2447, 38995, 959875, 9355830.0,
1002, 59, 2457, 39009, 959854, 9355754.5,
1003, 57, 2452, 39001, 959863, 9355199.5,
1004, 59, 2447, 38996, 959851, 9357278.5,
1005, 58, 2448, 39006, 959856, 9356761.0,
1006, 58, 2443, 39019, 959831, 9359055.5,
1007, 59, 2437, 39023, 959824, 9359135.0,
1008, 58, 2443, 39013, 959844, 9359134.0,
1009, 60, 2441, 39035, 959839, 9362376.5,
1010, 59, 2447, 39009, 959835, 9364255.0,
1011, 57, 2434, 39016, 959850, 9363620.5,
1012, 58, 2439, 39001, 959839, 9362684.0,
1013, 58, 2430, 38995, 959874, 9360448.5,
1014, 60, 2433, 38966, 959884, 9360416.5,
1015, 59, 2430, 38974, 959883, 9364336.5,
1016, 59, 2429, 38981, 959892, 9360165.0,
1017, 60, 2429, 38991, 959877, 9359131.5,
1018, 59, 2427, 38987, 959868, 9359635.5,
1019, 57, 2431, 39014, 959878, 9359720.0,
1020, 59, 2431, 38982, 959873, 9358425.5,
1021, 59, 2439, 38972, 959881, 9357087.0,
1022, 59, 2440, 38963, 959881, 9354862.5,
1023, 59, 2446, 38974, 959874, 9355333.5,
1024, 58, 2451, 38972, 959862, 9356007.5,
1025, 58, 2455, 38978, 959853, 9357949.5,
1026, 60, 2448, 38983, 959866, 9356780.0,
1027, 58, 2452, 38979, 959864, 9358600.5,
1028, 58, 2446, 38967, 959870, 9358001.5,
1029, 59, 2446, 38983, 959879, 9358475.5,
1030, 59, 2451, 38988, 959872, 9358137.5,
1031, 58, 2453, 38973, 959884, 9355278.0,
1032, 58, 2456, 38970, 959859, 9356090.0,
1033, 59, 2441, 38963, 959885, 9353770.5,
1034, 58, 2454, 38939, 959891, 9350870.5,
1035, 59, 2447, 38948, 959883, 9350930.5,
1036, 58, 2448, 38952, 959889, 9351433.5,
1037, 57, 2449, 38979, 959863, 9350573.0,
1038, 59, 2453, 38971, 959857, 9352070.5,
1039, 59, 2455, 38986, 959854, 9352308.0,
1040, 58, 2452, 38977, 959867, 9354921.0,
1041, 60, 2452, 38992, 959875, 9354319.0,
1042, 60, 2449, 38962, 959889, 9357062.0,
1043, 60, 2442, 38973, 959881, 9357923.0,
1044, 58, 2449, 38973, 959871, 9355384.0,
1045, 59, 2447, 38962, 959876, 9354629.5,
1046, 59, 2449, 38954, 959892, 9352623.0,
1047, 59, 2447, 38966, 959857, 9352270.0,
1048, 59, 2451, 38967, 959861, 9351377.5,
1049, 59, 2457, 38986, 959879, 9353087.5,
1050, 61, 2449, 38984, 959867, 9358941.0,
1051, 60, 2454, 39002, 959860, 9358129.5,
1052, 60, 2444, 39012, 959851, 9358681.5,
1053, 59, 2441, 39019, 959868, 9360013.0,
1054, 61, 2446, 39002, 959842, 9361265.0,
1055, 59, 2447, 39007, 959859, 9359875.0,
1056, 59, 2448, 39010, 959853, 9360398.0,
1057, 60, 2445, 39019, 959855, 9360158.0,
1058, 59, 2441, 39005, 959849, 9361555.5,
1059, 60, 2441, 39001, 959862, 9362646.0,
1060, 59, 2441, 39006, 959867, 9360900.5,
1061, 59, 2439, 39001, 959863, 9360319.5,
1062, 60, 2437, 39010, 959861, 9360156.5,
1063, 59, 2441, 39011, 959857, 9360654.0,
1064, 59, 2441, 39029, 959861, 9361110.0,
1065, 61, 2443, 39001, 959867, 9364949.0,
1066, 60, 2443, 38997, 959859, 9363859.5,
1067, 60, 2449, 38990, 959876, 9363686.0,
1068, 59, 2448, 38991, 959880, 9364102.5,
1069, 60, 2445, 38983, 959871, 9363281.0,
1070, 59, 2441, 38983, 959876, 9359953.0,
1071, 60, 2447, 38977, 959883, 9359989.0,
1072, 61, 2458, 38985, 959873, 9358676.0,
1073, 61, 2452, 38981, 959864, 9358454.5,
1074, 59, 2452, 38987, 959857, 9356690.0,
1075, 60, 2449, 38983, 959846, 9355303.0,
1076, 58, 2450, 38979, 959871, 9356126.0,
1077, 60, 2458, 38990, 959845, 9357456.0,
1078, 60, 2456, 39005, 959850, 9359063.5,
1079, 60, 2439, 39015, 959838, 9361750.0,
1080, 61, 2445, 39001, 959846, 9363177.5,
1081, 58, 2437, 38988, 959846, 9363694.0,
1082, 59, 2433, 38996, 959845, 9362674.0,
1083, 59, 2433, 38994, 959854, 9360150.0,
1084, 60, 2438, 38992, 959880, 9356581.5,
1085, 59, 2430, 38994, 959866, 9357198.5,
1086, 61, 2432, 38998, 959875, 9358099.5,
1087, 61, 2440, 39004, 959889, 9356692.5,
1088, 62, 2443, 38986, 959869, 9355624.0,
1089, 59, 2450, 38994, 959865, 9357181.5,
1090, 59, 2443, 38972, 959861, 9356943.5,
1091, 59, 2437, 38987, 959868, 9353885.5,
1092, 57, 2446, 38991, 959872, 9354176.5,
1093, 60, 2440, 38991, 959885, 9355007.0,
1094, 60, 2431, 38981, 959893, 9354294.0,
1095, 60, 2438, 38986, 959891, 9356208.5,
1096, 60, 2444, 38986, 959856, 9356140.0,
1097, 62, 2442, 39002, 959864, 9356649.0,
1098, 58, 2444, 39006, 959862, 9359777.5,
1099, 60, 2449, 39002, 959860, 9358415.5,
1100, 61, 2457, 38980, 959865, 9361015.0,
1101, 62, 2458, 38985, 959846, 9356762.0,
1102, 60, 2457, 38975, 959870, 9356436.0,
1103, 60, 2457, 38981, 959866, 9356930.0,
1104, 62, 2453, 38954, 959871, 9356080.0,
1105, 61, 2457, 38973, 959867, 9354934.5,
1106, 58, 2463, 38985, 959845, 9354178.5,
1107, 61, 2461, 38970, 959883, 9356240.0,
1108, 60, 2454, 38956, 959893, 9355453.5,
1109, 60, 2455, 38958, 959879, 9354259.0,
1110, 62, 2452, 38972, 959866, 9353736.0,
1111, 61, 2453, 38991, 959862, 9353964.5,
1112, 61, 2451, 38990, 959870, 9354846.5,
1113, 62, 2458, 38989, 959848, 9354438.5,
1114, 62, 2454, 38970, 959870, 9355160.0,
1115, 60, 2453, 38979, 959863, 9354816.5,
1116, 61, 2443, 38976, 959855, 9353113.0,
1117, 61, 2452, 38973, 959852, 9355302.0,
1118, 62, 2453, 38982, 959848, 9355387.0,
1119, 59, 2445, 38998, 959859, 9354966.5,
1120, 62, 2447, 38981, 959874, 9356874.0,
1121, 62, 2445, 38987, 959871, 9358480.0,
1122, 60, 2443, 39020, 959845, 9360208.0,
1123, 60, 2446, 38993, 959856, 9358278.0,
1124, 61, 2446, 38997, 959868, 9359165.0,
1125, 61, 2446, 39002, 959864, 9360795.0,
1126, 63, 2450, 39016, 959861, 9361431.5,
1127, 61, 2442, 39006, 959868, 9360368.5,
1128, 62, 2440, 39028, 959857, 9360536.0,
1129, 60, 2444, 39025, 959840, 9363184.5,
1130, 61, 2446, 39010, 959836, 9363325.0,
1131, 60, 2442, 39011, 959855, 9362769.5,
1132, 61, 2444, 39016, 959848, 9361448.5,
1133, 63, 2437, 39015, 959844, 9365205.5,
1134, 62, 2442, 39021, 959841, 9363483.0,
1135, 60, 2448, 39006, 959848, 9363905.5,
1136, 64, 2456, 39013, 959852, 9365162.5,
1137, 62, 2452, 38995, 959866, 9363797.0,
1138, 60, 2449, 38989, 959870, 9364654.0,
1139, 61, 2448, 38994, 959869, 9363402.0,
1140, 61, 2442, 39000, 959860, 9361883.0,
1141, 62, 2447, 38988, 959852, 9358594.5,
1142, 63, 2453, 38988, 959858, 9359123.0,
1143, 62, 2454, 39002, 959845, 9359595.0,
1144, 60, 2454, 39009, 959840, 9359884.0,
1145, 60, 2456, 39006, 959834, 9359546.5,
1146, 62, 2445, 38972, 959859, 9360509.0,
1147, 61, 2449, 38981, 959845, 9359568.0,
1148, 61, 2442, 38984, 959825, 9360098.0,
1149, 59, 2440, 38990, 959854, 9358730.5,
1150, 62, 2445, 38987, 959856, 9360417.0,
1151, 61, 2443, 38970, 959864, 9360433.5,
1152, 62, 2444, 38983, 959865, 9355939.5,
1153, 63, 2438, 38971, 959878, 9356342.5,
1154, 62, 2448, 38970, 959888, 9354684.0,
1155, 59, 2449, 38967, 959905, 9353333.0,
1156, 64, 2438, 38968, 959892, 9351679.5,
1157, 63, 2444, 38968, 959909, 9350426.5,
1158, 62, 2440, 38952, 959903, 9351132.5,
1159, 63, 2452, 38968, 959893, 9353643.0,
1160, 63, 2450, 38970, 959876, 9353101.0,
1161, 62, 2445, 38999, 959841, 9353947.0,
1162, 61, 2441, 39022, 959854, 9355450.5,
1163, 63, 2444, 38999, 959859, 9355465.5,
1164, 63, 2440, 38992, 959862, 9356744.5,
1165, 63, 2440, 38991, 959845, 9357739.0,
1166, 64, 2447, 39004, 959848, 9359365.5,
1167, 61, 2459, 38992, 959848, 9358271.0,
1168, 62, 2456, 38995, 959841, 9360706.5,
1169, 61, 2457, 38982, 959864, 9358091.5,
1170, 61, 2456, 38968, 959857, 9356585.5,
1171, 62, 2459, 38976, 959878, 9359340.0,
1172, 62, 2459, 38995, 959870, 9359197.0,
1173, 62, 2453, 39017, 959832, 9355875.0,
1174, 62, 2449, 38990, 959867, 9356051.0,
1175, 62, 2449, 38995, 959852, 9361718.5,
1176, 63, 2457, 39004, 959826, 9362257.0,
1177, 63, 2447, 39006, 959863, 9362497.0,
1178, 63, 2446, 38992, 959852, 9362413.0,
1179, 64, 2456, 38963, 959859, 9362653.0,
1180, 63, 2458, 38979, 959850, 9360269.0,
1181, 62, 2455, 38982, 959851, 9359330.5,
1182, 63, 2452, 38977, 959863, 9357893.0,
1183, 63, 2455, 38979, 959864, 9358875.5,
1184, 62, 2450, 38986, 959844, 9358606.0,
1185, 62, 2447, 38974, 959859, 9356615.0,
1186, 63, 2447, 38973, 959862, 9355851.0,
1187, 65, 2446, 38994, 959838, 9356017.5,
1188, 62, 2444, 38992, 959871, 9354972.5,
1189, 61, 2451, 38987, 959864, 9354015.5,
1190, 62, 2445, 38996, 959861, 9354522.0,
1191, 61, 2439, 39005, 959863, 9356208.0,
1192, 62, 2438, 39020, 959855, 9357644.5,
1193, 64, 2442, 39010, 959857, 9358973.0,
1194, 63, 2445, 39026, 959838, 9360747.0,
1195, 62, 2449, 39005, 959830, 9361808.5,
1196, 61, 2445, 39001, 959858, 9362235.0,
1197, 63, 2450, 39006, 959847, 9363662.0,
1198, 62, 2443, 39000, 959841, 9363318.5,
1199, 61, 2442, 39016, 959832, 9363874.5,
1200, 61, 2450, 39019, 959843, 9364022.5,
1201, 61, 2449, 39011, 959842, 9364719.0,
1202, 63, 2449, 39010, 959850, 9365017.0,
1203, 63, 2451, 39004, 959844, 9364241.5,
1204, 64, 2454, 38995, 959848, 9362103.5,
1205, 64, 2455, 38987, 959858, 9360644.5,
1206, 64, 2447, 38994, 959866, 9357454.5,
1207, 63, 2448, 38977, 959859, 9359613.0,
1208, 63, 2440, 38992, 959868, 9359735.5,
1209, 63, 2448, 38978, 959885, 9359784.0,
1210, 62, 2446, 38986, 959854, 9358450.0,
1211, 64, 2450, 38993, 959841, 9356681.5,
1212, 63, 2450, 39002, 959830, 9359489.0,
1213, 62, 2455, 39007, 959833, 9356813.5,
1214, 63, 2451, 39010, 959850, 9356084.5,
1215, 62, 2451, 38994, 959869, 9358961.5,
1216, 63, 2445, 39011, 959853, 9359042.5,
1217, 64, 2447, 39006, 959852, 9359418.0,
1218, 62, 2450, 38989, 959869, 9359900.0,
1219, 63, 2447, 39000, 959872, 9358726.0,
1220, 63, 2449, 38994, 959857, 9357773.0,
1221, 63, 2451, 39000, 959862, 9358114.0,
1222, 64, 2449, 38980, 959871, 9359238.5,
1223, 65, 2453, 38976, 959879, 9358909.5,
1224, 64, 2446, 39000, 959860, 9356367.5,
1225, 63, 2450, 39004, 959857, 9356251.0,
1226, 62, 2447, 38990, 959862, 9358073.0,
1227, 64, 2450, 39001, 959860, 9360951.0,
1228, 64, 2455, 39004, 959866, 9362341.0,
1229, 61, 2447, 38988, 959865, 9359277.0,
1230, 63, 2448, 38988, 959863, 9356548.0,
1231, 63, 2446, 38990, 959867, 9355449.0,
1232, 64, 2448, 38973, 959860, 9353790.5,
1233, 63, 2449, 38976, 959866, 9355853.0,
1234, 64, 2448, 38968, 959884, 9356297.0,
1235, 64, 2448, 38997, 959857, 9354501.5,
1236, 63, 2459, 38987, 959852, 9356011.0,
1237, 62, 2456, 38989, 959860, 9356323.0,
1238, 64, 2449, 38980, 959855, 9357520.0,
1239, 64, 2451, 38978, 959864, 9358351.5,
1240, 61, 2456, 38990, 959843, 9358778.5,
1241, 64, 2452, 38978, 959848, 9358671.0,
1242, 64, 2456, 39000, 959837, 9358740.5,
1243, 63, 2458, 38977, 959865, 9359087.5,
1244, 65, 2453, 38973, 959840, 9357999.0,
1245, 62, 2459, 38985, 959848, 9357805.0,
1246, 62, 2461, 38992, 959839, 9357030.0,
1247, 65, 2458, 39011, 959835, 9356679.5,
1248, 65, 2457, 39022, 959846, 9357879.5,
1249, 64, 2454, 39005, 959847, 9359606.0,
1250, 67, 2451, 39007, 959844, 9360926.5,
1251, 64, 2449, 39004, 959852, 9362562.5,
1252, 65, 2457, 38995, 959835, 9363813.5,
1253, 65, 2455, 39003, 959841, 9365323.5,
1254, 64, 2447, 39005, 959843, 9362582.5,
1255, 65, 2444, 39004, 959835, 9362357.0,
1256, 64, 2451, 39016, 959839, 9363430.5,
1257, 64, 2445, 38999, 959825, 9361719.0,
1258, 64, 2447, 39026, 959830, 9361217.0,
1259, 63, 2439, 39021, 959839, 9361757.0,
1260, 63, 2444, 39014, 959862, 9361787.5,
1261, 63, 2452, 39022, 959825, 9365121.0,
1262, 63, 2455, 39012, 959836, 9365781.5,
1263, 65, 2452, 39018, 959826, 9365085.5,
1264, 63, 2452, 38994, 959836, 9365464.5,
1265, 65, 2451, 39026, 959820, 9364532.0,
1266, 65, 2449, 39008, 959839, 9364698.5,
1267, 64, 2445, 38985, 959880, 9363315.5,
1268, 66, 2449, 38983, 959855, 9364718.0,
1269, 65, 2455, 38983, 959861, 9362696.5,
1270, 63, 2458, 38977, 959871, 9360892.5,
1271, 64, 2456, 38976, 959861, 9357954.5,
1272, 64, 2454, 38952, 959872, 9357364.0,
1273, 65, 2453, 38965, 959872, 9356071.0,
1274, 65, 2444, 38957, 959871, 9355869.5,
1275, 65, 2444, 38976, 959848, 9354659.5,
1276, 64, 2447, 38985, 959853, 9355639.5,
1277, 64, 2444, 38984, 959866, 9356622.0,
1278, 65, 2446, 38994, 959857, 9356330.0,
1279, 64, 2445, 39015, 959833, 9358171.5,
1280, 62, 2446, 39006, 959848, 9359513.5,
1281, 64, 2450, 39030, 959839, 9359713.0,
1282, 66, 2451, 39018, 959859, 9360470.0,
1283, 65, 2450, 39022, 959819, 9361611.0,
1284, 63, 2444, 39030, 959799, 9361144.5,
1285, 66, 2443, 39015, 959821, 9365156.5,
1286, 65, 2443, 39009, 959844, 9365285.0,
1287, 65, 2446, 38992, 959854, 9363609.0,
1288, 63, 2445, 38996, 959848, 9362748.0,
1289, 65, 2438, 39000, 959856, 9358461.0,
1290, 66, 2448, 38990, 959869, 9358441.5,
1291, 66, 2445, 38977, 959875, 9359068.0,
1292, 65, 2443, 38972, 959869, 9357306.5,
1293, 66, 2443, 38953, 959890, 9357304.0,
1294, 65, 2449, 38974, 959881, 9353432.0,
1295, 65, 2453, 38980, 959860, 9353458.0,
1296, 66, 2458, 38991, 959867, 9353099.0,
1297, 65, 2452, 38997, 959873, 9356599.5,
1298, 67, 2458, 38971, 959839, 9357915.0,
1299, 63, 2451, 38987, 959846, 9359026.5,
1300, 64, 2453, 38979, 959870, 9358273.5,
1301, 65, 2449, 38960, 959881, 9357833.0,
1302, 64, 2453, 38982, 959871, 9357274.5,
1303, 66, 2446, 38987, 959876, 9357023.0,
1304, 66, 2456, 38993, 959861, 9356169.0,
1305, 65, 2456, 38976, 959864, 9356261.0,
1306, 64, 2454, 38973, 959853, 9356466.5,
1307, 65, 2444, 38965, 959846, 9355448.5,
1308, 63, 2457, 38962, 959850, 9354208.5,
1309, 66, 2460, 38956, 959845, 9354415.5,
1310, 65, 2454, 38952, 959865, 9353152.0,
1311, 65, 2460, 38971, 959867, 9353304.5,
1312, 66, 2450, 39004, 959854, 9355476.0,
1313, 66, 2446, 39006, 959865, 9356708.0,
1314, 68, 2461, 39010, 959842, 9357448.5,
1315, 64, 2453, 39010, 959852, 9360905.0,
1316, 66, 2451, 39015, 959841, 9363666.5,
1317, 66, 2452, 39011, 959849, 9362525.5,
1318, 63, 2453, 38999, 959848, 9362390.0,
1319, 65, 2453, 39012, 959821, 9360374.5,
1320, 64, 2453, 39018, 959835, 9363042.5,
1321, 64, 2453, 39026, 959827, 9362604.0,
1322, 66, 2450, 38993, 959869, 9361028.5,
1323, 66, 2459, 39018, 959837, 9361992.0,
1324, 65, 2453, 39004, 959841, 9362439.5,
1325, 67, 2446, 39008, 959844, 9359913.0,
1326, 65, 2453, 38990, 959852, 9360265.0,
1327, 67, 2453, 39001, 959829, 9358418.5,
1328, 66, 2454, 39021, 959834, 9361579.0,
1329, 65, 2457, 39003, 959829, 9363706.5,
1330, 66, 2454, 38990, 959833, 9362420.5,
1331, 66, 2457, 38991, 959845, 9362229.5,
1332, 66, 2450, 38987, 959840, 9361089.0,
1333, 67, 2458, 38991, 959841, 9362654.5,
1334, 65, 2458, 38999, 959845, 9360221.0,
1335, 66, 2453, 38993, 959841, 9361851.0,
1336, 65, 2455, 39006, 959835, 9362953.0,
1337, 65, 2453, 38993, 959852, 9360709.0,
1338, 65, 2445, 39007, 959849, 9359336.0,
1339, 66, 2443, 38990, 959858, 9356800.5,
1340, 68, 2452, 39023, 959849, 9357013.5,
1341, 66, 2452, 39020, 959841, 9357113.5,
1342, 66, 2448, 39002, 959868, 9358248.0,
1343, 67, 2454, 38993, 959845, 9360538.5,
1344, 67, 2457, 39005, 959848, 9363338.0,
1345, 66, 2456, 39001, 959860, 9363240.0,
1346, 66, 2458, 39005, 959832, 9363311.5,
1347, 66, 2455, 38996, 959858, 9363750.0,
1348, 67, 2446, 38986, 959854, 9363323.0,
1349, 63, 2449, 38990, 959860, 9361844.0,
1350, 66, 2445, 39002, 959864, 9362334.5,
1351, 66, 2444, 38998, 959859, 9361648.5,
1352, 66, 2439, 38999, 959841, 9361868.5,
1353, 67, 2440, 39002, 959861, 9362640.5,
1354, 66, 2446, 39000, 959851, 9362555.0,
1355, 67, 2443, 38992, 959863, 9361182.5,
1356, 67, 2447, 38969, 959889, 9360768.0,
1357, 66, 2435, 38979, 959874, 9358192.5,
1358, 65, 2446, 38973, 959880, 9357301.0,
1359, 66, 2441, 38955, 959890, 9356179.0,
1360, 66, 2448, 38986, 959863, 9354268.0,
1361, 66, 2450, 38990, 959857, 9354313.5,
1362, 66, 2459, 38987, 959856, 9352743.0,
1363, 66, 2462, 38974, 959851, 9353511.5,
1364, 67, 2463, 38989, 959854, 9353648.0,
1365, 68, 2458, 38963, 959855, 9355352.5,
1366, 68, 2453, 38977, 959855, 9357583.0,
1367, 67, 2459, 39005, 959834, 9355917.0,
1368, 67, 2463, 38992, 959862, 9357800.5,
1369, 67, 2458, 38999, 959837, 9358996.5,
1370, 66, 2451, 38991, 959855, 9359075.5,
1371, 67, 2452, 38987, 959857, 9358084.0,
1372, 66, 2461, 38988, 959855, 9358480.0,
1373, 65, 2463, 38980, 959857, 9356708.0,
1374, 66, 2466, 38977, 959839, 9354613.5,
1375, 66, 2458, 38952, 959854, 9355970.0,
1376, 66, 2457, 38970, 959864, 9355208.5,
1377, 67, 2455, 38991, 959844, 9352694.0,
1378, 67, 2460, 38965, 959825, 9353457.5,
1379, 68, 2453, 38988, 959835, 9354040.0,
1380, 69, 2456, 39002, 959829, 9355674.0,
1381, 64, 2453, 39021, 959821, 9356267.5,
1382, 65, 2451, 39011, 959814, 9359031.0,
1383, 67, 2456, 39019, 959823, 9361887.5,
1384, 67, 2447, 39003, 959818, 9361592.5,
1385, 67, 2462, 38997, 959811, 9361802.5,
1386, 67, 2455, 38988, 959834, 9361788.0,
1387, 67, 2453, 39025, 959839, 9362689.0,
1388, 65, 2455, 39001, 959839, 9366010.0,
1389, 66, 2454, 38999, 959844, 9363713.0,
1390, 66, 2453, 38976, 959847, 9360786.5,
1391, 68, 2456, 38994, 959863, 9362017.0,
1392, 65, 2451, 38953, 959860, 9362113.0,
1393, 67, 2457, 38980, 959864, 9360105.0,
1394, 64, 2456, 38976, 959861, 9357227.0,
1395, 67, 2457, 38977, 959852, 9355522.0,
1396, 67, 2455, 38979, 959856, 9354642.0,
1397, 67, 2463, 38994, 959852, 9354798.5,
1398, 66, 2462, 38977, 959862, 9354950.5,
1399, 69, 2457, 38973, 959848, 9355681.5,
1400, 68, 2463, 38987, 959834, 9354047.0,
1401, 68, 2465, 38988, 959829, 9355220.5,
1402, 68, 2460, 38982, 959851, 9354997.5,
1403, 66, 2453, 38984, 959856, 9357498.5,
1404, 67, 2456, 38996, 959844, 9357269.5,
1405, 65, 2457, 39007, 959833, 9359597.0,
1406, 66, 2456, 39009, 959843, 9361381.5,
1407, 67, 2454, 39019, 959826, 9361917.0,
1408, 69, 2452, 39028, 959833, 9363419.5,
1409, 67, 2453, 39027, 959813, 9359795.0,
1410, 66, 2452, 39027, 959813, 9360351.0,
1411, 65, 2446, 39041, 959800, 9361642.0,
1412, 68, 2457, 39015, 959815, 9362801.0,
1413, 68, 2452, 39001, 959811, 9367067.0,
1414, 66, 2446, 38989, 959857, 9366541.5,
1415, 69, 2448, 38985, 959855, 9366491.0,
1416, 68, 2445, 39011, 959845, 9364114.0,
1417, 68, 2441, 39002, 959866, 9365513.0,
1418, 69, 2447, 38992, 959853, 9363396.5,
1419, 67, 2444, 39021, 959852, 9363798.5,
1420, 67, 2443, 38993, 959859, 9365017.0,
1421, 67, 2442, 38997, 959859, 9361561.0,
1422, 68, 2451, 38985, 959868, 9360966.5,
1423, 69, 2446, 38982, 959861, 9361208.0,
1424, 69, 2446, 38961, 959849, 9355622.0,
1425, 69, 2444, 38993, 959858, 9353777.5,
1426, 68, 2451, 38969, 959885, 9354916.0,
1427, 67, 2454, 38971, 959867, 9355599.0,
1428, 68, 2455, 38978, 959863, 9354904.5,
1429, 68, 2456, 38965, 959878, 9355084.5,
1430, 69, 2458, 38979, 959850, 9354184.0,
1431, 67, 2450, 38987, 959849, 9354620.5,
1432, 68, 2450, 38997, 959834, 9355448.5,
1433, 66, 2458, 38985, 959824, 9353605.0,
1434, 66, 2457, 38986, 959842, 9355185.0,
1435, 67, 2453, 38987, 959849, 9356119.5,
1436, 67, 2457, 38985, 959848, 9358047.0,
1437, 68, 2452, 38999, 959833, 9358566.5,
1438, 67, 2453, 38993, 959829, 9359484.0,
1439, 67, 2454, 38998, 959814, 9362381.5,
1440, 68, 2452, 39020, 959822, 9361289.0,
1441, 67, 2451, 39015, 959826, 9363014.5,
1442, 68, 2460, 39017, 959836, 9363856.0,
1443, 68, 2459, 38999, 959833, 9362018.0,
1444, 68, 2456, 38983, 959839, 9360986.0,
1445, 68, 2457, 38994, 959844, 9360510.0,
1446, 68, 2458, 38993, 959826, 9358431.0,
1447, 68, 2457, 38993, 959820, 9357381.0,
1448, 67, 2461, 38984, 959827, 9358109.0,
1449, 70, 2456, 38997, 959846, 9358098.5,
1450, 69, 2456, 38990, 959827, 9358619.5,
1451, 67, 2461, 38990, 959839, 9358029.5,
1452, 67, 2451, 39006, 959840, 9356510.5,
1453, 69, 2457, 38989, 959840, 9355920.5,
1454, 66, 2459, 38996, 959834, 9356680.5,
1455, 68, 2457, 39001, 959810, 9357251.5,
1456, 70, 2461, 39012, 959824, 9359154.0,
1457, 66, 2464, 38989, 959831, 9360034.5,
1458, 68, 2466, 38988, 959845, 9359109.0,
1459, 65, 2461, 39004, 959848, 9358385.5,
1460, 68, 2460, 38982, 959849, 9357247.5,
1461, 69, 2463, 38972, 959845, 9356164.5,
1462, 69, 2461, 38998, 959841, 9356045.0,
1463, 70, 2459, 38985, 959849, 9357742.5,
1464, 69, 2464, 38988, 959857, 9359556.5,
1465, 69, 2463, 38989, 959841, 9358074.0,
1466, 69, 2468, 38994, 959849, 9356434.5,
1467, 67, 2461, 39000, 959842, 9357527.0,
1468, 67, 2464, 38992, 959840, 9358230.0,
1469, 67, 2463, 38993, 959836, 9358575.5,
1470, 69, 2462, 38992, 959841, 9357844.0,
1471, 68, 2454, 39004, 959842, 9357614.5,
1472, 67, 2456, 39015, 959818, 9357042.0,
1473, 68, 2462, 38995, 959824, 9359670.5,
1474, 67, 2455, 39035, 959812, 9359793.5,
1475, 67, 2460, 39005, 959846, 9361055.5,
1476, 68, 2463, 39009, 959848, 9359401.5,
1477, 68, 2461, 39000, 959837, 9360815.5,
1478, 69, 2460, 39005, 959845, 9362890.0,
1479, 68, 2454, 39015, 959837, 9363583.5,
1480, 69, 2451, 39008, 959824, 9364497.5,
1481, 68, 2457, 39009, 959832, 9364644.5,
1482, 68, 2455, 39004, 959843, 9365085.0,
1483, 69, 2449, 38997, 959844, 9363202.0,
1484, 69, 2449, 39016, 959850, 9361124.0,
1485, 68, 2444, 38991, 959856, 9361894.0,
1486, 68, 2445, 38986, 959856, 9362132.5,
1487, 67, 2449, 38974, 959855, 9360501.5,
1488, 69, 2448, 38981, 959855, 9359068.0,
1489, 66, 2447, 39000, 959861, 9359352.5,
1490, 69, 2438, 38971, 959859, 9358753.0,
1491, 69, 2443, 38973, 959862, 9356395.0,
1492, 69, 2446, 38975, 959856, 9356381.0,
1493, 70, 2449, 38968, 959853, 9354906.5,
1494, 70, 2449, 38965, 959860, 9354615.5,
1495, 68, 2451, 38976, 959846, 9352042.5,
1496, 68, 2447, 38989, 959841, 9353766.5,
1497, 68, 2449, 38998, 959827, 9352940.5,
1498, 70, 2453, 38985, 959843, 9352538.0,
1499, 69, 2453, 38983, 959851, 9354585.0,
1500, 70, 2448, 38984, 959849, 9354674.5,
1501, 67, 2445, 38989, 959845, 9355561.5,
1502, 69, 2445, 39008, 959843, 9355848.0,
1503, 69, 2451, 38984, 959858, 9357275.0,
1504, 69, 2452, 38987, 959834, 9356215.5,
1505, 69, 2449, 38985, 959837, 9356219.0,
1506, 67, 2455, 38983, 959832, 9355908.5,
1507, 70, 2453, 39004, 959825, 9355772.5,
1508, 70, 2453, 39009, 959834, 9356592.0,
1509, 68, 2456, 39015, 959816, 9358867.5,
1510, 70, 2462, 39000, 959840, 9360831.5,
1511, 69, 2459, 39005, 959838, 9362460.5,
1512, 67, 2456, 39010, 959818, 9361778.0,
1513, 67, 2452, 38997, 959834, 9362620.5,
1514, 68, 2457, 39022, 959817, 9364472.5,
1515, 70, 2459, 39026, 959814, 9365037.5,
1516, 68, 2469, 39028, 959825, 9364791.0,
1517, 70, 2456, 39017, 959819, 9364325.0,
1518, 70, 2452, 39017, 959822, 9364330.0,
1519, 66, 2456, 39024, 959824, 9365914.5,
1520, 70, 2459, 39019, 959816, 9366000.5,
1521, 71, 2462, 39007, 959816, 9365338.0,
1522, 69, 2455, 38995, 959830, 9363875.0,
1523, 67, 2450, 39009, 959823, 9362848.0,
1524, 70, 2452, 39005, 959814, 9361771.5,
1525, 69, 2454, 38976, 959844, 9359530.0,
1526, 70, 2460, 38971, 959855, 9357256.0,
1527, 68, 2460, 38978, 959849, 9358021.0,
1528, 68, 2461, 38965, 959872, 9356331.0,
1529, 69, 2453, 38971, 959846, 9357643.5,
1530, 67, 2450, 38967, 959864, 9356825.0,
1531, 68, 2459, 38970, 959841, 9356385.0,
1532, 69, 2457, 38980, 959857, 9355838.5,
1533, 69, 2464, 38967, 959860, 9355587.5,
1534, 70, 2467, 38984, 959860, 9356070.5,
1535, 69, 2466, 38972, 959847, 9357820.5,
1536, 71, 2466, 38976, 959839, 9359079.0,
1537, 68, 2471, 38983, 959841, 9356426.5,
1538, 70, 2473, 39001, 959834, 9356094.5,
1539, 69, 2472, 38984, 959828, 9356537.0,
1540, 68, 2471, 39001, 959825, 9356952.5,
1541, 69, 2467, 38998, 959830, 9356813.5,
1542, 71, 2465, 39018, 959806, 9356346.5,
1543, 69, 2469, 39017, 959802, 9357643.0,
1544, 67, 2462, 39031, 959822, 9360272.0,
1545, 71, 2461, 39010, 959817, 9362585.0,
1546, 70, 2461, 39020, 959807, 9365036.0,
1547, 68, 2455, 39029, 959805, 9365777.5,
1548, 70, 2455, 38995, 959836, 9364839.5,
1549, 70, 2460, 38989, 959834, 9362450.5,
1550, 71, 2457, 38992, 959846, 9358571.5,
1551, 69, 2456, 39014, 959834, 9358274.5,
1552, 71, 2451, 39035, 959824, 9358015.0,
1553, 69, 2443, 39011, 959836, 9360234.0,
1554, 71, 2445, 39018, 959837, 9361470.5,
1555, 70, 2442, 39004, 959832, 9364451.5,
1556, 69, 2442, 38997, 959847, 9366313.0,
1557, 69, 2440, 38996, 959841, 9366824.5,
1558, 69, 2443, 38995, 959837, 9364615.5,
1559, 69, 2442, 39007, 959819, 9364165.0,
1560, 70, 2438, 38989, 959864, 9363671.5,
1561, 70, 2444, 38989, 959860, 9362772.5,
1562, 69, 2445, 38979, 959848, 9361778.0,
1563, 69, 2445, 39005, 959849, 9359863.0,
1564, 70, 2447, 39001, 959846, 9357684.0,
1565, 71, 2450, 38989, 959842, 9356358.0,
1566, 71, 2450, 39001, 959841, 9357290.0,
1567, 70, 2450, 39009, 959832, 9357861.5,
1568, 69, 2451, 39022, 959841, 9357383.5,
1569, 70, 2447, 39007, 959832, 9360623.5,
1570, 70, 2449, 39004, 959843, 9359503.5,
1571, 67, 2456, 38997, 959838, 9359802.0,
1572, 68, 2456, 39008, 959828, 9361283.5,
1573, 69, 2456, 39011, 959828, 9363035.0,
1574, 69, 2459, 39001, 959833, 9363341.5,
1575, 70, 2452, 38992, 959841, 9364139.5,
1576, 69, 2457, 39002, 959825, 9362626.0,
1577, 71, 2453, 39002, 959802, 9360402.5,
1578, 69, 2450, 38999, 959817, 9361494.5,
1579, 71, 2457, 38990, 959853, 9359827.0,
1580, 69, 2453, 39005, 959850, 9358402.5,
1581, 70, 2456, 39003, 959847, 9358763.5,
1582, 71, 2456, 39021, 959832, 9362503.0,
1583, 70, 2460, 38998, 959826, 9362603.0,
1584, 70, 2459, 39028, 959814, 9363414.0,
1585, 69, 2463, 39020, 959818, 9363254.0,
1586, 69, 2460, 39000, 959831, 9362101.0,
1587, 70, 2462, 39013, 959817, 9362409.0,
1588, 69, 2469, 38994, 959839, 9361020.5,
1589, 69, 2459, 39002, 959830, 9361629.0,
1590, 70, 2454, 39016, 959840, 9363402.0,
1591, 70, 2451, 39012, 959822, 9363089.5,
1592, 72, 2458, 38998, 959826, 9363263.5,
1593, 70, 2458, 38995, 959830, 9363276.0,
1594, 70, 2455, 38998, 959826, 9362010.5,
1595, 71, 2460, 38993, 959829, 9360577.0,
1596, 70, 2457, 38990, 959833, 9359973.5,
1597, 69, 2459, 38984, 959865, 9362116.5,
1598, 72, 2458, 38981, 959854, 9360060.5,
1599, 70, 2461, 38982, 959857, 9358514.5,
1600, 72, 2456, 38989, 959869, 9358109.0,
1601, 70, 2458, 38976, 959857, 9356125.5,
1602, 69, 2463, 38973, 959868, 9354052.5,
1603, 72, 2468, 38947, 959881, 9355369.0,
1604, 69, 2465, 38969, 959851, 9355279.0,
1605, 70, 2466, 38983, 959849, 9356640.5,
1606, 67, 2469, 38983, 959848, 9357036.5,
1607, 71, 2463, 38977, 959838, 9356188.0,
1608, 70, 2463, 38976, 959845, 9353705.5,
1609, 70, 2454, 38982, 959843, 9356034.0,
1610, 70, 2461, 39007, 959826, 9355847.0,
1611, 69, 2464, 38993, 959825, 9356092.0,
1612, 68, 2466, 38996, 959828, 9359571.5,
1613, 72, 2461, 38998, 959842, 9361860.0,
1614, 71, 2459, 38993, 959842, 9358504.5,
1615, 70, 2460, 39012, 959821, 9359414.0,
1616, 71, 2456, 39001, 959835, 9360407.0,
1617, 69, 2461, 39017, 959825, 9360756.0,
1618, 68, 2458, 39031, 959802, 9361379.0,
1619, 71, 2456, 39028, 959811, 9362225.0,
1620, 68, 2452, 39024, 959839, 9363902.0,
1621, 72, 2447, 39033, 959812, 9364229.5,
1622, 69, 2445, 39012, 959809, 9362652.5,
1623, 70, 2447, 39029, 959799, 9362590.5,
1624, 71, 2449, 39036, 959795, 9364126.0,
1625, 71, 2447, 39039, 959823, 9364169.0,
1626, 70, 2451, 39037, 959816, 9366318.0,
1627, 70, 2442, 39035, 959825, 9368037.5,
1628, 71, 2447, 39051, 959817, 9370083.0,
1629, 72, 2442, 39023, 959830, 9368036.5,
1630, 69, 2447, 39015, 959826, 9366129.0,
1631, 70, 2444, 39036, 959830, 9366346.5,
1632, 71, 2447, 39036, 959822, 9366160.0,
1633, 69, 2458, 39022, 959829, 9366536.5,
1634, 72, 2451, 39022, 959820, 9366981.0,
1635, 72, 2454, 39019, 959839, 9367741.0,
1636, 71, 2447, 39007, 959815, 9367558.0,
1637, 70, 2450, 38994, 959842, 9368209.5,
1638, 72, 2448, 38988, 959840, 9366691.5,
1639, 69, 2456, 38998, 959835, 9363864.0,
1640, 72, 2455, 38983, 959849, 9357117.0,
1641, 70, 2465, 39010, 959844, 9354889.0,
1642, 71, 2460, 38971, 959863, 9355851.0,
1643, 72, 2459, 38964, 959876, 9359407.0,
1644, 71, 2457, 38977, 959858, 9361337.5,
1645, 71, 2459, 38988, 959843, 9361047.5,
1646, 71, 2465, 38998, 959825, 9362308.0,
1647, 72, 2462, 39000, 959840, 9362393.5,
1648, 71, 2464, 39025, 959820, 9362497.5,
1649, 72, 2464, 39013, 959819, 9363551.5,
1650, 70, 2463, 39014, 959810, 9364321.5,
1651, 71, 2461, 39009, 959825, 9365732.5,
1652, 68, 2461, 38998, 959819, 9365677.5,
1653, 71, 2459, 39001, 959822, 9363637.5,
1654, 70, 2466, 38995, 959828, 9361070.5,
1655, 70, 2459, 39009, 959809, 9360264.0,
1656, 71, 2466, 38998, 959833, 9360062.0,
1657, 70, 2454, 39001, 959830, 9361230.5,
1658, 71, 2466, 39014, 959826, 9362124.0,
1659, 70, 2469, 39018, 959821, 9364265.5,
1660, 71, 2465, 39006, 959840, 9362898.0,
1661, 71, 2461, 38996, 959817, 9362880.0,
1662, 70, 2462, 39022, 959834, 9361419.5,
1663, 71, 2454, 39018, 959824, 9361198.5,
1664, 71, 2454, 38998, 959843, 9362328.5,
1665, 70, 2462, 38978, 959865, 9361955.0,
1666, 71, 2463, 38992, 959838, 9363323.0,
1667, 70, 2459, 38981, 959824, 9361624.0,
1668, 69, 2463, 39000, 959848, 9359372.0,
1669, 71, 2462, 38987, 959843, 9359730.5,
1670, 71, 2460, 38985, 959834, 9359225.5,
1671, 73, 2461, 38983, 959848, 9359179.5,
1672, 72, 2455, 38996, 959843, 9359967.0,
1673, 69, 2460, 38994, 959848, 9359629.0,
1674, 72, 2459, 38992, 959853, 9358953.0,
1675, 73, 2466, 38987, 959835, 9357917.0,
1676, 69, 2463, 38981, 959846, 9359790.5,
1677, 71, 2454, 38974, 959845, 9359579.5,
1678, 71, 2467, 38998, 959835, 9358513.0,
1679, 70, 2469, 39006, 959841, 9357649.5,
1680, 70, 2464, 39012, 959829, 9358530.5,
1681, 70, 2461, 39006, 959839, 9357665.5,
1682, 72, 2456, 38996, 959840, 9358578.5,
1683, 70, 2460, 39008, 959814, 9359164.0,
1684, 70, 2460, 38996, 959818, 9357508.0,
1685, 71, 2465, 39014, 959821, 9357783.5,
1686, 72, 2461, 39021, 959800, 9358800.0,
1687, 73, 2453, 39023, 959804, 9359946.0,
1688, 70, 2449, 39015, 959808, 9359724.0,
1689, 72, 2454, 39041, 959809, 9361901.0,
1690, 72, 2450, 39042, 959795, 9363646.0,
1691, 72, 2450, 39037, 959807, 9366739.0,
1692, 73, 2446, 39035, 959818, 9367768.5,
1693, 72, 2445, 39043, 959812, 9367493.5,
1694, 72, 2448, 39050, 959795, 9367086.0,
1695, 71, 2445, 39034, 959798, 9368293.5,
1696, 71, 2459, 39026, 959803, 9369121.5,
1697, 71, 2454, 39048, 959805, 9369730.0,
1698, 70, 2443, 39043, 959810, 9370518.5,
1699, 72, 2453, 39041, 959798, 9370797.0,
1700, 71, 2454, 39029, 959811, 9371297.5,
1701, 71, 2452, 39024, 959817, 9370019.5,
1702, 72, 2457, 39012, 959813, 9369025.5,
1703, 70, 2450, 39009, 959834, 9368173.5,
1704, 72, 2450, 39017, 959812, 9368606.0,
1705, 71, 2458, 39019, 959823, 9365643.0,
1706, 73, 2464, 39011, 959824, 9366127.5,
1707, 71, 2463, 39023, 959828, 9365132.0,
1708, 71, 2465, 39022, 959819, 9364692.0,
1709, 72, 2459, 39016, 959833, 9366304.5,
1710, 72, 2465, 39002, 959840, 9365573.0,
1711, 70, 2460, 39002, 959850, 9363966.0,
1712, 70, 2457, 39009, 959836, 9363539.0,
1713, 73, 2452, 39027, 959837, 9360177.0,
1714, 72, 2452, 38999, 959836, 9359619.0,
1715, 71, 2455, 38985, 959851, 9359805.5,
1716, 71, 2460, 39016, 959835, 9359587.0,
1717, 73, 2464, 38978, 959847, 9360234.5,
1718, 70, 2467, 38972, 959862, 9360561.5,
1719, 74, 2467, 38959, 959862, 9360746.0,
1720, 72, 2468, 38987, 959863, 9357796.5,
1721, 71, 2468, 38996, 959849, 9358416.0,
1722, 70, 2469, 38988, 959853, 9358487.0,
1723, 73, 2465, 38995, 959842, 9359506.5,
1724, 74, 2460, 38987, 959850, 9359747.5,
1725, 71, 2460, 39006, 959833, 9360628.0,
1726, 73, 2457, 39010, 959831, 9358055.0,
1727, 72, 2456, 39007, 959841, 9359889.0,
1728, 72, 2458, 39009, 959844, 9360058.0,
1729, 70, 2456, 38993, 959830, 9362376.5,
1730, 72, 2460, 39011, 959844, 9361497.5,
1731, 73, 2458, 38988, 959847, 9361541.0,
1732, 72, 2461, 38999, 959819, 9358905.0,
1733, 73, 2462, 39000, 959817, 9359039.5,
1734, 71, 2459, 39000, 959820, 9359035.5,
1735, 71, 2464, 38982, 959841, 9362864.5,
1736, 71, 2466, 38979, 959827, 9363785.0,
1737, 71, 2462, 38986, 959833, 9362570.0,
1738, 71, 2460, 38988, 959835, 9358799.5,
1739, 74, 2452, 38977, 959820, 9358824.0,
1740, 71, 2464, 39007, 959827, 9360140.5,
1741, 72, 2461, 38994, 959839, 9360163.0,
1742, 71, 2455, 39011, 959828, 9360233.5,
1743, 71, 2457, 39010, 959831, 9359038.5,
1744, 73, 2456, 39029, 959805, 9361684.5,
1745, 71, 2464, 39013, 959815, 9361541.0,
1746, 72, 2456, 38995, 959833, 9362165.5,
1747, 72, 2461, 39013, 959821, 9360555.0,
1748, 73, 2460, 38993, 959831, 9357634.0,
1749, 71, 2462, 39004, 959805, 9359713.5,
1750, 73, 2450, 39026, 959814, 9359663.5,
1751, 72, 2472, 39020, 959802, 9359332.0,
1752, 71, 2465, 39020, 959808, 9361172.0,
1753, 72, 2459, 39025, 959819, 9365269.5,
1754, 71, 2464, 39004, 959817, 9365995.0,
1755, 74, 2467, 39018, 959821, 9364056.5,
1756, 71, 2457, 39035, 959819, 9364843.5,
1757, 71, 2459, 39034, 959809, 9365492.5,
1758, 73, 2458, 39026, 959802, 9364589.0,
1759, 74, 2448, 39036, 959799, 9365354.5,
1760, 72, 2453, 39025, 959814, 9365204.0,
1761, 72, 2449, 39042, 959817, 9366194.0,
1762, 72, 2438, 39057, 959800, 9367982.5,
1763, 72, 2444, 39052, 959804, 9367424.5,
1764, 72, 2447, 39030, 959813, 9369400.5,
1765, 72, 2451, 39012, 959837, 9370613.5,
1766, 74, 2455, 39007, 959826, 9370969.0,
1767, 73, 2458, 39019, 959813, 9371070.5,
1768, 74, 2461, 39018, 959818, 9366120.5,
1769, 72, 2469, 39037, 959809, 9365784.5,
1770, 72, 2466, 38992, 959834, 9366364.0,
1771, 74, 2466, 38999, 959818, 9365195.0,
1772, 71, 2459, 39010, 959819, 9365221.5,
1773, 74, 2465, 39023, 959795, 9364725.5,
1774, 73, 2473, 39018, 959802, 9366835.5,
1775, 71, 2468, 39020, 959798, 9366224.0,
1776, 73, 2464, 38993, 959838, 9365389.5,
1777, 74, 2460, 39018, 959828, 9361995.5,
1778, 73, 2458, 38990, 959836, 9361277.0,
1779, 72, 2468, 39002, 959852, 9362426.0,
1780, 71, 2462, 38986, 959844, 9359366.5,
1781, 73, 2461, 38995, 959832, 9361139.5,
1782, 74, 2467, 38988, 959844, 9361947.0,
1783, 72, 2471, 39004, 959815, 9362753.5,
1784, 72, 2457, 38999, 959846, 9360459.5,
1785, 73, 2456, 38987, 959869, 9358356.5,
1786, 73, 2453, 39004, 959850, 9357405.5,
1787, 74, 2456, 39000, 959844, 9355684.5,
1788, 72, 2464, 39010, 959834, 9357705.5,
1789, 72, 2459, 38991, 959853, 9354361.5,
1790, 74, 2457, 38991, 959859, 9356461.0,
1791, 72, 2470, 38988, 959857, 9357475.0,
1792, 72, 2464, 38994, 959862, 9359505.5,
1793, 73, 2459, 38988, 959870, 9360397.0,
1794, 73, 2466, 38995, 959849, 9358516.0,
1795, 72, 2464, 38987, 959845, 9358243.5,
1796, 73, 2469, 39003, 959851, 9360317.0,
1797, 73, 2469, 38983, 959844, 9359674.5,
1798, 73, 2469, 39005, 959833, 9361174.5,
1799, 74, 2457, 39000, 959842, 9362643.0,
1800, 71, 2461, 38996, 959848, 9361612.0,
1801, 72, 2457, 38966, 959848, 9360271.5,
1802, 71, 2455, 38988, 959836, 9361553.5,
1803, 71, 2462, 38999, 959823, 9359515.0,
1804, 72, 2465, 38996, 959822, 9356526.5,
1805, 74, 2457, 39011, 959822, 9359818.5,
1806, 72, 2457, 39002, 959836, 9361188.5,
1807, 73, 2451, 39025, 959811, 9361801.5,
1808, 72, 2442, 39022, 959806, 9363637.5,
1809, 72, 2448, 39024, 959795, 9365837.0,
1810, 71, 2457, 39014, 959799, 9365395.5,
1811, 71, 2453, 39022, 959823, 9363456.5,
1812, 72, 2455, 39014, 959815, 9365806.5,
1813, 72, 2446, 39021, 959825, 9365333.0,
1814, 75, 2454, 39018, 959821, 9365721.5,
1815, 72, 2456, 39025, 959820, 9364591.0,
1816, 72, 2461, 39037, 959796, 9368906.5,
1817, 74, 2463, 39014, 959810, 9369644.5,
1818, 71, 2471, 39019, 959817, 9370593.0,
1819, 73, 2464, 39019, 959813, 9368435.5,
1820, 73, 2459, 39002, 959822, 9367259.0,
1821, 74, 2463, 39016, 959819, 9365527.5,
1822, 74, 2463, 39012, 959818, 9366897.0,
1823, 71, 2455, 39035, 959812, 9365524.0,
1824, 74, 2458, 39027, 959811, 9368321.0,
1825, 72, 2456, 39011, 959804, 9367462.5,
1826, 72, 2457, 39011, 959806, 9368627.0,
1827, 73, 2456, 39004, 959816, 9366196.0,
1828, 72, 2454, 39024, 959806, 9365180.0,
1829, 73, 2453, 39011, 959805, 9366923.0,
1830, 74, 2454, 39027, 959798, 9367216.5,
1831, 71, 2452, 39047, 959798, 9368291.5,
1832, 73, 2457, 39010, 959812, 9368112.5,
1833, 73, 2451, 39015, 959810, 9368144.5,
1834, 73, 2453, 39012, 959823, 9368747.5,
1835, 72, 2454, 39018, 959822, 9367401.5,
1836, 73, 2459, 39002, 959825, 9366928.0,
1837, 73, 2458, 39019, 959817, 9365136.0,
1838, 73, 2455, 39006, 959823, 9363920.0,
1839, 73, 2462, 38985, 959840, 9362975.5,
1840, 73, 2466, 39009, 959813, 9362791.0,
1841, 74, 2460, 39018, 959823, 9362647.5,
1842, 73, 2456, 39027, 959804, 9363541.0,
1843, 71, 2463, 39011, 959805, 9361968.0,
1844, 72, 2465, 39015, 959810, 9361629.5,
1845, 71, 2461, 38987, 959833, 9362820.0,
1846, 74, 2465, 38997, 959831, 9360619.5,
1847, 73, 2471, 38983, 959847, 9358901.0,
1848, 74, 2466, 38976, 959845, 9358367.0,
1849, 75, 2469, 38971, 959856, 9358327.0,
1850, 72, 2464, 38975, 959854, 9358935.5,
1851, 72, 2460, 38979, 959871, 9356987.0,
1852, 74, 2466, 38976, 959853, 9354550.5,
1853, 72, 2466, 38978, 959812, 9356395.5,
1854, 75, 2465, 38993, 959818, 9356360.0,
1855, 75, 2459, 38998, 959828, 9355676.0,
1856, 74, 2457, 39008, 959823, 9355600.5,
1857, 73, 2459, 39016, 959818, 9354999.0,
1858, 73, 2464, 39011, 959840, 9356299.5,
1859, 73, 2464, 39018, 959810, 9358761.0,
1860, 75, 2462, 39012, 959817, 9360794.5,
1861, 73, 2462, 39008, 959824, 9362144.0,
1862, 74, 2460, 39004, 959829, 9362548.0,
1863, 73, 2471, 38982, 959854, 9362129.5,
1864, 74, 2468, 38989, 959841, 9362146.0,
1865, 72, 2457, 38989, 959836, 9360963.5,
1866, 74, 2454, 38985, 959843, 9360705.5,
1867, 72, 2463, 38978, 959854, 9358597.5,
1868, 74, 2458, 38976, 959842, 9357708.5,
1869, 73, 2457, 38985, 959847, 9358838.0,
1870, 74, 2456, 38977, 959830, 9358292.0,
1871, 75, 2466, 38986, 959840, 9356639.0,
1872, 75, 2462, 38993, 959814, 9356454.5,
1873, 73, 2456, 38998, 959848, 9357443.5,
1874, 75, 2455, 39011, 959815, 9359807.0,
1875, 76, 2465, 39006, 959811, 9360472.5,
1876, 72, 2463, 39009, 959822, 9361574.5,
1877, 73, 2459, 39011, 959829, 9363028.0,
1878, 73, 2455, 39018, 959829, 9361754.5,
1879, 73, 2459, 39008, 959815, 9361041.0,
1880, 73, 2457, 39007, 959841, 9360035.5,
1881, 74, 2465, 38995, 959817, 9357711.5,
1882, 74, 2459, 39016, 959804, 9360802.5,
1883, 74, 2460, 39006, 959802, 9363528.5,
1884, 72, 2458, 39027, 959808, 9363368.5,
1885, 72, 2452, 39033, 959804, 9363538.0,
1886, 73, 2457, 39028, 959781, 9363981.0,
1887, 73, 2451, 39011, 959779, 9366244.0,
1888, 73, 2450, 39026, 959802, 9365827.5,
1889, 75, 2446, 39033, 959781, 9364406.5,
1890, 73, 2448, 39016, 959807, 9366336.0,
1891, 76, 2445, 39049, 959796, 9366499.5,
1892, 72, 2452, 39055, 959801, 9366402.0,
1893, 75, 2448, 39072, 959786, 9369165.5,
1894, 72, 2441, 39047, 959806, 9370548.5,
1895, 75, 2449, 39037, 959796, 9371047.5,
1896, 74, 2454, 39022, 959811, 9369892.5,
1897, 75, 2457, 39011, 959825, 9368387.0,
1898, 74, 2454, 39020, 959793, 9368186.5,
1899, 73, 2454, 39023, 959805, 9367532.0,
1900, 73, 2454, 39019, 959810, 9367263.0,
1901, 73, 2453, 39016, 959823, 9367398.5,
1902, 75, 2462, 39002, 959824, 9365923.0,
1903, 76, 2465, 39014, 959823, 9364824.5,
1904, 75, 2461, 39030, 959792, 9363626.5,
1905, 71, 2462, 39029, 959800, 9364166.0,
1906, 72, 2468, 39024, 959810, 9365982.0,
1907, 74, 2466, 39010, 959811, 9366307.0,
1908, 73, 2468, 39001, 959834, 9364040.0,
1909, 73, 2465, 39006, 959832, 9363307.5,
1910, 74, 2465, 38993, 959838, 9362732.0,
1911, 73, 2464, 38994, 959836, 9364181.5,
1912, 74, 2467, 38991, 959838, 9366054.0,
1913, 75, 2466, 38977, 959840, 9363612.5,
1914, 75, 2462, 38988, 959841, 9361045.0,
1915, 73, 2465, 38989, 959852, 9360277.5,
1916, 73, 2462, 38993, 959835, 9359852.5,
1917, 74, 2462, 39016, 959824, 9358025.0,
1918, 76, 2460, 38990, 959842, 9357197.0,
1919, 74, 2459, 38965, 959862, 9357723.5,
1920, 72, 2464, 38988, 959873, 9357822.5,
1921, 74, 2464, 38976, 959848, 9360875.5,
1922, 76, 2472, 38977, 959857, 9361109.5,
1923, 74, 2470, 38978, 959849, 9358854.0,
1924, 72, 2469, 38981, 959849, 9355990.0,
1925, 74, 2467, 38980, 959837, 9356055.0,
1926, 75, 2474, 38989, 959819, 9357843.5,
1927, 74, 2472, 39008, 959810, 9356925.0,
1928, 75, 2468, 38986, 959837, 9357799.5,
1929, 73, 2461, 39021, 959822, 9360873.0,
1930, 73, 2457, 39012, 959825, 9361710.0,
1931, 74, 2471, 38993, 959813, 9362179.5,
1932, 75, 2468, 38994, 959848, 9359569.0,
1933, 75, 2465, 38980, 959837, 9360503.0,
1934, 73, 2464, 38986, 959844, 9360724.0,
1935, 74, 2460, 38997, 959829, 9358583.5,
1936, 75, 2467, 38989, 959830, 9358794.0,
1937, 74, 2452, 38987, 959842, 9358372.0,
1938, 75, 2461, 39010, 959839, 9357356.5,
1939, 74, 2458, 38988, 959852, 9358969.5,
1940, 75, 2463, 38968, 959861, 9359212.5,
1941, 75, 2461, 38979, 959839, 9357590.5,
1942, 74, 2462, 39002, 959821, 9357395.5,
1943, 74, 2459, 39002, 959834, 9357536.0,
1944, 74, 2461, 38987, 959840, 9357118.5,
1945, 74, 2459, 39008, 959818, 9356608.0,
1946, 74, 2461, 39021, 959814, 9357707.5,
1947, 76, 2456, 39017, 959813, 9359803.5,
1948, 75, 2455, 39014, 959820, 9360028.5,
1949, 73, 2462, 39006, 959838, 9362075.5,
1950, 74, 2462, 39004, 959819, 9360939.5,
1951, 73, 2456, 39012, 959826, 9362900.5,
1952, 73, 2452, 39036, 959808, 9364575.0,
1953, 73, 2450, 39025, 959816, 9365822.5,
1954, 74, 2455, 39031, 959812, 9364684.5,
1955, 76, 2462, 39032, 959804, 9366868.0,
1956, 76, 2451, 39043, 959804, 9371062.0,
1957, 75, 2456, 39045, 959812, 9373383.5,
1958, 74, 2449, 39038, 959800, 9371747.5,
1959, 74, 2451, 39049, 959796, 9370983.0,
1960, 75, 2456, 39054, 959797, 9368305.5,
1961, 74, 2453, 39026, 959815, 9368686.5,
1962, 72, 2447, 39031, 959809, 9370480.0,
1963, 75, 2459, 39028, 959801, 9369446.0,
1964, 73, 2456, 39024, 959805, 9370450.5,
1965, 73, 2457, 39020, 959825, 9368672.5,
1966, 75, 2449, 39015, 959834, 9368693.0,
1967, 74, 2450, 39017, 959807, 9368994.0,
1968, 76, 2456, 39019, 959815, 9369825.5,
1969, 74, 2455, 39003, 959814, 9368669.0,
1970, 75, 2460, 38996, 959842, 9365471.0,
1971, 74, 2466, 38997, 959826, 9363787.0,
1972, 73, 2463, 39025, 959817, 9363171.0,
1973, 75, 2468, 39015, 959814, 9361352.0,
1974, 73, 2462, 39002, 959836, 9361384.0,
1975, 74, 2463, 38997, 959822, 9364842.5,
1976, 76, 2460, 39022, 959798, 9362481.0,
1977, 74, 2461, 39023, 959802, 9365388.0,
1978, 75, 2461, 39005, 959825, 9364397.5,
1979, 73, 2454, 39009, 959821, 9365296.0,
1980, 77, 2456, 39004, 959829, 9364472.0,
1981, 75, 2457, 38993, 959822, 9362824.5,
1982, 75, 2462, 38986, 959829, 9363065.5,
1983, 74, 2470, 38982, 959838, 9359395.0,
1984, 74, 2468, 38981, 959839, 9359515.5,
1985, 74, 2471, 38965, 959855, 9358676.0,
1986, 74, 2465, 38981, 959842, 9358655.5,
1987, 77, 2466, 38979, 959827, 9356357.0,
1988, 76, 2465, 38991, 959849, 9357242.5,
1989, 75, 2467, 38982, 959846, 9357021.0,
1990, 74, 2468, 38969, 959834, 9355991.5,
1991, 76, 2478, 38980, 959835, 9356485.5,
1992, 75, 2468, 38971, 959863, 9357051.5,
1993, 74, 2478, 38974, 959852, 9358177.0,
1994, 76, 2473, 38969, 959835, 9353735.0,
1995, 72, 2463, 38963, 959855, 9356724.0,
1996, 74, 2476, 39003, 959827, 9354646.5,
1997, 74, 2470, 38985, 959822, 9355477.0,
1998, 73, 2469, 38990, 959828, 9357387.0,
1999, 76, 2464, 38994, 959830, 9359431.5,
2000, 74, 2476, 39007, 959804, 9359305.5,
2001, 75, 2465, 39004, 959830, 9359022.5,
2002, 73, 2461, 39001, 959836, 9358678.5,
2003, 77, 2462, 39000, 959834, 9361049.5,
2004, 74, 2456, 38997, 959828, 9363402.0,
2005, 75, 2465, 38983, 959839, 9361431.0,
2006, 75, 2461, 38981, 959851, 9359459.5,
2007, 74, 2462, 38971, 959857, 9358008.0,
2008, 75, 2459, 38969, 959838, 9360489.5,
2009, 75, 2461, 38983, 959844, 9357637.0,
2010, 74, 2452, 39005, 959824, 9356322.0,
2011, 75, 2460, 39012, 959818, 9358303.5,
2012, 77, 2455, 39004, 959831, 9360164.0,
2013, 77, 2456, 38998, 959820, 9359498.0,
2014, 74, 2460, 38983, 959836, 9357667.5,
2015, 75, 2464, 39000, 959840, 9360134.5,
2016, 75, 2464, 39001, 959851, 9362012.5,
2017, 74, 2459, 38980, 959853, 9360219.5,
2018, 74, 2455, 38981, 959852, 9359904.5,
2019, 75, 2457, 38998, 959820, 9358281.0,
2020, 75, 2460, 38998, 959821, 9356789.5,
2021, 77, 2467, 39010, 959812, 9359265.0,
2022, 74, 2464, 39009, 959829, 9359590.0,
2023, 73, 2463, 39007, 959810, 9361793.5,
2024, 75, 2459, 39005, 959837, 9361518.0,
2025, 74, 2454, 38988, 959822, 9363431.5,
2026, 75, 2459, 39000, 959816, 9362274.0,
2027, 75, 2460, 39024, 959783, 9361883.5,
2028, 74, 2460, 39018, 959802, 9363039.5,
2029, 74, 2455, 39029, 959810, 9362704.0,
2030, 74, 2443, 39037, 959790, 9366655.0,
2031, 77, 2444, 39034, 959804, 9366578.0,
2032, 75, 2451, 39008, 959814, 9366361.5,
2033, 74, 2454, 39032, 959810, 9366278.0,
2034, 75, 2455, 39017, 959820, 9366976.0,
2035, 76, 2460, 39015, 959827, 9365978.0,
2036, 75, 2465, 39036, 959802, 9368738.5,
2037, 76, 2457, 39016, 959842, 9365999.0,
2038, 72, 2450, 39033, 959829, 9365221.0,
2039, 75, 2457, 39023, 959817, 9366673.5,
2040, 74, 2453, 39034, 959814, 9363126.5,
2041, 74, 2457, 39019, 959810, 9365474.5,
2042, 75, 2456, 39020, 959811, 9363875.0,
2043, 76, 2462, 39042, 959809, 9365055.0,
2044, 77, 2462, 39039, 959812, 9367853.0,
2045, 75, 2466, 39030, 959790, 9367423.0,
2046, 72, 2457, 39021, 959801, 9368050.5,
2047, 74, 2460, 39009, 959800, 9366945.5,
2048, 75, 2459, 39009, 959826, 9367005.5,
2049, 73, 2456, 39001, 959828, 9365457.5,
2050, 74, 2462, 38998, 959844, 9364242.0,
2051, 73, 2467, 39003, 959819, 9363173.5,
2052, 73, 2465, 38990, 959839, 9360357.0,
2053, 75, 2459, 38996, 959835, 9360854.5,
2054, 72, 2462, 39034, 959823, 9360153.5,
2055, 74, 2462, 39005, 959823, 9359954.5,
2056, 74, 2463, 38987, 959857, 9357834.5,
2057, 74, 2470, 38999, 959834, 9357943.5,
2058, 74, 2466, 38990, 959854, 9359049.5,
2059, 74, 2470, 38990, 959847, 9359424.5,
2060, 73, 2465, 38997, 959844, 9362732.5,
2061, 75, 2473, 38996, 959845, 9364716.5,
2062, 74, 2461, 38978, 959872, 9363789.0,
2063, 75, 2466, 38977, 959870, 9361304.5,
2064, 73, 2464, 38971, 959861, 9360893.0,
2065, 75, 2463, 38974, 959847, 9359258.5,
2066, 74, 2468, 38986, 959827, 9355890.0,
2067, 74, 2463, 38996, 959819, 9354123.5,
2068, 74, 2461, 38996, 959814, 9357366.0,
2069, 74, 2463, 39027, 959820, 9357195.5,
2070, 75, 2465, 38986, 959826, 9358822.0,
2071, 76, 2466, 38988, 959840, 9357485.5,
2072, 74, 2461, 38975, 959848, 9357810.5,
2073, 74, 2458, 38984, 959858, 9356440.5,
2074, 73, 2462, 38970, 959849, 9355838.5,
2075, 74, 2467, 38977, 959847, 9355526.0,
2076, 74, 2463, 38976, 959858, 9355868.0,
2077, 74, 2461, 38982, 959847, 9356551.5,
2078, 74, 2466, 38982, 959844, 9355070.0,
2079, 75, 2463, 38982, 959849, 9354054.0,
2080, 75, 2457, 38987, 959822, 9355697.5,
2081, 73, 2461, 38970, 959847, 9356860.0,
2082, 75, 2453, 38975, 959854, 9356015.5,
2083, 73, 2457, 38974, 959849, 9356208.5,
2084, 74, 2463, 38993, 959808, 9357295.5,
2085, 76, 2461, 38981, 959840, 9357882.0,
2086, 74, 2461, 38993, 959837, 9357948.5,
2087, 76, 2457, 39003, 959828, 9358399.0,
2088, 74, 2462, 39002, 959815, 9361303.5,
2089, 73, 2456, 39004, 959811, 9361070.5,
2090, 75, 2463, 39022, 959806, 9363140.5,
2091, 77, 2462, 39004, 959814, 9360554.5,
2092, 74, 2469, 39021, 959790, 9362892.0,
2093, 74, 2462, 39015, 959807, 9364085.0,
2094, 75, 2458, 38987, 959840, 9364937.5,
2095, 74, 2462, 38990, 959837, 9364048.0,
2096, 75, 2464, 38984, 959834, 9362344.5,
2097, 74, 2454, 38988, 959843, 9360893.0,
2098, 73, 2463, 38990, 959858, 9358848.5,
2099, 75, 2465, 39023, 959827, 9359884.0,
2100, 74, 2454, 39007, 959822, 9360780.0,
2101, 75, 2458, 38996, 959823, 9362130.5,
2102, 74, 2447, 39034, 959817, 9362845.5,
2103, 76, 2453, 39021, 959803, 9362426.5,
2104, 73, 2447, 39008, 959812, 9364061.0,
2105, 74, 2449, 39000, 959822, 9363408.5,
2106, 75, 2460, 39013, 959824, 9364344.0,
2107, 73, 2454, 39021, 959832, 9366185.5,
2108, 74, 2453, 39002, 959827, 9364145.5,
2109, 76, 2456, 39021, 959821, 9363676.5,
2110, 74, 2453, 39024, 959817, 9363710.5,
2111, 74, 2452, 39007, 959821, 9363243.5,
2112, 75, 2455, 38998, 959829, 9363662.0,
2113, 75, 2450, 39005, 959824, 9364175.5,
2114, 74, 2452, 39013, 959835, 9364691.0,
2115, 75, 2450, 39028, 959803, 9362679.0,
2116, 73, 2449, 39012, 959810, 9363392.5,
2117, 72, 2459, 39014, 959834, 9362575.5,
2118, 74, 2457, 39008, 959814, 9364365.5,
2119, 75, 2455, 39028, 959801, 9367129.0,
2120, 72, 2454, 39025, 959813, 9367359.0,
2121, 74, 2460, 39018, 959814, 9367023.0,
2122, 76, 2459, 39005, 959818, 9366572.5,
2123, 74, 2461, 39015, 959823, 9364262.0,
2124, 73, 2459, 38983, 959845, 9361487.0,
2125, 75, 2456, 38999, 959838, 9361251.5,
2126, 72, 2452, 39005, 959819, 9361271.5,
2127, 74, 2458, 39027, 959827, 9360934.5,
2128, 75, 2460, 39002, 959851, 9360349.5,
2129, 74, 2462, 39004, 959835, 9361322.5,
2130, 73, 2457, 39007, 959837, 9361316.0,
2131, 74, 2457, 39007, 959818, 9361937.0,
2132, 74, 2462, 38998, 959823, 9361294.5,
2133, 75, 2466, 38978, 959815, 9361241.0,
2134, 74, 2466, 38974, 959838, 9360527.0,
2135, 72, 2471, 38972, 959850, 9360187.0,
2136, 75, 2471, 38995, 959829, 9359718.0,
2137, 75, 2465, 38992, 959839, 9360200.5,
2138, 74, 2464, 39007, 959820, 9361107.5,
2139, 74, 2464, 39004, 959816, 9357669.0,
2140, 73, 2467, 38999, 959824, 9357651.0,
2141, 76, 2463, 38993, 959825, 9358402.0,
2142, 76, 2458, 38994, 959834, 9359853.5,
2143, 75, 2463, 38988, 959839, 9361296.5,
2144, 74, 2462, 38988, 959839, 9360572.5,
2145, 74, 2466, 38993, 959837, 9358470.5,
2146, 75, 2454, 38995, 959835, 9357320.5,
2147, 78, 2455, 38992, 959825, 9357804.0,
2148, 75, 2456, 39007, 959814, 9357836.0,
2149, 74, 2462, 38998, 959832, 9358243.5,
2150, 75, 2466, 38997, 959830, 9358734.5,
2151, 73, 2469, 38997, 959826, 9357250.5,
2152, 76, 2467, 38991, 959836, 9358032.0,
2153, 74, 2467, 38995, 959819, 9357801.5,
2154, 74, 2469, 38988, 959820, 9357371.0,
2155, 74, 2466, 39021, 959791, 9357494.5,
2156, 74, 2464, 39024, 959792, 9359963.5,
2157, 74, 2468, 39018, 959798, 9363063.5,
2158, 73, 2467, 39018, 959802, 9364684.0,
2159, 74, 2465, 39010, 959813, 9364286.0,
2160, 74, 2469, 39014, 959816, 9364293.5,
2161, 73, 2462, 39015, 959813, 9363258.5,
2162, 75, 2462, 39027, 959796, 9363827.5,
2163, 73, 2467, 39028, 959784, 9363048.0,
2164, 74, 2458, 39015, 959813, 9364580.0,
2165, 75, 2455, 39004, 959822, 9365865.5,
2166, 75, 2457, 39000, 959814, 9363783.0,
2167, 77, 2456, 39002, 959817, 9361780.0,
2168, 74, 2462, 39021, 959831, 9360127.5,
2169, 74, 2463, 39008, 959818, 9362149.0,
2170, 74, 2456, 39025, 959833, 9362377.5,
2171, 75, 2458, 39004, 959837, 9364887.0,
2172, 74, 2455, 38998, 959827, 9360631.0,
2173, 74, 2457, 39007, 959824, 9362768.5,
2174, 75, 2446, 39012, 959816, 9361487.0,
2175, 74, 2454, 39026, 959788, 9363285.0,
2176, 74, 2457, 39027, 959806, 9362103.5,
2177, 74, 2459, 39017, 959825, 9364046.5,
2178, 76, 2456, 39014, 959825, 9364257.5,
2179, 72, 2457, 39004, 959832, 9364538.5,
2180, 74, 2453, 39001, 959832, 9366609.0,
2181, 76, 2448, 39024, 959806, 9365976.5,
2182, 73, 2456, 39037, 959807, 9363518.5,
2183, 74, 2458, 39019, 959796, 9364958.5,
2184, 75, 2452, 39021, 959812, 9363906.0,
2185, 75, 2451, 39031, 959806, 9367777.5,
2186, 75, 2448, 39031, 959796, 9368820.5,
2187, 73, 2446, 39024, 959812, 9370931.0,
2188, 74, 2450, 39018, 959807, 9368291.0,
2189, 76, 2450, 39033, 959802, 9367528.5,
2190, 74, 2453, 39014, 959818, 9367862.5,
2191, 76, 2452, 39003, 959817, 9364769.0,
2192, 75, 2460, 39009, 959813, 9364073.0,
2193, 75, 2457, 39028, 959808, 9362898.5,
2194, 74, 2458, 39013, 959815, 9367496.5,
2195, 74, 2459, 38996, 959844, 9366959.0,
2196, 75, 2461, 39017, 959852, 9364954.0,
2197, 74, 2455, 38993, 959847, 9362527.0,
2198, 73, 2457, 38996, 959849, 9362032.0,
2199, 75, 2456, 38996, 959856, 9361704.0,
2200, 75, 2461, 39001, 959838, 9361196.5,
2201, 75, 2459, 38975, 959851, 9363122.0,
2202, 73, 2458, 38996, 959864, 9361878.0,
2203, 75, 2458, 38985, 959831, 9360688.0,
2204, 74, 2463, 39005, 959835, 9361112.5,
2205, 75, 2465, 39004, 959832, 9358575.5,
2206, 74, 2465, 38986, 959824, 9354309.0,
2207, 76, 2466, 39005, 959811, 9353962.0,
2208, 75, 2471, 38990, 959806, 9357056.5,
2209, 76, 2471, 39003, 959787, 9355969.5,
2210, 74, 2471, 39026, 959787, 9358685.0,
2211, 75, 2475, 38997, 959800, 9358906.0,
2212, 75, 2472, 39007, 959805, 9359681.0,
2213, 77, 2465, 39020, 959794, 9357774.5,
2214, 75, 2459, 39001, 959814, 9356090.0,
2215, 73, 2458, 39017, 959801, 9361412.0,
2216, 74, 2454, 39012, 959798, 9366676.5,
2217, 75, 2457, 39026, 959795, 9367562.0,
2218, 74, 2467, 39036, 959800, 9368189.5,
2219, 76, 2458, 39039, 959789, 9368941.5,
2220, 75, 2461, 39040, 959794, 9368754.5,
2221, 75, 2471, 39037, 959795, 9369182.0,
2222, 74, 2459, 39036, 959789, 9368410.0,
2223, 75, 2466, 39022, 959792, 9367511.0,
2224, 76, 2464, 39026, 959799, 9366126.5,
2225, 74, 2468, 39008, 959819, 9364039.5,
2226, 76, 2468, 39029, 959793, 9363904.5,
2227, 75, 2460, 39024, 959797, 9363296.5,
2228, 73, 2469, 39008, 959791, 9365561.5,
2229, 75, 2469, 39019, 959801, 9367604.5,
2230, 75, 2463, 39008, 959817, 9367575.5,
2231, 76, 2465, 39011, 959802, 9370415.5,
2232, 74, 2468, 39020, 959811, 9370232.0,
2233, 75, 2462, 39023, 959800, 9368925.5,
2234, 73, 2467, 39000, 959818, 9368385.5,
2235, 76, 2467, 38987, 959806, 9363530.5,
2236, 76, 2468, 38997, 959797, 9362574.5,
2237, 76, 2471, 39002, 959804, 9363500.0,
2238, 75, 2462, 38993, 959837, 9362940.5,
2239, 75, 2460, 38999, 959829, 9359276.0,
2240, 74, 2463, 38993, 959826, 9361045.0,
2241, 75, 2466, 39016, 959825, 9361766.5,
2242, 76, 2464, 39037, 959827, 9359461.0,
2243, 74, 2459, 39015, 959819, 9359803.0,
2244, 74, 2456, 39017, 959811, 9362003.5,
2245, 75, 2450, 39026, 959791, 9363122.5,
2246, 75, 2453, 39041, 959793, 9366242.0,
2247, 74, 2463, 39017, 959807, 9367443.0,
2248, 76, 2456, 39019, 959803, 9367209.0,
2249, 75, 2457, 39034, 959811, 9366671.0,
2250, 74, 2458, 39035, 959803, 9366427.5,
2251, 74, 2456, 39036, 959810, 9366585.0,
2252, 75, 2459, 39022, 959808, 9366069.5,
2253, 76, 2457, 39013, 959811, 9365926.5,
2254, 75, 2452, 39009, 959808, 9364887.5,
2255, 76, 2451, 39002, 959814, 9365764.5,
2256, 75, 2455, 39002, 959828, 9367438.0,
2257, 76, 2453, 38999, 959839, 9364674.0,
2258, 74, 2441, 38990, 959847, 9362570.0,
2259, 77, 2450, 39001, 959833, 9362031.0,
2260, 74, 2447, 38990, 959864, 9361087.5,
2261, 74, 2449, 38983, 959846, 9359127.0,
2262, 75, 2454, 38989, 959853, 9358784.5,
2263, 74, 2452, 38985, 959853, 9358081.0,
2264, 75, 2466, 38993, 959837, 9359332.5,
2265, 75, 2458, 38983, 959835, 9358910.5,
2266, 74, 2458, 39009, 959825, 9358452.0,
2267, 76, 2466, 39006, 959830, 9359412.0,
2268, 75, 2460, 38995, 959843, 9360093.5,
2269, 76, 2460, 39004, 959827, 9361767.0,
2270, 74, 2464, 39000, 959842, 9360536.5,
2271, 72, 2459, 38996, 959810, 9360548.5,
2272, 75, 2462, 38988, 959812, 9361303.0,
2273, 73, 2462, 39011, 959819, 9361348.0,
2274, 76, 2457, 39010, 959813, 9360923.0,
2275, 74, 2462, 39001, 959825, 9359852.0,
2276, 74, 2470, 39017, 959810, 9360754.0,
2277, 75, 2462, 39014, 959804, 9360841.5,
2278, 75, 2461, 39048, 959776, 9362494.0,
2279, 74, 2459, 39032, 959805, 9364135.5,
2280, 74, 2461, 39047, 959786, 9364692.5,
2281, 77, 2463, 39024, 959777, 9365115.0,
2282, 76, 2465, 39025, 959786, 9365544.0,
2283, 74, 2471, 39016, 959817, 9364376.5,
2284, 74, 2458, 39032, 959806, 9364397.5,
2285, 75, 2463, 39029, 959794, 9364305.0,
2286, 76, 2467, 39025, 959794, 9364043.5,
2287, 75, 2464, 39043, 959778, 9366296.0,
2288, 76, 2464, 39040, 959782, 9368266.5,
2289, 74, 2464, 39032, 959799, 9368056.0,
2290, 75, 2465, 39017, 959819, 9368252.5,
2291, 76, 2470, 39005, 959820, 9366342.5,
2292, 75, 2472, 39012, 959815, 9366089.0,
2293, 78, 2465, 39045, 959784, 9366470.0,
2294, 75, 2466, 39047, 959800, 9367205.0,
2295, 74, 2467, 39042, 959781, 9367154.5,
2296, 75, 2467, 39046, 959754, 9367394.0,
2297, 79, 2470, 39026, 959794, 9370097.0,
2298, 75, 2467, 39034, 959792, 9370561.5,
2299, 76, 2468, 39013, 959835, 9369774.5,
2300, 76, 2460, 39019, 959805, 9368954.5,
2301, 76, 2461, 39016, 959810, 9369995.0,
2302, 76, 2460, 39018, 959789, 9368359.0,
2303, 76, 2463, 39029, 959793, 9367847.5,
2304, 76, 2466, 39037, 959790, 9368528.5,
2305, 74, 2460, 39032, 959802, 9368638.5,
2306, 75, 2463, 39028, 959808, 9367213.5,
2307, 75, 2453, 39021, 959801, 9368136.5,
2308, 74, 2453, 39017, 959832, 9368683.5,
2309, 77, 2455, 39011, 959830, 9367534.0,
2310, 77, 2451, 39019, 959823, 9366349.5,
2311, 75, 2454, 39012, 959825, 9366588.0,
2312, 75, 2459, 39008, 959840, 9365536.0,
2313, 77, 2457, 39006, 959840, 9364869.0,
2314, 76, 2464, 38995, 959848, 9364277.5,
2315, 75, 2461, 39001, 959834, 9362663.0,
2316, 76, 2466, 39001, 959830, 9361311.0,
2317, 73, 2471, 39000, 959829, 9361687.0,
2318, 77, 2471, 39013, 959821, 9360375.0,
2319, 74, 2464, 39017, 959817, 9361234.0,
2320, 77, 2459, 39001, 959817, 9361583.0,
2321, 77, 2455, 38998, 959828, 9362241.5,
2322, 75, 2461, 39005, 959827, 9362110.5,
2323, 77, 2455, 38996, 959832, 9360286.0,
2324, 75, 2457, 39006, 959803, 9360267.0,
2325, 73, 2447, 39029, 959812, 9360530.5,
2326, 75, 2454, 39021, 959808, 9361071.5,
2327, 75, 2452, 39026, 959821, 9361588.5,
2328, 76, 2453, 39022, 959818, 9360203.0,
2329, 75, 2453, 39025, 959818, 9360565.5,
2330, 75, 2455, 39008, 959822, 9361487.0,
2331, 76, 2448, 39001, 959809, 9364089.5,
2332, 75, 2452, 39008, 959824, 9367186.0,
2333, 78, 2450, 39010, 959811, 9366426.5,
2334, 74, 2459, 39013, 959822, 9362222.0,
2335, 74, 2456, 39028, 959816, 9362085.5,
2336, 74, 2457, 39017, 959796, 9363233.0,
2337, 76, 2464, 39001, 959838, 9364475.0,
2338, 76, 2463, 38985, 959838, 9363307.5,
2339, 76, 2469, 38987, 959840, 9360786.5,
2340, 76, 2467, 38992, 959826, 9359472.5,
2341, 75, 2467, 38998, 959815, 9358867.5,
2342, 74, 2477, 38989, 959827, 9359519.5,
2343, 78, 2462, 39017, 959806, 9360933.5,
2344, 75, 2467, 39010, 959799, 9363422.5,
2345, 76, 2469, 39009, 959785, 9364140.0,
2346, 76, 2467, 39041, 959793, 9364542.0,
2347, 75, 2463, 39039, 959791, 9364591.0,
2348, 75, 2464, 39005, 959813, 9363761.5,
2349, 75, 2461, 39011, 959813, 9365883.5,
2350, 76, 2465, 39010, 959816, 9364654.0,
2351, 76, 2465, 39013, 959821, 9363221.5,
2352, 75, 2465, 39011, 959817, 9364124.5,
2353, 77, 2463, 39003, 959801, 9365455.0,
2354, 75, 2462, 39004, 959811, 9365136.0,
2355, 76, 2458, 39004, 959794, 9364597.0,
2356, 77, 2471, 39004, 959800, 9363332.0,
2357, 76, 2467, 39016, 959782, 9362244.0,
2358, 75, 2470, 38987, 959826, 9360575.0,
2359, 76, 2468, 39003, 959815, 9359687.5,
2360, 76, 2471, 39019, 959818, 9361442.5,
2361, 75, 2463, 38982, 959838, 9363870.0,
2362, 74, 2462, 39009, 959819, 9363352.5,
2363, 75, 2462, 39021, 959793, 9361442.5,
2364, 75, 2459, 39004, 959818, 9361046.0,
2365, 75, 2465, 38993, 959824, 9361532.0,
2366, 76, 2460, 39015, 959801, 9363004.0,
2367, 75, 2462, 39007, 959821, 9363227.0,
2368, 77, 2456, 39023, 959815, 9364997.0,
2369, 74, 2455, 39018, 959823, 9363685.0,
2370, 75, 2461, 39015, 959827, 9364937.5,
2371, 77, 2458, 39023, 959812, 9365234.0,
2372, 76, 2466, 39022, 959822, 9364086.5,
2373, 76, 2461, 38997, 959831, 9364813.0,
2374, 76, 2461, 39034, 959801, 9360107.0,
2375, 76, 2455, 39020, 959813, 9357824.0,
2376, 75, 2460, 39013, 959815, 9359681.0,
2377, 77, 2460, 39000, 959823, 9364586.5,
2378, 76, 2461, 39013, 959808, 9365398.5,
2379, 76, 2461, 39017, 959817, 9366201.0,
2380, 79, 2459, 39038, 959780, 9367530.0,
2381, 78, 2460, 39032, 959800, 9368429.5,
2382, 78, 2457, 39034, 959787, 9368353.5,
2383, 77, 2448, 39022, 959799, 9367232.0,
2384, 75, 2458, 39012, 959802, 9367191.5,
2385, 76, 2462, 39035, 959805, 9366217.0,
2386, 75, 2462, 39028, 959818, 9365175.5,
2387, 76, 2463, 39016, 959807, 9367854.0,
2388, 75, 2457, 39032, 959795, 9369603.0,
2389, 75, 2462, 39027, 959786, 9366081.5,
2390, 76, 2465, 39020, 959802, 9367375.0,
2391, 74, 2465, 39024, 959806, 9369142.5,
2392, 77, 2465, 38989, 959834, 9371046.0,
2393, 73, 2459, 39011, 959811, 9367350.5,
2394, 75, 2463, 39021, 959807, 9363928.5,
2395, 75, 2460, 39012, 959799, 9362514.5,
2396, 76, 2449, 39027, 959810, 9363067.5,
2397, 75, 2450, 39029, 959799, 9365877.0,
2398, 75, 2455, 39035, 959812, 9366119.0,
2399, 76, 2455, 39016, 959816, 9364756.0,
2400, 77, 2454, 39014, 959805, 9365295.0,
