0, 1001365, 0, 0, 0, 0.0,
1, 991352, 10011, 2, 0, 0.0,
2, 980905, 10446, 10014, 0, 5343567872.0,
3, 972232, 19082, 10053, 0, 10186096128.0,
4, 965070, 25923, 10376, 0, 14624606208.0,
5, 958964, 30975, 11443, 2, 18973488128.0,
6, 953138, 34627, 13638, 12, 23754293248.0,
7, 947051, 37240, 17044, 50, 29572477952.0,
8, 940255, 39530, 21477, 151, 36928907264.0,
9, 932760, 41727, 26490, 357, 46109427712.0,
10, 924755, 44121, 31838, 692, 57138728960.0,
11, 916146, 46776, 37266, 1178, 69991297024.0,
12, 907225, 49569, 42758, 1815, 84449886208.0,
13, 897906, 52597, 48379, 2563, 100477292544.0,
14, 888314, 55631, 54129, 3413, 117936496640.0,
15, 878324, 58528, 60130, 4361, 136775983104.0,
16, 868019, 61469, 66352, 5419, 157056327680.0,
17, 857456, 64374, 72774, 6613, 178698969088.0,
18, 846715, 67190, 79414, 7960, 201732923392.0,
19, 835593, 70010, 86235, 9528, 225943830528.0,
20, 824161, 72769, 93060, 11326, 251379720192.0,
21, 812571, 75534, 99907, 13348, 277975580672.0,
22, 800811, 78164, 106781, 15586, 305671864320.0,
23, 788940, 80631, 113812, 18015, 334372192256.0,
24, 776669, 83330, 120815, 20602, 363929681920.0,
25, 764527, 85721, 127873, 23375, 394425663488.0,
26, 751878, 88322, 134936, 26194, 425651814400.0,
27, 739404, 90643, 142145, 29127, 457424371712.0,
28, 726830, 93021, 149360, 32174, 489797042176.0,
29, 714330, 95204, 156659, 35262, 522798465024.0,
30, 701583, 97262, 164178, 38414, 556333662208.0,
31, 688657, 99336, 171744, 41551, 590623342592.0,
32, 675769, 101402, 179427, 44747, 625675501568.0,
33, 663040, 103163, 187237, 48005, 661482799104.0,
34, 650225, 104860, 195114, 51297, 697853149184.0,
35, 637292, 106598, 202975, 54585, 734695227392.0,
36, 624224, 108222, 211062, 57869, 772269015040.0,
37, 611261, 109633, 219186, 61198, 810445668352.0,
38, 598426, 110971, 227345, 64513, 849328373760.0,
39, 585808, 112225, 235777, 67847, 888813191168.0,
40, 573038, 113276, 244116, 71080, 928479182848.0,
41, 560439, 114341, 252534, 74356, 968800239616.0,
42, 547623, 115109, 260920, 77694, 1009608458240.0,
43, 535250, 115941, 269375, 80991, 1050922221568.0,
44, 522850, 116513, 277851, 84248, 1092544692224.0,
45, 510564, 117360, 286320, 87458, 1134485700608.0,
46, 498256, 117751, 294854, 90643, 1176868814848.0,
47, 486447, 118120, 303327, 93835, 1219502080000.0,
48, 474438, 118313, 311832, 96990, 1262572470272.0,
49, 462576, 118383, 320353, 100148, 1305593577472.0,
50, 451152, 118236, 328813, 103187, 1349073895424.0,
51, 439867, 117990, 337266, 106241, 1392710582272.0,
52, 428552, 117887, 345707, 109224, 1436723707904.0,
53, 417444, 117660, 354085, 112233, 1480667627520.0,
54, 406562, 117296, 362173, 115226, 1524782530560.0,
55, 396215, 116685, 370242, 118086, 1568757252096.0,
56, 385957, 116232, 378202, 120942, 1612787875840.0,
57, 375859, 115551, 386116, 123709, 1656441470976.0,
58, 365980, 114833, 394005, 126462, 1700065050624.0,
59, 356637, 113991, 401757, 129154, 1743465414656.0,
60, 347432, 112984, 409280, 131700, 1786794934272.0,
61, 338308, 112273, 416572, 134392, 1829318361088.0,
62, 329545, 111280, 423849, 136938, 1871848341504.0,
63, 320866, 110369, 430920, 139510, 1913811566592.0,
64, 312690, 109222, 437731, 141923, 1955442458624.0,
65, 304560, 108357, 444494, 144359, 1996468518912.0,
66, 296460, 107309, 450893, 146733, 2036782923776.0,
67, 289075, 106190, 457276, 149102, 2076804579328.0,
68, 281674, 104947, 463440, 151309, 2116104617984.0,
69, 274648, 103551, 469383, 153572, 2154801790976.0,
70, 267908, 102403, 475303, 155646, 2192458186752.0,
71, 261053, 101222, 481133, 157690, 2229655830528.0,
72, 254499, 100140, 486653, 159705, 2265593675776.0,
73, 248589, 98974, 492030, 161835, 2301429284864.0,
74, 242389, 97807, 497450, 163755, 2336801816576.0,
75, 236669, 96575, 502594, 165621, 2371053944832.0,
76, 231393, 95274, 507456, 167378, 2404737220608.0,
77, 226220, 93930, 512048, 169058, 2437943394304.0,
78, 221211, 92632, 516625, 170727, 2470144770048.0,
79, 216541, 91497, 520916, 172337, 2501356683264.0,
80, 211745, 90545, 525368, 173858, 2531856482304.0,
81, 207098, 89354, 529496, 175287, 2561541537792.0,
82, 202706, 88227, 533479, 176679, 2590014832640.0,
83, 198970, 86757, 537147, 178071, 2617843253248.0,
84, 195095, 85587, 540854, 179393, 2644848803840.0,
85, 191564, 84520, 544534, 180619, 2671267020800.0,
86, 188134, 83361, 547893, 181929, 2697222160384.0,
87, 184995, 82204, 550986, 183096, 2722487074816.0,
88, 182019, 81112, 554062, 184058, 2746592002048.0,
89, 178625, 80207, 557154, 185175, 2770028331008.0,
90, 176196, 79132, 560056, 186235, 2792676392960.0,
91, 173427, 78263, 562608, 187247, 2813926440960.0,
92, 170781, 77286, 565093, 188115, 2835203358720.0,
93, 168376, 76231, 567717, 189069, 2855556349952.0,
94, 165976, 75476, 570114, 189954, 2875169832960.0,
95, 163929, 74470, 572264, 190675, 2893653213184.0,
96, 161973, 73529, 574473, 191358, 2911374147584.0,
97, 159717, 72789, 576443, 192126, 2928165257216.0,
98, 158449, 72005, 578276, 192772, 2944713621504.0,
99, 156445, 71247, 580227, 193380, 2961109286912.0,
100, 154812, 70591, 581861, 193924, 2976732676096.0,
101, 153491, 69727, 583594, 194544, 2991772925952.0,
102, 151801, 68990, 585355, 195087, 3006340136960.0,
103, 150694, 68297, 586833, 195618, 3019565563904.0,
104, 149310, 67778, 588260, 196091, 3032314019840.0,
105, 148131, 67042, 589516, 196514, 3044571742208.0,
106, 146738, 66449, 590974, 196908, 3056137011200.0,
107, 145937, 65842, 592185, 197260, 3067503443968.0,
108, 144896, 65279, 593395, 197533, 3078198919168.0,
109, 144132, 64838, 594558, 197886, 3088524115968.0,
110, 143365, 64402, 595492, 198195, 3098655588352.0,
111, 142607, 63849, 596346, 198548, 3108282302464.0,
112, 142314, 63222, 597088, 198850, 3117159284736.0,
113, 141595, 62905, 598103, 199098, 3126120284160.0,
114, 140623, 62466, 598825, 199339, 3134223417344.0,
115, 139942, 62265, 599639, 199672, 3142107529216.0,
116, 139588, 61805, 600205, 199873, 3149544685568.0,
117, 139028, 61529, 600933, 199973, 3156359774208.0,
118, 138391, 61295, 601630, 200226, 3163056504832.0,
119, 137842, 60824, 602346, 200268, 3169360019456.0,
120, 137395, 60554, 602809, 200499, 3175235977216.0,
121, 137232, 60081, 603467, 200598, 3180937871360.0,
122, 136701, 60032, 604056, 200796, 3186463473664.0,
123, 136316, 59778, 604514, 200843, 3191685644288.0,
124, 136159, 59595, 604951, 200930, 3196404760576.0,
125, 135705, 59350, 605493, 201072, 3200979697664.0,
126, 135775, 59019, 605663, 201082, 3204989976576.0,
127, 135120, 58949, 605975, 201204, 3209130934272.0,
128, 135047, 58720, 606450, 201320, 3213526433792.0,
129, 134668, 58512, 606831, 201388, 3217733713920.0,
130, 134363, 58413, 607039, 201508, 3221237530624.0,
131, 134523, 58270, 607375, 201586, 3224455741440.0,
132, 134298, 58095, 607487, 201617, 3227534229504.0,
133, 133879, 57875, 607810, 201608, 3230692409344.0,
134, 133856, 57784, 607957, 201662, 3233508884480.0,
135, 133829, 57621, 608117, 201744, 3236197826560.0,
136, 133651, 57565, 608450, 201784, 3238638256128.0,
137, 133428, 57529, 608314, 201852, 3241018392576.0,
138, 133419, 57279, 608540, 201849, 3242971889664.0,
139, 133219, 57255, 608765, 201891, 3245195264000.0,
140, 133278, 57230, 608880, 201935, 3246860795904.0,
141, 133144, 57124, 609026, 201924, 3248150282240.0,
142, 132882, 57149, 609269, 201968, 3249994465280.0,
143, 132904, 57039, 609168, 201998, 3251760922624.0,
144, 132962, 56914, 609321, 201996, 3253188820992.0,
145, 132848, 56848, 609374, 202104, 3254521298944.0,
146, 132913, 56761, 609540, 202155, 3255661887488.0,
147, 133052, 56814, 609648, 202151, 3257161351168.0,
148, 132792, 56847, 609655, 202233, 3258416627712.0,
149, 132378, 56762, 609855, 202226, 3259565342720.0,
150, 132482, 56707, 609949, 202319, 3260436054016.0,
151, 132726, 56628, 610018, 202244, 3261596827648.0,
152, 132567, 56687, 609892, 202281, 3262556667904.0,
153, 132573, 56556, 609976, 202310, 3263212552192.0,
154, 132556, 56570, 610061, 202190, 3264149061632.0,
155, 132812, 56553, 610009, 202262, 3265028816896.0,
156, 133015, 56405, 609802, 202257, 3265177452544.0,
157, 132802, 56459, 609933, 202255, 3265518632960.0,
158, 132727, 56406, 610070, 202228, 3266345697280.0,
159, 132511, 56475, 610045, 202256, 3266623963136.0,
160, 132402, 56429, 610067, 202230, 3267047718912.0,
161, 132495, 56389, 610153, 202243, 3267776741376.0,
162, 132246, 56350, 610113, 202297, 3267903488000.0,
163, 132331, 56386, 610181, 202326, 3268038361088.0,
164, 132343, 56466, 610202, 202311, 3268162224128.0,
165, 132248, 56520, 610235, 202292, 3268244275200.0,
166, 132515, 56514, 610189, 202271, 3268562649088.0,
167, 132341, 56394, 610212, 202279, 3269202804736.0,
168, 132335, 56494, 610460, 202296, 3269826576384.0,
169, 132544, 56417, 610345, 202230, 3269641371648.0,
170, 132860, 56253, 610358, 202252, 3269680168960.0,
171, 132369, 56354, 610284, 202295, 3269938249728.0,
172, 132535, 56329, 610404, 202213, 3270200918016.0,
173, 132521, 56323, 610276, 202211, 3269870223360.0,
174, 132702, 56271, 610137, 202266, 3269948604416.0,
175, 132492, 56259, 610274, 202284, 3270101565440.0,
176, 132760, 56205, 610076, 202350, 3270342475776.0,
177, 132809, 56139, 610082, 202328, 3270849855488.0,
178, 132390, 56287, 610067, 202312, 3270884196352.0,
179, 132597, 56316, 610128, 202328, 3271043055616.0,
180, 132630, 56311, 610256, 202298, 3271008321536.0,
181, 132720, 56280, 610146, 202309, 3271061012480.0,
182, 132620, 56326, 610092, 202286, 3271182385152.0,
183, 132369, 56329, 610129, 202244, 3271335477248.0,
184, 132577, 56343, 610114, 202260, 3271389741056.0,
185, 132448, 56265, 610241, 202170, 3271635369984.0,
186, 132413, 56259, 610304, 202167, 3271290388480.0,
187, 132455, 56321, 610127, 202239, 3271383842816.0,
188, 132757, 56260, 610139, 202286, 3270876463104.0,
189, 132513, 56277, 610247, 202324, 3270711443456.0,
190, 132473, 56441, 610153, 202314, 3270955761664.0,
191, 132562, 56294, 610102, 202319, 3270785105920.0,
192, 132492, 56340, 610163, 202360, 3271202045952.0,
193, 132793, 56390, 610143, 202342, 3271208861696.0,
194, 132666, 56252, 610245, 202336, 3271314767872.0,
195, 132781, 56270, 610026, 202309, 3271609024512.0,
196, 132397, 56303, 610226, 202209, 3271769849856.0,
197, 132556, 56300, 610210, 202308, 3271871299584.0,
198, 132527, 56382, 610144, 202304, 3271775092736.0,
199, 132373, 56299, 610282, 202283, 3271639171072.0,
200, 132426, 56480, 610299, 202229, 3271300874240.0,
201, 132444, 56369, 610435, 202256, 3271331938304.0,
202, 132586, 56345, 610398, 202267, 3271175569408.0,
203, 132604, 56169, 610458, 202195, 3271140835328.0,
204, 132847, 56113, 610351, 202239, 3271428014080.0,
205, 132752, 56251, 610299, 202208, 3271635369984.0,
206, 132557, 56340, 610126, 202211, 3271679803392.0,
207, 132374, 56459, 610228, 202189, 3272141963264.0,
208, 132257, 56369, 610231, 202150, 3272103952384.0,
209, 132320, 56293, 610361, 202147, 3272130691072.0,
210, 132407, 56337, 610430, 202274, 3272182464512.0,
211, 132495, 56400, 610335, 202232, 3271627898880.0,
212, 132540, 56303, 610342, 202275, 3271878901760.0,
213, 132445, 56174, 610293, 202291, 3271826604032.0,
214, 132546, 56282, 610306, 202290, 3272048115712.0,
215, 132601, 56250, 610318, 202331, 3272428093440.0,
216, 132316, 56365, 610160, 202324, 3272603074560.0,
217, 132524, 56310, 610214, 202269, 3272540291072.0,
218, 132365, 56165, 610246, 202291, 3272054931456.0,
219, 132658, 56228, 610115, 202309, 3271734591488.0,
220, 132987, 56154, 610009, 202323, 3271771160576.0,
221, 132912, 56084, 609924, 202380, 3271405338624.0,
222, 132888, 56241, 610021, 202331, 3270708035584.0,
223, 133012, 56131, 609958, 202390, 3270635421696.0,
224, 133273, 56177, 609849, 202394, 3271235076096.0,
225, 133238, 56205, 609858, 202293, 3270814728192.0,
226, 133112, 56309, 609878, 202362, 3270591381504.0,
227, 132949, 56337, 609830, 202311, 3270493995008.0,
228, 133019, 56278, 609912, 202311, 3270400147456.0,
229, 133127, 56187, 609769, 202349, 3270406176768.0,
230, 132888, 56327, 609880, 202312, 3270509461504.0,
231, 133011, 56308, 609924, 202247, 3270521257984.0,
232, 132891, 56305, 609886, 202224, 3270628343808.0,
233, 132808, 56444, 609795, 202197, 3270725206016.0,
234, 132950, 56332, 609819, 202176, 3270563856384.0,
235, 132754, 56242, 610065, 202167, 3270405652480.0,
236, 132802, 56275, 610069, 202182, 3270476824576.0,
237, 132770, 56215, 609976, 202211, 3270289391616.0,
238, 132914, 56289, 610021, 202148, 3270573424640.0,
239, 132899, 56306, 610169, 202195, 3270237880320.0,
240, 132607, 56449, 610301, 202273, 3270255181824.0,
241, 132580, 56351, 610284, 202201, 3270577750016.0,
242, 132371, 56325, 610308, 202138, 3270976995328.0,
243, 132539, 56369, 610164, 202130, 3270941212672.0,
244, 132780, 56221, 610276, 202176, 3270953402368.0,
245, 132595, 56198, 610092, 202208, 3270915129344.0,
246, 132711, 56188, 610250, 202247, 3270763216896.0,
247, 132933, 56161, 610278, 202157, 3270626377728.0,
248, 133172, 56054, 610037, 202214, 3271002554368.0,
249, 133207, 56148, 609950, 202193, 3271215284224.0,
250, 132951, 56277, 610019, 202260, 3271600242688.0,
251, 132661, 56306, 610101, 202277, 3271417921536.0,
252, 132774, 56304, 610241, 202223, 3271034404864.0,
253, 132936, 56265, 610178, 202211, 3271232716800.0,
254, 132634, 56306, 610217, 202206, 3271115669504.0,
255, 132717, 56344, 610355, 202179, 3271176093696.0,
256, 132533, 56411, 610292, 202341, 3271273086976.0,
257, 132369, 56322, 610118, 202323, 3271490142208.0,
258, 132393, 56382, 610181, 202325, 3271599325184.0,
259, 132446, 56196, 610104, 202355, 3271830798336.0,
260, 132640, 56059, 610099, 202337, 3271939063808.0,
261, 132904, 56116, 610042, 202237, 3271727251456.0,
262, 132709, 56206, 610195, 202306, 3271741538304.0,
263, 132638, 56251, 610137, 202230, 3271899873280.0,
264, 132813, 56280, 609966, 202234, 3271653457920.0,
265, 132492, 56319, 610161, 202269, 3271345831936.0,
266, 132823, 56464, 609976, 202313, 3271392362496.0,
267, 132549, 56398, 610181, 202291, 3271765524480.0,
268, 132524, 56276, 610109, 202339, 3271651229696.0,
269, 132611, 56327, 610247, 202278, 3271770767360.0,
270, 132536, 56348, 610244, 202288, 3271477035008.0,
271, 132943, 56180, 610169, 202303, 3271497613312.0,
272, 132985, 56152, 610089, 202208, 3271445446656.0,
273, 132753, 56208, 610073, 202202, 3271310573568.0,
274, 132817, 56250, 610124, 202178, 3271046070272.0,
275, 132764, 56475, 610065, 202111, 3271107805184.0,
276, 132935, 56289, 610098, 202146, 3270857326592.0,
277, 132508, 56367, 610151, 202241, 3271061536768.0,
278, 132677, 56315, 610066, 202204, 3271223017472.0,
279, 132443, 56337, 610352, 202295, 3270813024256.0,
280, 132629, 56344, 610193, 202244, 3270764527616.0,
281, 132351, 56371, 610323, 202293, 3270776324096.0,
282, 132265, 56322, 610398, 202224, 3270941605888.0,
283, 132304, 56394, 610518, 202263, 3271182647296.0,
284, 132669, 56143, 610283, 202211, 3271626326016.0,
285, 132422, 56229, 610490, 202262, 3271494598656.0,
286, 132244, 56268, 610433, 202244, 3271912194048.0,
287, 132715, 56165, 610382, 202312, 3271938015232.0,
288, 132826, 56118, 610339, 202255, 3271868284928.0,
289, 132440, 56325, 610324, 202293, 3272028585984.0,
290, 132589, 56250, 610282, 202164, 3272086519808.0,
291, 132779, 56214, 610374, 202190, 3271974977536.0,
292, 132424, 56219, 610390, 202243, 3271689764864.0,
293, 132768, 56329, 610288, 202336, 3271923990528.0,
294, 132622, 56397, 610164, 202364, 3271573635072.0,
295, 132800, 56276, 609970, 202359, 3271927267328.0,
296, 132571, 56405, 609976, 202385, 3271879557120.0,
297, 132574, 56314, 610088, 202361, 3271609155584.0,
298, 132668, 56217, 610100, 202387, 3271424344064.0,
299, 132918, 56173, 610158, 202393, 3271398653952.0,
300, 132967, 56201, 609848, 202351, 3271141359616.0,
301, 132995, 56298, 609871, 202267, 3270811320320.0,
302, 132851, 56389, 609979, 202221, 3270727041024.0,
303, 132667, 56336, 609920, 202286, 3270754828288.0,
304, 132371, 56343, 610039, 202254, 3271005962240.0,
305, 132691, 56324, 610110, 202280, 3270951174144.0,
306, 132381, 56215, 610245, 202215, 3271162200064.0,
307, 132424, 56319, 610236, 202222, 3271199293440.0,
308, 132588, 56208, 610454, 202274, 3271363395584.0,
309, 132534, 56316, 610482, 202290, 3271076741120.0,
310, 132433, 56410, 610311, 202225, 3271234289664.0,
311, 132588, 56180, 610293, 202238, 3271398129664.0,
312, 132524, 56183, 610183, 202210, 3271656603648.0,
313, 132370, 56234, 610216, 202204, 3271966588928.0,
314, 132418, 56260, 610359, 202196, 3271912587264.0,
315, 132461, 56305, 610273, 202239, 3272314978304.0,
316, 132606, 56249, 610457, 202192, 3272085733376.0,
317, 132565, 56249, 610243, 202223, 3272028454912.0,
318, 132601, 56201, 610219, 202220, 3271804715008.0,
319, 132722, 56198, 610226, 202277, 3271882047488.0,
320, 132311, 56306, 610246, 202275, 3272351023104.0,
321, 132302, 56314, 610472, 202289, 3272298594304.0,
322, 132523, 56199, 610313, 202233, 3272546713600.0,
323, 132539, 56183, 610342, 202256, 3272432812032.0,
324, 132579, 56134, 610342, 202282, 3272516698112.0,
325, 132671, 56193, 610256, 202229, 3272712650752.0,
326, 132604, 56242, 610315, 202269, 3272673329152.0,
327, 132695, 56189, 610343, 202277, 3272914108416.0,
328, 132573, 56228, 610364, 202231, 3272966144000.0,
329, 132313, 56342, 610467, 202326, 3272683814912.0,
330, 132409, 56227, 610319, 202272, 3271982972928.0,
331, 132438, 56262, 610258, 202374, 3272322580480.0,
332, 132250, 56374, 610133, 202255, 3272024653824.0,
333, 132415, 56178, 610197, 202316, 3271888994304.0,
334, 132504, 56257, 610252, 202302, 3271541784576.0,
335, 132560, 56134, 610282, 202275, 3271523041280.0,
336, 132778, 56130, 610193, 202349, 3271105445888.0,
337, 132605, 56225, 610166, 202350, 3271282262016.0,
338, 132478, 56329, 610078, 202279, 3271192215552.0,
339, 132322, 56381, 610279, 202260, 3271504560128.0,
340, 132641, 56309, 610297, 202190, 3271107411968.0,
341, 132670, 56185, 610260, 202310, 3271177666560.0,
342, 132941, 56201, 610115, 202230, 3271288815616.0,
343, 132835, 56132, 610140, 202258, 3271334690816.0,
344, 132858, 56086, 610277, 202301, 3271196540928.0,
345, 132499, 56303, 610154, 202238, 3271015006208.0,
346, 132771, 56395, 610313, 202200, 3271222755328.0,
347, 132307, 56447, 610287, 202249, 3271723843584.0,
348, 132414, 56331, 610426, 202270, 3271676133376.0,
349, 132169, 56322, 610326, 202291, 3271795408896.0,
350, 132439, 56340, 610590, 202292, 3272008138752.0,
351, 132235, 56411, 610406, 202313, 3272249966592.0,
352, 132471, 56275, 610426, 202293, 3272572665856.0,
353, 132356, 56249, 610534, 202271, 3272336736256.0,
354, 132428, 56307, 610409, 202321, 3272213266432.0,
355, 132332, 56284, 610595, 202350, 3272373567488.0,
356, 132400, 56392, 610517, 202313, 3272652095488.0,
357, 132489, 56244, 610433, 202235, 3272951201792.0,
358, 132691, 56253, 610302, 202313, 3273116090368.0,
359, 132507, 56122, 610310, 202404, 3272859582464.0,
360, 132476, 56140, 610305, 202384, 3273075458048.0,
361, 132619, 56147, 610324, 202307, 3272872558592.0,
362, 132683, 56168, 610221, 202269, 3272620507136.0,
363, 132710, 56215, 610376, 202294, 3272496513024.0,
364, 132641, 56298, 610548, 202261, 3272582234112.0,
365, 132694, 56244, 610464, 202279, 3272667037696.0,
366, 132333, 56256, 610096, 202367, 3272650784768.0,
367, 132734, 56147, 610126, 202263, 3272266481664.0,
368, 132560, 56183, 610094, 202301, 3271945486336.0,
369, 132595, 56211, 610215, 202314, 3272291909632.0,
370, 132787, 56238, 610147, 202344, 3272033435648.0,
371, 133098, 56247, 609925, 202274, 3271905378304.0,
372, 132783, 56286, 609965, 202345, 3271406256128.0,
373, 132992, 56260, 609847, 202334, 3271293140992.0,
374, 132675, 56378, 610022, 202353, 3271162724352.0,
375, 132721, 56447, 609869, 202317, 3271339278336.0,
376, 132667, 56313, 609856, 202319, 3271333642240.0,
377, 132629, 56298, 609789, 202394, 3270863224832.0,
378, 132773, 56309, 610002, 202282, 3271034667008.0,
379, 132645, 56397, 610163, 202261, 3271119863808.0,
380, 132731, 56230, 610047, 202292, 3270743818240.0,
381, 132789, 56248, 610134, 202294, 3270582468608.0,
382, 132766, 56274, 610320, 202287, 3270433308672.0,
383, 132833, 56304, 610223, 202244, 3270631620608.0,
384, 133096, 56095, 609998, 202247, 3271010811904.0,
385, 132977, 56100, 609793, 202229, 3271055507456.0,
386, 132854, 56270, 610048, 202235, 3271027851264.0,
387, 132792, 56218, 609840, 202181, 3270655213568.0,
388, 132957, 56232, 609948, 202098, 3270980534272.0,
389, 132707, 56399, 610067, 202131, 3270842384384.0,
390, 132501, 56549, 610289, 202163, 3271331938304.0,
391, 132512, 56422, 610217, 202167, 3271501021184.0,
392, 132765, 56244, 610065, 202179, 3271489224704.0,
393, 132783, 56267, 609917, 202162, 3271024181248.0,
394, 132901, 56228, 610188, 202182, 3271000850432.0,
395, 132767, 56190, 610294, 202218, 3271062978560.0,
396, 132613, 56294, 610208, 202153, 3270749061120.0,
397, 132594, 56268, 610292, 202160, 3270341689344.0,
398, 132276, 56595, 610240, 202194, 3270335135744.0,
399, 132293, 56364, 610503, 202228, 3270690734080.0,
400, 132389, 56254, 610419, 202233, 3271257358336.0,
401, 132469, 56182, 610456, 202174, 3271230488576.0,
402, 132706, 56198, 610263, 202185, 3271106494464.0,
403, 132585, 56214, 610277, 202238, 3271271514112.0,
404, 132910, 56120, 610138, 202176, 3271672725504.0,
405, 132555, 56189, 610118, 202212, 3271968423936.0,
406, 132920, 56082, 610152, 202206, 3271653588992.0,
407, 132638, 56309, 610337, 202172, 3271874838528.0,
408, 132791, 56297, 610163, 202250, 3271650574336.0,
409, 132989, 56241, 610074, 202212, 3271572717568.0,
410, 133034, 56205, 609975, 202320, 3271954923520.0,
411, 132646, 56196, 609947, 202341, 3271705886720.0,
412, 132782, 56220, 609978, 202366, 3271777976320.0,
413, 132589, 56325, 610201, 202280, 3271686225920.0,
414, 132468, 56282, 610086, 202298, 3271740227584.0,
415, 132641, 56291, 610100, 202355, 3271515963392.0,
416, 132604, 56349, 610158, 202247, 3271746781184.0,
417, 132672, 56321, 610126, 202223, 3271639040000.0,
418, 132540, 56285, 610265, 202271, 3271676919808.0,
419, 132622, 56317, 610190, 202261, 3271054327808.0,
420, 132583, 56342, 610325, 202237, 3270886948864.0,
421, 132577, 56401, 610463, 202244, 3270844612608.0,
422, 132574, 56355, 610397, 202229, 3271151845376.0,
423, 132651, 56184, 610330, 202205, 3271166394368.0,
424, 132603, 56266, 610351, 202192, 3271569833984.0,
425, 132585, 56272, 610368, 202182, 3271852556288.0,
426, 132699, 56129, 610329, 202200, 3271449640960.0,
427, 132674, 56210, 610353, 202137, 3271637991424.0,
428, 132729, 56223, 610342, 202222, 3271843250176.0,
429, 133118, 56202, 610162, 202254, 3271913766912.0,
430, 133065, 56243, 610065, 202243, 3271631044608.0,
431, 132871, 56300, 610143, 202238, 3271499317248.0,
432, 132718, 56236, 610250, 202163, 3271814938624.0,
433, 132997, 56316, 610193, 202203, 3271935655936.0,
434, 132808, 56288, 610088, 202177, 3271736950784.0,
435, 132802, 56098, 610076, 202243, 3271486996480.0,
436, 132572, 56325, 610088, 202276, 3271630389248.0,
437, 132644, 56306, 609915, 202242, 3271590150144.0,
438, 132771, 56209, 609949, 202333, 3271680851968.0,
439, 132733, 56331, 610060, 202232, 3271452917760.0,
440, 132557, 56335, 610156, 202259, 3271680458752.0,
441, 133024, 56286, 609974, 202185, 3271919534080.0,
442, 132851, 56224, 609933, 202210, 3271498137600.0,
443, 132985, 56291, 610066, 202229, 3270820757504.0,
444, 132703, 56187, 609753, 202335, 3270637649920.0,
445, 132847, 56139, 609898, 202406, 3270395559936.0,
446, 132864, 56290, 609845, 202313, 3270773702656.0,
447, 132820, 56261, 610016, 202227, 3270842122240.0,
448, 132727, 56350, 610025, 202191, 3270651412480.0,
449, 132891, 56377, 610323, 202197, 3270500155392.0,
450, 132663, 56385, 610248, 202176, 3270394773504.0,
451, 132475, 56403, 610400, 202208, 3270636863488.0,
452, 132325, 56436, 610441, 202287, 3270545113088.0,
453, 132812, 56261, 610210, 202188, 3270821150720.0,
454, 132742, 56271, 610242, 202201, 3270863486976.0,
455, 132629, 56319, 610335, 202164, 3271086047232.0,
456, 132680, 56339, 610428, 202156, 3271129825280.0,
457, 132660, 56172, 610253, 202221, 3271347929088.0,
458, 132675, 56242, 610108, 202251, 3271483850752.0,
459, 132788, 56305, 609960, 202187, 3271156301824.0,
460, 132733, 56269, 610085, 202244, 3271138869248.0,
461, 132820, 56219, 609893, 202186, 3270963625984.0,
462, 132615, 56261, 610077, 202207, 3271145947136.0,
463, 132979, 56148, 610228, 202155, 3271255785472.0,
464, 132888, 56224, 610039, 202209, 3271131004928.0,
465, 132823, 56293, 610033, 202254, 3270985252864.0,
466, 132666, 56236, 610127, 202235, 3270745128960.0,
467, 132677, 56206, 609996, 202284, 3270945406976.0,
468, 132664, 56278, 609947, 202248, 3271095877632.0,
469, 132845, 56312, 610008, 202304, 3271221444608.0,
470, 132722, 56373, 609967, 202280, 3271355531264.0,
471, 132609, 56242, 609913, 202271, 3271548076032.0,
472, 132681, 56418, 609965, 202253, 3271128776704.0,
473, 132596, 56457, 610036, 202198, 3271191429120.0,
474, 132009, 56451, 610191, 202264, 3271089586176.0,
475, 132628, 56406, 610196, 202333, 3270772916224.0,
476, 132543, 56377, 610195, 202368, 3270949208064.0,
477, 132483, 56362, 610476, 202292, 3271018807296.0,
478, 132585, 56169, 610335, 202278, 3271428538368.0,
479, 132542, 56222, 610605, 202278, 3271546503168.0,
480, 132658, 56255, 610381, 202210, 3271582285824.0,
481, 132501, 56214, 610449, 202249, 3271709687808.0,
482, 132555, 56313, 610383, 202171, 3271513997312.0,
483, 132570, 56190, 610281, 202242, 3271528415232.0,
484, 132435, 56133, 610296, 202205, 3271848493056.0,
485, 132791, 56136, 610166, 202210, 3272248786944.0,
486, 133134, 56092, 609990, 202180, 3272018624512.0,
487, 132783, 56113, 609988, 202226, 3271655686144.0,
488, 133110, 55987, 609946, 202227, 3271348977664.0,
489, 132946, 56116, 609922, 202237, 3271259586560.0,
490, 132996, 56202, 609957, 202235, 3271510327296.0,
491, 133064, 56200, 609991, 202246, 3271303233536.0,
492, 132909, 56276, 610061, 202181, 3271057866752.0,
493, 132788, 56333, 610044, 202286, 3271274135552.0,
494, 132891, 56205, 610094, 202235, 3270841204736.0,
495, 133134, 56267, 609979, 202227, 3270585352192.0,
496, 132688, 56326, 609991, 202237, 3270354010112.0,
497, 132559, 56313, 609945, 202280, 3270622445568.0,
498, 132606, 56309, 610044, 202290, 3271054852096.0,
499, 132601, 56243, 610066, 202289, 3270869123072.0,
500, 133011, 56041, 609949, 202290, 3270470533120.0,
501, 133080, 56123, 609975, 202295, 3270252036096.0,
502, 132889, 56249, 609792, 202361, 3270277464064.0,
503, 132853, 56271, 609946, 202273, 3270224904192.0,
504, 133155, 56209, 609905, 202304, 3270261080064.0,
505, 132596, 56396, 610137, 202289, 3270039699456.0,
506, 132822, 56414, 609959, 202261, 3270140887040.0,
507, 132719, 56397, 610062, 202233, 3270262259712.0,
508, 132656, 56492, 610000, 202215, 3270298566656.0,
509, 132697, 56284, 610025, 202192, 3269955551232.0,
510, 132692, 56313, 610142, 202205, 3270425313280.0,
511, 132478, 56398, 610332, 202132, 3270822199296.0,
512, 132478, 56392, 610238, 202154, 3270815514624.0,
513, 132596, 56338, 610395, 202161, 3270978568192.0,
514, 132616, 56351, 610373, 202233, 3271262732288.0,
515, 132573, 56271, 610263, 202160, 3271377289216.0,
516, 132571, 56293, 610035, 202173, 3271381614592.0,
517, 132588, 56398, 610175, 202182, 3271360905216.0,
518, 132533, 56247, 610242, 202194, 3271532347392.0,
519, 132559, 56109, 610485, 202169, 3271274266624.0,
520, 132270, 56128, 610581, 202182, 3271215546368.0,
521, 132544, 56272, 610612, 202196, 3271697760256.0,
522, 132280, 56355, 610642, 202156, 3271785578496.0,
523, 132481, 56192, 610469, 202199, 3272259928064.0,
524, 132406, 56223, 610471, 202228, 3272452734976.0,
525, 132582, 56155, 610383, 202160, 3272434647040.0,
526, 132664, 56269, 610383, 202217, 3272180760576.0,
527, 132538, 56202, 610439, 202282, 3272272510976.0,
528, 132527, 56238, 610458, 202372, 3272419966976.0,
529, 132465, 56303, 610435, 202423, 3272111947776.0,
530, 131986, 56305, 610494, 202375, 3271898431488.0,
531, 132362, 56149, 610373, 202325, 3272198455296.0,
532, 132584, 56211, 610357, 202320, 3272367276032.0,
533, 132681, 56166, 610147, 202338, 3272541208576.0,
534, 132494, 56270, 610263, 202300, 3272438448128.0,
535, 132659, 56212, 610284, 202246, 3272287059968.0,
536, 132447, 56273, 610130, 202325, 3272196227072.0,
537, 132600, 56338, 610373, 202335, 3272260452352.0,
538, 132338, 56383, 610257, 202380, 3272137900032.0,
539, 132255, 56284, 610282, 202397, 3271869857792.0,
540, 132586, 56235, 610140, 202393, 3272225062912.0,
541, 132639, 56131, 610077, 202340, 3272236990464.0,
542, 132468, 56213, 610164, 202331, 3271933034496.0,
543, 132506, 56304, 610069, 202360, 3272089403392.0,
544, 132850, 56148, 610094, 202280, 3272149041152.0,
545, 132830, 56219, 610061, 202305, 3271811137536.0,
546, 132571, 56268, 610215, 202269, 3271646511104.0,
547, 132492, 56250, 610121, 202350, 3272019148800.0,
548, 132837, 56290, 610086, 202350, 3271820967936.0,
549, 132781, 56207, 610030, 202366, 3271656210432.0,
550, 132908, 56206, 609892, 202334, 3271677706240.0,
551, 132791, 56227, 609878, 202232, 3271655161856.0,
552, 133025, 56211, 609866, 202174, 3271588577280.0,
553, 133084, 56165, 609833, 202216, 3271415693312.0,
554, 133112, 56240, 609907, 202226, 3271333249024.0,
555, 132828, 56320, 609784, 202213, 3271142408192.0,
556, 132857, 56313, 609926, 202154, 3270739886080.0,
557, 132609, 56391, 610007, 202129, 3270296600576.0,
558, 132524, 56383, 610231, 202266, 3270474072064.0,
559, 132584, 56421, 610272, 202319, 3270829670400.0,
560, 132701, 56312, 610150, 202331, 3270871220224.0,
561, 132500, 56440, 610226, 202184, 3270906085376.0,
562, 132374, 56444, 610134, 202219, 3271247527936.0,
563, 132522, 56342, 610068, 202235, 3271503904768.0,
564, 132595, 56298, 610116, 202298, 3271820050432.0,
565, 132687, 56232, 610192, 202236, 3271665254400.0,
566, 132572, 56225, 610232, 202190, 3271672725504.0,
567, 132630, 56204, 610248, 202142, 3271661453312.0,
568, 132521, 56247, 610248, 202151, 3271456194560.0,
569, 132297, 56373, 610291, 202127, 3271677050880.0,
570, 132348, 56360, 610388, 202059, 3271907475456.0,
571, 132483, 56163, 610546, 202116, 3272198848512.0,
572, 132534, 56188, 610373, 202198, 3272349712384.0,
573, 132562, 56194, 610362, 202185, 3272217985024.0,
574, 132420, 56287, 610426, 202283, 3272083111936.0,
575, 132597, 56247, 610346, 202243, 3272147468288.0,
576, 132600, 56244, 610371, 202237, 3271835516928.0,
577, 132634, 56304, 610107, 202236, 3272000274432.0,
578, 132479, 56286, 610487, 202186, 3272030814208.0,
579, 132500, 56063, 610581, 202141, 3272065548288.0,
580, 132527, 56186, 610459, 202239, 3272105918464.0,
581, 132348, 56302, 610387, 202177, 3272230174720.0,
582, 132210, 56154, 610377, 202259, 3272499134464.0,
583, 132591, 56209, 610313, 202316, 3272511717376.0,
584, 132740, 56046, 610215, 202343, 3272457453568.0,
585, 132617, 56214, 610096, 202346, 3272379596800.0,
586, 132661, 56226, 610085, 202393, 3272758788096.0,
587, 132557, 56256, 610201, 202450, 3272059650048.0,
588, 132640, 56214, 610056, 202412, 3271779549184.0,
589, 132822, 56106, 609909, 202355, 3272028585984.0,
590, 132860, 56148, 609908, 202339, 3271715848192.0,
591, 133024, 56163, 609820, 202375, 3271712964608.0,
592, 132834, 56253, 609909, 202356, 3271686881280.0,
593, 132930, 56173, 609758, 202376, 3271075561472.0,
594, 133017, 56202, 609680, 202364, 3271070187520.0,
595, 133224, 56168, 609728, 202251, 3270355976192.0,
596, 133017, 56219, 609814, 202303, 3270295289856.0,
597, 132738, 56394, 609909, 202197, 3270141018112.0,
598, 132834, 56396, 609709, 202272, 3270372622336.0,
599, 132816, 56289, 609852, 202282, 3270674874368.0,
600, 132901, 56452, 610046, 202184, 3270438289408.0,
601, 132838, 56333, 609920, 202228, 3270612615168.0,
602, 132889, 56266, 609921, 202164, 3270473809920.0,
603, 132790, 56416, 610052, 202215, 3270197903360.0,
604, 132904, 56253, 610088, 202178, 3270123323392.0,
605, 133046, 56089, 610036, 202220, 3270247186432.0,
606, 133070, 56335, 610055, 202171, 3270336053248.0,
607, 132766, 56357, 610103, 202162, 3270227918848.0,
608, 132627, 56388, 610270, 202113, 3270247055360.0,
609, 132813, 56352, 610136, 202182, 3270478135296.0,
610, 132563, 56452, 610333, 202181, 3270606454784.0,
611, 132591, 56409, 610311, 202167, 3270823247872.0,
612, 132682, 56384, 610162, 202116, 3271138082816.0,
613, 132468, 56388, 610357, 202212, 3271188807680.0,
614, 132299, 56424, 610332, 202220, 3271297204224.0,
615, 132111, 56268, 610318, 202223, 3271246872576.0,
616, 132220, 56290, 610357, 202280, 3271527628800.0,
617, 132273, 56237, 610579, 202282, 3271594999808.0,
618, 132486, 56158, 610604, 202238, 3271282393088.0,
619, 132439, 56146, 610437, 202189, 3271453048832.0,
620, 132399, 56110, 610437, 202228, 3271435747328.0,
621, 132471, 56150, 610438, 202242, 3271348322304.0,
622, 132463, 56272, 610465, 202278, 3271798816768.0,
623, 132546, 56136, 610349, 202314, 3272270938112.0,
624, 132535, 56200, 610234, 202346, 3272518533120.0,
625, 132764, 56086, 610173, 202336, 3272311177216.0,
626, 132723, 56236, 610400, 202347, 3272512634880.0,
627, 132460, 56290, 610233, 202307, 3272322580480.0,
628, 132607, 56189, 610087, 202337, 3272365309952.0,
629, 132688, 56114, 610160, 202314, 3272201863168.0,
630, 132759, 56192, 609982, 202308, 3271773650944.0,
631, 132571, 56330, 610000, 202388, 3271797506048.0,
632, 132369, 56343, 610217, 202302, 3271465762816.0,
633, 132463, 56433, 610044, 202313, 3271311884288.0,
634, 132602, 56433, 610223, 202253, 3271474413568.0,
635, 132348, 56429, 610398, 202280, 3271812579328.0,
636, 132177, 56407, 610410, 202311, 3271881916416.0,
637, 132127, 56369, 610366, 202328, 3271931592704.0,
638, 132323, 56311, 610117, 202341, 3271857012736.0,
639, 132430, 56284, 610240, 202385, 3271992541184.0,
640, 132353, 56433, 610339, 202382, 3272177745920.0,
641, 132560, 56429, 610030, 202316, 3272166342656.0,
642, 132100, 56490, 610430, 202354, 3272228470784.0,
643, 132211, 56340, 610304, 202312, 3272237907968.0,
644, 132524, 56308, 610263, 202208, 3272279588864.0,
645, 132405, 56225, 610273, 202133, 3271957938176.0,
646, 132551, 56212, 610357, 202196, 3271833681920.0,
647, 132634, 56239, 610345, 202219, 3271779942400.0,
648, 132510, 56127, 610266, 202156, 3271680851968.0,
649, 132780, 56261, 610359, 202139, 3271785840640.0,
650, 132282, 56367, 610444, 202142, 3271575207936.0,
651, 132362, 56182, 610414, 202268, 3271672856576.0,
652, 132152, 56330, 610403, 202286, 3271616233472.0,
653, 132032, 56390, 610420, 202290, 3272273035264.0,
654, 131946, 56382, 610488, 202412, 3272475279360.0,
655, 132175, 56240, 610473, 202402, 3272383922176.0,
656, 132421, 56236, 610135, 202412, 3272729559040.0,
657, 132141, 56359, 610391, 202359, 3272768487424.0,
658, 132236, 56380, 610460, 202353, 3272754462720.0,
659, 132364, 56351, 610459, 202354, 3272327823360.0,
660, 132272, 56396, 610245, 202389, 3272474624000.0,
661, 132629, 56236, 610112, 202393, 3272563490816.0,
662, 132456, 56201, 610310, 202321, 3272667561984.0,
663, 132440, 56182, 610344, 202302, 3272486289408.0,
664, 132574, 56153, 610191, 202260, 3272271855616.0,
665, 132483, 56143, 610120, 202252, 3271941423104.0,
666, 132425, 56248, 610341, 202280, 3271510196224.0,
667, 132246, 56113, 610173, 202283, 3271280033792.0,
668, 132558, 56324, 610277, 202281, 3271406256128.0,
669, 132701, 56181, 610197, 202324, 3271582810112.0,
670, 132678, 56177, 609978, 202377, 3271382007808.0,
671, 132935, 56187, 609945, 202284, 3271587004416.0,
672, 133185, 56033, 610069, 202271, 3271425523712.0,
673, 132826, 56280, 609983, 202250, 3271336656896.0,
674, 133075, 56311, 609867, 202192, 3270905430016.0,
675, 132827, 56226, 609956, 202242, 3270796247040.0,
676, 132803, 56283, 609962, 202171, 3270544850944.0,
677, 132737, 56359, 610045, 202166, 3270634897408.0,
678, 132902, 56325, 609972, 202203, 3270355451904.0,
679, 133002, 56308, 609969, 202170, 3270061588480.0,
680, 133024, 56264, 609916, 202109, 3270284673024.0,
681, 132808, 56341, 610083, 202168, 3270675398656.0,
682, 133192, 56187, 610006, 202138, 3270798082048.0,
683, 133002, 56247, 609962, 202159, 3270768066560.0,
684, 132926, 56286, 610067, 202216, 3270459785216.0,
685, 132698, 56257, 610042, 202242, 3270771212288.0,
686, 132979, 56294, 609861, 202265, 3270767149056.0,
687, 132711, 56293, 609958, 202198, 3270690865152.0,
688, 132857, 56236, 609986, 202112, 3270829277184.0,
689, 132651, 56306, 610033, 202193, 3270433570816.0,
690, 133002, 56154, 610062, 202160, 3270463979520.0,
691, 132799, 56244, 610242, 202194, 3270399098880.0,
692, 133000, 56202, 610076, 202097, 3270767935488.0,
693, 132804, 56187, 610210, 202107, 3270644858880.0,
694, 132685, 56258, 610367, 202113, 3270370000896.0,
695, 132756, 56286, 610452, 202193, 3270186237952.0,
696, 132605, 56247, 610447, 202183, 3270531481600.0,
697, 132675, 56175, 610325, 202128, 3270876594176.0,
698, 132860, 56296, 610148, 202143, 3270895861760.0,
699, 132801, 56223, 610228, 202225, 3271059963904.0,
700, 132464, 56267, 610145, 202272, 3271011991552.0,
701, 132534, 56312, 610086, 202222, 3271128383488.0,
702, 132517, 56233, 610309, 202212, 3271019593728.0,
703, 132641, 56352, 610375, 202178, 3271525269504.0,
704, 132733, 56258, 610086, 202228, 3271897776128.0,
705, 132893, 56236, 609951, 202231, 3271754383360.0,
706, 132945, 56280, 610133, 202179, 3271824900096.0,
707, 132732, 56202, 610044, 202221, 3271505215488.0,
708, 132908, 56244, 610014, 202201, 3271352647680.0,
709, 132804, 56301, 610171, 202200, 3271349501952.0,
710, 132732, 56242, 610184, 202183, 3271305854976.0,
711, 132870, 56323, 610008, 202215, 3270713802752.0,
712, 132706, 56522, 610182, 202207, 3270587318272.0,
713, 132557, 56375, 610146, 202224, 3270929678336.0,
714, 132397, 56467, 610284, 202248, 3270848282624.0,
715, 132810, 56214, 610319, 202198, 3271233503232.0,
716, 132774, 56260, 610317, 202220, 3270937411584.0,
717, 132380, 56365, 610384, 202179, 3270976602112.0,
718, 132362, 56291, 610412, 202233, 3270761644032.0,
719, 132368, 56297, 610318, 202202, 3270723895296.0,
