0, 1001365, 0, 0, 0, 0.0,
1, 991352, 10011, 2, 0, 0.0,
2, 980807, 10543, 10014, 0, 5343705088.0,
3, 972211, 19102, 10054, 0, 10187077632.0,
4, 965006, 25979, 10378, 0, 14626727424.0,
5, 958852, 31050, 11448, 2, 18977260544.0,
6, 953032, 34644, 13644, 13, 23763339264.0,
7, 946957, 37245, 17077, 55, 29589902336.0,
8, 940239, 39446, 21466, 165, 36949614592.0,
9, 932739, 41654, 26519, 399, 46129346560.0,
10, 924543, 44111, 31859, 802, 57191897088.0,
11, 915908, 46761, 37331, 1405, 70045351936.0,
12, 906767, 49593, 42803, 2203, 84541612032.0,
13, 897150, 52565, 48397, 3216, 100573675520.0,
14, 887273, 55556, 54161, 4425, 118002434048.0,
15, 877005, 58392, 60091, 5838, 136830312448.0,
16, 866409, 61125, 66269, 7492, 157107183616.0,
17, 855485, 63778, 72642, 9401, 178674475008.0,
18, 844040, 66453, 79147, 11635, 201555910656.0,
19, 832360, 68895, 85727, 14246, 225683341312.0,
20, 820427, 71400, 92198, 17290, 250852032512.0,
21, 808124, 73726, 98714, 20778, 276974551040.0,
22, 795524, 76048, 105006, 24718, 303979741184.0,
23, 782574, 78241, 111267, 29128, 331523063808.0,
24, 769553, 80361, 117490, 34037, 359692828672.0,
25, 756279, 82257, 123534, 39342, 388396908544.0,
26, 742560, 84192, 129446, 45144, 417413873664.0,
27, 728850, 85885, 135264, 51371, 446719623168.0,
28, 715083, 87677, 140885, 57931, 475992047616.0,
29, 700917, 89135, 146410, 64943, 505487818752.0,
30, 686504, 90748, 151802, 72402, 534958653440.0,
31, 672118, 91907, 157113, 80238, 564159643648.0,
32, 657625, 93106, 162146, 88415, 593345052672.0,
33, 643233, 94098, 167066, 96939, 622229159936.0,
34, 628681, 95082, 171751, 105906, 650821599232.0,
35, 614117, 95858, 176325, 115259, 679139606528.0,
36, 599497, 96526, 180614, 124862, 706824830976.0,
37, 584804, 97264, 184676, 134834, 733980000256.0,
38, 570023, 97414, 188616, 145146, 760857919488.0,
39, 555641, 97745, 192275, 155813, 786931515392.0,
40, 541026, 97976, 195675, 166664, 812211699712.0,
41, 526866, 98001, 198878, 177854, 836773249024.0,
42, 512427, 98020, 201839, 189314, 860620816384.0,
43, 498129, 97878, 204491, 200975, 883573817344.0,
44, 484035, 97411, 206912, 212858, 905560817664.0,
45, 470157, 97187, 209006, 225018, 926585094144.0,
46, 456760, 96578, 210940, 237380, 946623348736.0,
47, 443165, 95999, 212506, 249785, 965357240320.0,
48, 429978, 95150, 213854, 262436, 983129030656.0,
49, 416764, 94510, 214953, 275290, 999713636352.0,
50, 403566, 93569, 215837, 288164, 1015427956736.0,
51, 390939, 92641, 216462, 301255, 1029903122432.0,
52, 378581, 91593, 216935, 314419, 1043059703808.0,
53, 366670, 90383, 217066, 327573, 1054673207296.0,
54, 354967, 89042, 217082, 340741, 1065314844672.0,
55, 343374, 87692, 216671, 353998, 1075041730560.0,
56, 331900, 86340, 216073, 367244, 1083329019904.0,
57, 321186, 84916, 215249, 380513, 1090144075776.0,
58, 310453, 83382, 214186, 393730, 1096131674112.0,
59, 300225, 81744, 212878, 406912, 1101298925568.0,
60, 290049, 80189, 211361, 420011, 1105192878080.0,
61, 280653, 78423, 209701, 432952, 1107164397568.0,
62, 271065, 76758, 207852, 445955, 1108253868032.0,
63, 262164, 75117, 205836, 458772, 1108322549760.0,
64, 253272, 73327, 203654, 471436, 1107298877440.0,
65, 245293, 71514, 201226, 483975, 1104950263808.0,
66, 237235, 69635, 198759, 496316, 1101647314944.0,
67, 229507, 67917, 196030, 508455, 1097458810880.0,
68, 222129, 66125, 193128, 520288, 1091796369408.0,
69, 214830, 64337, 190033, 532117, 1085318758400.0,
70, 208238, 62627, 187002, 543665, 1077945204736.0,
71, 201684, 60730, 183847, 555020, 1069507641344.0,
72, 195719, 58907, 180595, 565986, 1060387979264.0,
73, 190162, 57099, 177218, 576890, 1050296156160.0,
74, 184933, 55104, 173686, 587505, 1039172698112.0,
75, 179605, 53438, 170291, 597979, 1027509485568.0,
76, 174889, 51636, 166657, 607982, 1015276568576.0,
77, 170438, 49907, 163100, 617837, 1001856204800.0,
78, 166339, 48158, 159367, 627367, 987964178432.0,
79, 162538, 46456, 155756, 636628, 973636960256.0,
80, 158992, 44689, 151952, 645569, 958690721792.0,
81, 155809, 43025, 148168, 654138, 942759804928.0,
82, 152912, 41466, 144397, 662440, 927152996352.0,
83, 150226, 39865, 140645, 670566, 911124922368.0,
84, 147642, 38287, 136599, 678325, 894475436032.0,
85, 145592, 36736, 132832, 685734, 877557415936.0,
86, 143682, 35297, 129062, 692895, 859806531584.0,
87, 141898, 33861, 125373, 699602, 842050732032.0,
88, 140583, 32372, 121650, 706191, 823891329024.0,
89, 139248, 31057, 117929, 712536, 806030835712.0,
90, 138447, 29739, 114309, 718547, 787316965376.0,
91, 137634, 28415, 110769, 724202, 768904036352.0,
92, 137203, 27184, 107265, 729607, 750234435584.0,
93, 137037, 25896, 103761, 734614, 731214118912.0,
94, 136933, 24673, 100321, 739330, 712801517568.0,
95, 136936, 23574, 96924, 743875, 694054748160.0,
96, 137083, 22414, 93518, 748054, 675803660288.0,
97, 137373, 21356, 90324, 751980, 657465049088.0,
98, 138030, 20292, 87137, 755655, 639204163584.0,
99, 138913, 19261, 83995, 759125, 621266173952.0,
100, 139841, 18297, 80926, 762272, 603344338944.0,
101, 140925, 17308, 77908, 765197, 585401237504.0,
102, 142163, 16427, 74958, 767637, 567866949632.0,
103, 143478, 15565, 72130, 770113, 550634455040.0,
104, 145021, 14766, 69350, 772204, 533402959872.0,
105, 146612, 13996, 66658, 774022, 516545937408.0,
106, 148332, 13238, 64070, 775805, 499815628800.0,
107, 150223, 12530, 61417, 777180, 483424927744.0,
108, 152145, 11800, 58975, 778417, 467250397184.0,
109, 154219, 11154, 56579, 779446, 451502653440.0,
110, 156309, 10528, 54234, 780155, 435985514496.0,
111, 158598, 9941, 51971, 780811, 420813062144.0,
112, 160889, 9410, 49825, 781184, 405994274816.0,
113, 163222, 8860, 47756, 781466, 391566032896.0,
114, 165812, 8343, 45772, 781536, 377473597440.0,
115, 168295, 7865, 43856, 781429, 363657789440.0,
116, 170845, 7393, 42035, 781200, 350314971136.0,
117, 173503, 6936, 40261, 780878, 337211932672.0,
118, 176215, 6527, 38525, 780308, 324690804736.0,
119, 178923, 6157, 36851, 779631, 312592121856.0,
120, 181723, 5795, 35218, 778861, 300507496448.0,
121, 184532, 5446, 33701, 777918, 288986906624.0,
122, 187415, 5130, 32244, 776814, 277824798720.0,
123, 190290, 4811, 30802, 775568, 266901733376.0,
124, 193230, 4512, 29454, 774328, 256367575040.0,
125, 196157, 4245, 28183, 772893, 246156574720.0,
126, 199127, 3991, 26952, 771355, 236256739328.0,
127, 202140, 3757, 25804, 769754, 226767650816.0,
128, 205180, 3524, 24684, 768051, 217567240192.0,
129, 208260, 3305, 23638, 766249, 208662339584.0,
130, 211362, 3095, 22623, 764318, 200218378240.0,
131, 214463, 2907, 21691, 762297, 191978258432.0,
132, 217594, 2711, 20758, 760312, 184071077888.0,
133, 220696, 2563, 19850, 758254, 176447488000.0,
134, 223798, 2424, 19022, 756054, 169176358912.0,
135, 226935, 2266, 18248, 753859, 162323218432.0,
136, 230140, 2124, 17511, 751555, 155725176832.0,
137, 233274, 1983, 16785, 749228, 149432467456.0,
138, 236389, 1870, 16129, 746904, 143339094016.0,
139, 239529, 1750, 15462, 744558, 137509486592.0,
140, 242656, 1668, 14867, 742127, 131888214016.0,
141, 245786, 1573, 14281, 739653, 126490595328.0,
142, 248904, 1470, 13707, 737169, 121313271808.0,
143, 252114, 1396, 13168, 734650, 116364984320.0,
144, 255229, 1302, 12705, 732045, 111688560640.0,
145, 258361, 1225, 12223, 729509, 107235401728.0,
146, 261466, 1167, 11794, 726878, 102959353856.0,
147, 264592, 1093, 11377, 724236, 98841976832.0,
148, 267743, 1033, 10972, 721623, 94886899712.0,
149, 270834, 993, 10578, 718961, 91169816576.0,
150, 273896, 944, 10205, 716299, 87577116672.0,
151, 276989, 886, 9871, 713630, 84164956160.0,
152, 280102, 845, 9535, 710916, 80940503040.0,
153, 283160, 803, 9237, 708192, 77865836544.0,
154, 286251, 765, 8938, 705443, 74944815104.0,
155, 289299, 732, 8652, 702688, 72126693376.0,
156, 292281, 697, 8401, 699893, 69440937984.0,
157, 295350, 676, 8165, 697157, 66903478272.0,
158, 298361, 645, 7907, 694414, 64501151744.0,
159, 301366, 616, 7688, 691696, 62254196736.0,
160, 304331, 597, 7480, 688940, 60084434944.0,
161, 307311, 564, 7281, 686128, 58009712640.0,
162, 310269, 540, 7093, 683413, 56010622976.0,
163, 313202, 522, 6915, 680757, 54156638208.0,
164, 316171, 508, 6753, 677937, 52401334272.0,
165, 319086, 488, 6590, 675175, 50715285504.0,
166, 321953, 468, 6432, 672461, 49098979328.0,
167, 324865, 445, 6274, 669737, 47614572544.0,
168, 327712, 440, 6148, 667000, 46202081280.0,
169, 330610, 428, 5998, 664302, 44838400000.0,
170, 333431, 412, 5884, 661600, 43532584960.0,
171, 336265, 402, 5761, 658934, 42301863936.0,
172, 339134, 395, 5634, 656197, 41115492352.0,
173, 341928, 383, 5529, 653463, 39979462656.0,
174, 344744, 373, 5423, 650779, 38889801728.0,
175, 347487, 361, 5338, 648073, 37833760768.0,
176, 350254, 354, 5243, 645415, 36853868544.0,
177, 353085, 348, 5156, 642748, 35931813888.0,
178, 355855, 339, 5067, 640107, 35076171776.0,
179, 358562, 334, 4983, 637418, 34257916928.0,
180, 361299, 328, 4909, 634817, 33487877120.0,
181, 364028, 321, 4821, 632193, 32723015680.0,
182, 366703, 319, 4760, 629549, 32015331328.0,
183, 369396, 312, 4675, 626929, 31348202496.0,
184, 372077, 311, 4602, 624344, 30712560640.0,
185, 374764, 306, 4533, 621775, 30106802176.0,
186, 377349, 298, 4473, 619178, 29520099328.0,
187, 380022, 293, 4410, 616610, 28955051008.0,
188, 382640, 290, 4356, 614085, 28389570560.0,
189, 385295, 285, 4297, 611484, 27850713088.0,
190, 387900, 287, 4237, 608927, 27353742336.0,
191, 390498, 279, 4186, 606374, 26888272896.0,
192, 393077, 276, 4137, 603849, 26437279744.0,
193, 395616, 271, 4081, 601331, 26007182336.0,
194, 398226, 268, 4038, 598800, 25592485888.0,
195, 400745, 263, 3990, 596296, 25189637120.0,
196, 403275, 258, 3940, 593858, 24789706752.0,
197, 405839, 253, 3886, 591336, 24398684160.0,
198, 408357, 253, 3841, 588887, 24035008512.0,
199, 410834, 249, 3795, 586432, 23680797696.0,
200, 413326, 248, 3765, 583987, 23339836416.0,
201, 415810, 243, 3726, 581543, 22990705664.0,
202, 418278, 240, 3684, 579114, 22673268736.0,
203, 420736, 239, 3650, 576711, 22361964544.0,
204, 423145, 238, 3596, 574290, 22066485248.0,
205, 425612, 237, 3563, 571910, 21790655488.0,
206, 428049, 230, 3521, 569527, 21497672704.0,
207, 430435, 230, 3484, 567109, 21215401984.0,
208, 432858, 230, 3452, 564774, 20961698816.0,
209, 435207, 231, 3421, 562422, 20697831424.0,
210, 437546, 227, 3391, 560094, 20436577280.0,
211, 439931, 225, 3355, 557774, 20181991424.0,
212, 442292, 220, 3322, 555473, 19968387072.0,
213, 444647, 220, 3289, 553160, 19742291968.0,
214, 446983, 218, 3260, 550864, 19528431616.0,
215, 449325, 218, 3216, 548552, 19315459072.0,
216, 451669, 217, 3189, 546239, 19094283264.0,
217, 453970, 213, 3174, 543996, 18890742784.0,
218, 456258, 212, 3134, 541774, 18693756928.0,
219, 458545, 208, 3101, 539479, 18496612352.0,
220, 460846, 206, 3082, 537257, 18296272896.0,
221, 463094, 204, 3055, 535040, 18126234624.0,
222, 465388, 203, 3034, 532743, 17959052288.0,
223, 467630, 202, 3014, 530535, 17787119616.0,
224, 469828, 199, 2985, 528342, 17607195648.0,
225, 472077, 198, 2948, 526105, 17451925504.0,
226, 474278, 197, 2921, 523928, 17267427328.0,
227, 476537, 194, 2893, 521722, 17105372672.0,
228, 478730, 193, 2870, 519581, 16950873600.0,
229, 480879, 193, 2846, 517414, 16793921536.0,
230, 483070, 192, 2813, 515284, 16624221696.0,
231, 485279, 191, 2793, 513109, 16462638080.0,
232, 487409, 186, 2775, 511003, 16309258752.0,
233, 489551, 183, 2754, 508860, 16163121152.0,
234, 491695, 185, 2736, 506741, 16016082944.0,
235, 493808, 184, 2705, 504644, 15865846784.0,
236, 495965, 182, 2685, 502508, 15711946752.0,
237, 498061, 182, 2668, 500456, 15563731968.0,
238, 500157, 182, 2647, 498343, 15434175488.0,
239, 502273, 176, 2626, 496290, 15324792320.0,
240, 504358, 175, 2609, 494221, 15195345408.0,
241, 506438, 176, 2589, 492167, 15070657536.0,
242, 508511, 174, 2566, 490098, 14950721536.0,
243, 510572, 172, 2546, 488078, 14828546048.0,
244, 512606, 168, 2521, 486045, 14702125568.0,
245, 514677, 168, 2502, 484009, 14574625792.0,
246, 516696, 171, 2483, 481972, 14451150848.0,
247, 518736, 168, 2461, 479973, 14327374336.0,
248, 520761, 168, 2441, 477972, 14215984128.0,
249, 522758, 167, 2427, 475979, 14093241344.0,
250, 524750, 165, 2410, 474016, 13977606144.0,
251, 526744, 163, 2392, 472044, 13861506048.0,
252, 528743, 164, 2380, 470054, 13754097152.0,
253, 530706, 162, 2364, 468110, 13637160960.0,
254, 532665, 159, 2346, 466209, 13522486272.0,
255, 534643, 160, 2327, 464261, 13418962944.0,
256, 536567, 157, 2308, 462309, 13309431808.0,
257, 538496, 159, 2293, 460399, 13205520384.0,
258, 540433, 158, 2276, 458493, 13112605184.0,
259, 542381, 157, 2260, 456571, 13027337728.0,
260, 544305, 157, 2245, 454681, 12928025088.0,
261, 546234, 156, 2227, 452786, 12832098304.0,
262, 548152, 156, 2217, 450911, 12735755264.0,
263, 549994, 155, 2213, 449029, 12651156992.0,
264, 551921, 150, 2187, 447147, 12565017600.0,
265, 553835, 149, 2177, 445273, 12487057920.0,
266, 555673, 151, 2158, 443410, 12406916096.0,
267, 557547, 149, 2136, 441555, 12316116480.0,
268, 559433, 149, 2116, 439694, 12224399360.0,
269, 561279, 144, 2103, 437852, 12121671680.0,
270, 563092, 145, 2089, 436052, 12034109440.0,
271, 564901, 146, 2077, 434247, 11945630720.0,
272, 566744, 146, 2065, 432438, 11859089408.0,
273, 568553, 146, 2059, 430616, 11770027520.0,
274, 570341, 145, 2044, 428827, 11678775296.0,
275, 572160, 144, 2036, 427036, 11583901184.0,
276, 573886, 143, 2015, 425299, 11518253568.0,
277, 575673, 142, 2006, 423504, 11437187584.0,
278, 577447, 141, 1997, 421744, 11367781888.0,
279, 579228, 139, 1981, 420014, 11302658048.0,
280, 581010, 137, 1965, 418243, 11233136128.0,
281, 582764, 136, 1950, 416531, 11156603392.0,
282, 584521, 137, 1928, 414789, 11090551296.0,
283, 586230, 136, 1918, 413066, 11010678784.0,
284, 587940, 134, 1900, 411331, 10930756096.0,
285, 589706, 133, 1891, 409612, 10846855680.0,
286, 591431, 133, 1877, 407917, 10767876608.0,
287, 593139, 132, 1869, 406218, 10694907904.0,
288, 594875, 131, 1861, 404516, 10624192512.0,
289, 596532, 131, 1850, 402823, 10561865216.0,
290, 598228, 129, 1839, 401168, 10504206336.0,
291, 599896, 129, 1833, 399528, 10436987392.0,
292, 601511, 128, 1818, 397921, 10350163968.0,
293, 603190, 128, 1812, 396241, 10287195648.0,
294, 604861, 126, 1798, 394573, 10226638848.0,
295, 606525, 125, 1783, 392920, 10164766208.0,
296, 608172, 127, 1776, 391271, 10103013376.0,
297, 609783, 125, 1762, 389700, 10035592192.0,
298, 611409, 124, 1757, 388040, 9974196736.0,
299, 613053, 124, 1753, 386401, 9919099392.0,
300, 614677, 122, 1743, 384802, 9848182784.0,
301, 616320, 120, 1738, 383183, 9805373440.0,
302, 617943, 120, 1724, 381597, 9754180096.0,
303, 619539, 120, 1712, 380011, 9710644736.0,
304, 621148, 119, 1703, 378439, 9658708992.0,
305, 622729, 120, 1688, 376853, 9590499328.0,
306, 624282, 119, 1673, 375279, 9535587840.0,
307, 625838, 119, 1661, 373723, 9468911104.0,
308, 627408, 119, 1644, 372172, 9413593600.0,
309, 628983, 118, 1637, 370594, 9354801664.0,
310, 630521, 117, 1627, 369079, 9295696896.0,
311, 632060, 117, 1617, 367535, 9238604800.0,
312, 633574, 116, 1605, 366022, 9185065472.0,
313, 635110, 114, 1592, 364530, 9125394944.0,
314, 636622, 114, 1582, 363000, 9062231040.0,
315, 638139, 114, 1568, 361465, 9007494656.0,
316, 639689, 113, 1564, 359957, 8945637376.0,
317, 641191, 109, 1558, 358479, 8877982208.0,
318, 642695, 110, 1553, 357004, 8811616768.0,
319, 644200, 110, 1540, 355510, 8762719744.0,
320, 645690, 112, 1532, 354022, 8718045696.0,
321, 647164, 111, 1519, 352542, 8663006720.0,
322, 648634, 110, 1517, 351092, 8607162880.0,
323, 650081, 110, 1509, 349673, 8557865728.0,
324, 651527, 108, 1496, 348197, 8515006720.0,
325, 653023, 108, 1485, 346731, 8452279808.0,
326, 654486, 108, 1480, 345294, 8401867008.0,
327, 655961, 107, 1476, 343827, 8348710400.0,
328, 657393, 109, 1465, 342410, 8301178880.0,
329, 658827, 107, 1455, 340981, 8251945216.0,
330, 660260, 107, 1454, 339550, 8207348992.0,
331, 661692, 105, 1448, 338131, 8159499520.0,
332, 663095, 105, 1441, 336744, 8112175360.0,
333, 664499, 103, 1434, 335332, 8071283968.0,
334, 665913, 104, 1419, 333923, 8026715904.0,
335, 667326, 105, 1415, 332535, 7987878912.0,
336, 668678, 103, 1414, 331177, 7948822016.0,
337, 670061, 102, 1406, 329811, 7905167616.0,
338, 671463, 101, 1393, 328418, 7861972736.0,
339, 672840, 102, 1390, 327070, 7823730432.0,
340, 674226, 100, 1378, 325690, 7786895104.0,
341, 675630, 99, 1371, 324344, 7745949440.0,
342, 676963, 98, 1358, 322965, 7694231808.0,
343, 678306, 99, 1349, 321606, 7641404672.0,
344, 679643, 97, 1348, 320298, 7596055296.0,
345, 681014, 97, 1343, 318938, 7555055104.0,
346, 682329, 98, 1335, 317617, 7517559296.0,
347, 683619, 98, 1327, 316319, 7473638400.0,
348, 684951, 95, 1319, 315005, 7423347200.0,
349, 686278, 95, 1312, 313672, 7386109184.0,
350, 687569, 94, 1307, 312420, 7350364928.0,
351, 688846, 94, 1297, 311151, 7312956928.0,
352, 690156, 92, 1290, 309830, 7269079808.0,
353, 691457, 93, 1282, 308534, 7228221696.0,
354, 692763, 92, 1279, 307214, 7190581760.0,
355, 694056, 93, 1270, 305945, 7153429248.0,
356, 695328, 94, 1266, 304670, 7120859648.0,
357, 696619, 93, 1262, 303399, 7095239424.0,
358, 697890, 92, 1251, 302140, 7061442304.0,
359, 699141, 92, 1245, 300864, 7034449920.0,
360, 700378, 90, 1239, 299643, 7005252352.0,
361, 701648, 91, 1233, 298397, 6976392960.0,
362, 702895, 91, 1234, 297165, 6944869120.0,
363, 704165, 90, 1223, 295914, 6906335232.0,
364, 705364, 90, 1221, 294691, 6864837376.0,
365, 706593, 89, 1217, 293494, 6833797376.0,
366, 707806, 88, 1206, 292260, 6792387840.0,
367, 709035, 88, 1200, 291058, 6753427968.0,
368, 710257, 88, 1190, 289872, 6719682560.0,
369, 711487, 87, 1183, 288656, 6696025600.0,
370, 712681, 88, 1178, 287453, 6666921984.0,
371, 713884, 88, 1171, 286261, 6628707840.0,
372, 715076, 88, 1162, 285065, 6585243136.0,
373, 716268, 88, 1157, 283872, 6546769408.0,
374, 717449, 87, 1156, 282667, 6513350912.0,
375, 718636, 85, 1149, 281508, 6475480064.0,
376, 719817, 86, 1143, 280331, 6439497472.0,
377, 720998, 86, 1140, 279156, 6404157696.0,
378, 722183, 85, 1131, 277989, 6370063872.0,
379, 723305, 83, 1127, 276889, 6342976768.0,
380, 724459, 84, 1121, 275722, 6308350208.0,
381, 725609, 84, 1122, 274570, 6277813504.0,
382, 726749, 82, 1117, 273422, 6248360448.0,
383, 727855, 82, 1111, 272317, 6224099072.0,
384, 728982, 82, 1108, 271190, 6196313344.0,
385, 730114, 82, 1103, 270063, 6168823552.0,
386, 731265, 80, 1098, 268932, 6139949824.0,
387, 732381, 81, 1098, 267830, 6114591744.0,
388, 733493, 83, 1091, 266709, 6086777088.0,
389, 734627, 82, 1084, 265584, 6061978880.0,
390, 735715, 80, 1081, 264498, 6038087424.0,
391, 736829, 81, 1075, 263400, 6015311360.0,
392, 737946, 78, 1071, 262288, 5987060992.0,
393, 739052, 80, 1065, 261173, 5962175488.0,
394, 740154, 80, 1058, 260068, 5936815360.0,
395, 741216, 79, 1056, 259015, 5916623616.0,
396, 742295, 79, 1050, 257962, 5892441344.0,
397, 743358, 78, 1043, 256914, 5868227072.0,
398, 744465, 76, 1037, 255835, 5841815808.0,
399, 745539, 75, 1031, 254748, 5813356032.0,
400, 746620, 74, 1028, 253700, 5792827904.0,
401, 747667, 76, 1028, 252637, 5769932544.0,
402, 748712, 77, 1022, 251585, 5735963648.0,
403, 749787, 76, 1016, 250535, 5697694208.0,
404, 750811, 76, 1008, 249484, 5667365632.0,
405, 751876, 78, 1003, 248435, 5635711744.0,
406, 752923, 76, 1001, 247397, 5604050432.0,
407, 753926, 74, 997, 246384, 5572716800.0,
408, 754953, 74, 991, 245345, 5549379328.0,
409, 755966, 75, 988, 244315, 5525640192.0,
410, 756962, 76, 986, 243300, 5504403200.0,
411, 757984, 75, 978, 242309, 5480699904.0,
412, 758995, 75, 978, 241296, 5452139008.0,
413, 759973, 73, 968, 240312, 5423173376.0,
414, 760991, 73, 962, 239324, 5401917952.0,
415, 761969, 73, 955, 238355, 5377276416.0,
416, 762982, 72, 951, 237364, 5355623680.0,
417, 763984, 72, 954, 236375, 5332056320.0,
418, 764957, 70, 946, 235393, 5309004544.0,
419, 765935, 72, 944, 234410, 5278224128.0,
420, 766921, 72, 946, 233449, 5250609920.0,
421, 767891, 72, 936, 232480, 5223412992.0,
422, 768874, 72, 935, 231509, 5212642816.0,
423, 769841, 71, 931, 230537, 5200556288.0,
424, 770782, 70, 926, 229574, 5185048576.0,
425, 771741, 70, 922, 228642, 5154286592.0,
426, 772686, 71, 922, 227701, 5131801856.0,
427, 773662, 70, 915, 226757, 5115786752.0,
428, 774582, 69, 912, 225804, 5093185024.0,
429, 775546, 68, 910, 224873, 5065005312.0,
430, 776493, 68, 905, 223943, 5042872832.0,
431, 777399, 67, 899, 223026, 5023466752.0,
432, 778340, 67, 894, 222091, 5002403328.0,
433, 779257, 65, 889, 221187, 4979473408.0,
434, 780183, 67, 885, 220251, 4950531584.0,
435, 781080, 67, 881, 219335, 4920845312.0,
436, 782008, 67, 878, 218429, 4893920256.0,
437, 782928, 67, 877, 217509, 4873956608.0,
438, 783827, 68, 874, 216597, 4860302080.0,
439, 784739, 68, 865, 215696, 4840955648.0,
440, 785633, 68, 862, 214822, 4825591296.0,
441, 786519, 65, 861, 213927, 4801788928.0,
442, 787421, 65, 854, 213049, 4782549504.0,
443, 788328, 65, 851, 212160, 4765840128.0,
444, 789192, 64, 854, 211261, 4740420096.0,
445, 790063, 64, 847, 210399, 4727141376.0,
446, 790952, 65, 844, 209527, 4711330816.0,
447, 791816, 65, 841, 208675, 4694541056.0,
448, 792696, 66, 836, 207794, 4677640704.0,
449, 793558, 63, 834, 206930, 4651376128.0,
450, 794422, 63, 832, 206078, 4633051648.0,
451, 795274, 63, 830, 205221, 4616850176.0,
452, 796115, 63, 827, 204373, 4598505728.0,
453, 796979, 63, 825, 203523, 4582535168.0,
454, 797830, 63, 822, 202663, 4557585152.0,
455, 798673, 62, 813, 201830, 4544611072.0,
456, 799507, 64, 811, 200985, 4525206784.0,
457, 800348, 63, 809, 200156, 4497558272.0,
458, 801181, 62, 805, 199316, 4471395072.0,
459, 801999, 62, 800, 198513, 4453157632.0,
460, 802830, 63, 797, 197699, 4437638656.0,
461, 803664, 62, 790, 196882, 4420004608.0,
462, 804462, 62, 790, 196059, 4403617280.0,
463, 805271, 61, 787, 195251, 4384030976.0,
464, 806079, 60, 781, 194445, 4367491328.0,
465, 806906, 61, 781, 193644, 4350086656.0,
466, 807694, 60, 780, 192844, 4334195200.0,
467, 808488, 61, 781, 192055, 4318503168.0,
468, 809280, 60, 776, 191255, 4302592512.0,
469, 810073, 61, 772, 190459, 4290962944.0,
470, 810870, 59, 768, 189674, 4275837696.0,
471, 811678, 59, 766, 188878, 4263820160.0,
472, 812459, 58, 761, 188096, 4246919296.0,
473, 813257, 59, 754, 187328, 4225559808.0,
474, 814038, 58, 747, 186545, 4216402048.0,
475, 814815, 58, 744, 185751, 4200592768.0,
476, 815573, 58, 749, 185003, 4176018816.0,
477, 816323, 57, 744, 184235, 4151428224.0,
478, 817098, 59, 737, 183467, 4133881600.0,
479, 817843, 58, 738, 182720, 4108738304.0,
480, 818605, 56, 737, 181935, 4090498176.0,
481, 819347, 58, 736, 181193, 4080595584.0,
482, 820103, 57, 730, 180437, 4066821248.0,
483, 820856, 56, 730, 179690, 4047192832.0,
484, 821609, 56, 727, 178947, 4028209920.0,
485, 822365, 56, 719, 178210, 4013244032.0,
486, 823120, 55, 715, 177468, 4001049600.0,
487, 823870, 56, 718, 176717, 3987722368.0,
488, 824593, 56, 713, 175990, 3976005376.0,
489, 825334, 54, 713, 175263, 3958476544.0,
490, 826072, 56, 706, 174536, 3940729984.0,
491, 826800, 56, 705, 173810, 3926436992.0,
492, 827509, 55, 707, 173093, 3907829888.0,
493, 828247, 55, 703, 172387, 3891108736.0,
494, 828953, 54, 699, 171688, 3872950784.0,
495, 829648, 54, 695, 170964, 3856615040.0,
496, 830356, 55, 697, 170248, 3836992128.0,
497, 831064, 54, 697, 169553, 3818329088.0,
498, 831782, 54, 695, 168840, 3806411776.0,
499, 832490, 52, 697, 168129, 3797737472.0,
500, 833196, 52, 691, 167458, 3791020288.0,
501, 833896, 52, 687, 166752, 3783231616.0,
502, 834581, 52, 682, 166074, 3779745280.0,
503, 835249, 52, 680, 165402, 3775047552.0,
504, 835982, 51, 675, 164709, 3766895616.0,
505, 836677, 51, 675, 164010, 3751634688.0,
506, 837355, 53, 673, 163306, 3741254144.0,
507, 838003, 53, 670, 162636, 3727079168.0,
508, 838654, 53, 669, 161984, 3713731328.0,
509, 839345, 53, 665, 161317, 3698381952.0,
510, 840042, 51, 663, 160621, 3676605952.0,
511, 840701, 51, 660, 159965, 3663893248.0,
512, 841370, 53, 656, 159311, 3649187840.0,
513, 842014, 52, 658, 158661, 3637960704.0,
514, 842678, 52, 660, 157987, 3629222144.0,
515, 843342, 51, 655, 157322, 3622391552.0,
516, 844015, 49, 655, 156677, 3609277568.0,
517, 844646, 50, 651, 156041, 3597639040.0,
518, 845301, 50, 646, 155380, 3587040128.0,
519, 845953, 50, 644, 154741, 3575771904.0,
520, 846584, 50, 644, 154088, 3564471040.0,
521, 847226, 50, 636, 153438, 3547995776.0,
522, 847871, 49, 636, 152814, 3531673600.0,
523, 848495, 49, 631, 152167, 3518819456.0,
524, 849119, 49, 625, 151561, 3506327808.0,
525, 849751, 50, 625, 150917, 3493685632.0,
526, 850381, 49, 621, 150302, 3470801280.0,
527, 850993, 49, 622, 149678, 3460046592.0,
528, 851628, 48, 618, 149061, 3452344832.0,
529, 852257, 48, 621, 148434, 3437803008.0,
530, 852891, 47, 620, 147832, 3421066752.0,
531, 853493, 48, 616, 147207, 3404546816.0,
532, 854097, 48, 612, 146597, 3386651008.0,
533, 854691, 49, 606, 145997, 3370667008.0,
534, 855290, 49, 605, 145389, 3349656704.0,
535, 855901, 49, 602, 144782, 3334633856.0,
536, 856521, 49, 603, 144201, 3316142720.0,
537, 857117, 49, 601, 143611, 3301735040.0,
538, 857695, 48, 598, 143023, 3297496064.0,
539, 858282, 48, 594, 142424, 3291279104.0,
540, 858876, 48, 589, 141846, 3278448896.0,
541, 859471, 45, 589, 141253, 3267775616.0,
542, 860071, 44, 593, 140658, 3257302912.0,
543, 860652, 47, 593, 140083, 3248796416.0,
544, 861226, 46, 591, 139492, 3242769408.0,
545, 861796, 46, 591, 138915, 3239117056.0,
546, 862382, 46, 590, 138358, 3233326464.0,
547, 862957, 46, 588, 137785, 3228774016.0,
548, 863527, 45, 586, 137220, 3225463424.0,
549, 864083, 46, 586, 136654, 3223316608.0,
550, 864658, 44, 584, 136074, 3218289536.0,
551, 865234, 45, 583, 135510, 3212018816.0,
552, 865792, 44, 580, 134944, 3206839680.0,
553, 866359, 44, 577, 134371, 3203181696.0,
554, 866913, 45, 572, 133821, 3194826496.0,
555, 867480, 44, 573, 133262, 3182816768.0,
556, 868032, 45, 569, 132722, 3165733120.0,
557, 868593, 44, 569, 132167, 3149754624.0,
558, 869135, 45, 568, 131634, 3131256960.0,
559, 869674, 46, 563, 131100, 3115245696.0,
560, 870216, 45, 564, 130548, 3103010432.0,
561, 870752, 45, 562, 130000, 3094754688.0,
562, 871294, 44, 558, 129448, 3089205632.0,
563, 871836, 44, 556, 128940, 3086799616.0,
564, 872370, 44, 554, 128398, 3079483904.0,
565, 872899, 43, 554, 127857, 3067369216.0,
566, 873447, 43, 553, 127335, 3056212608.0,
567, 873987, 43, 550, 126781, 3038230656.0,
568, 874504, 43, 547, 126267, 3023291136.0,
569, 875036, 43, 544, 125739, 3010910336.0,
570, 875553, 44, 545, 125227, 3001955072.0,
571, 876050, 43, 540, 124716, 2992347520.0,
572, 876585, 43, 539, 124188, 2980500480.0,
573, 877080, 43, 538, 123685, 2977717504.0,
574, 877629, 44, 533, 123177, 2978885888.0,
575, 878129, 42, 530, 122667, 2967424384.0,
576, 878640, 42, 534, 122172, 2953887616.0,
577, 879126, 42, 529, 121653, 2940123776.0,
578, 879630, 43, 526, 121163, 2930491904.0,
579, 880133, 42, 525, 120660, 2920301824.0,
580, 880639, 42, 527, 120158, 2907534464.0,
581, 881138, 42, 528, 119657, 2898245504.0,
582, 881640, 42, 527, 119157, 2889031680.0,
583, 882124, 41, 525, 118688, 2878706560.0,
584, 882630, 41, 521, 118192, 2870716800.0,
585, 883114, 40, 525, 117717, 2861619328.0,
586, 883586, 40, 521, 117228, 2853766144.0,
587, 884085, 40, 521, 116723, 2847235328.0,
588, 884581, 38, 518, 116232, 2838646016.0,
589, 885080, 40, 521, 115748, 2833083904.0,
590, 885547, 41, 518, 115265, 2820220288.0,
591, 886038, 40, 514, 114790, 2809865088.0,
592, 886497, 41, 511, 114316, 2806203264.0,
593, 886972, 38, 510, 113843, 2803177088.0,
594, 887434, 39, 509, 113390, 2794253568.0,
595, 887925, 39, 507, 112925, 2787025024.0,
596, 888407, 39, 507, 112446, 2778320256.0,
597, 888869, 39, 502, 111963, 2773422720.0,
598, 889340, 38, 502, 111494, 2765647872.0,
599, 889804, 39, 503, 111023, 2759709312.0,
600, 890276, 38, 499, 110561, 2751662464.0,
601, 890720, 38, 497, 110120, 2740962432.0,
602, 891171, 38, 494, 109675, 2735447936.0,
603, 891622, 38, 492, 109222, 2726821632.0,
604, 892082, 39, 490, 108780, 2713591808.0,
605, 892533, 40, 488, 108309, 2703742080.0,
606, 892993, 39, 489, 107874, 2692044416.0,
607, 893446, 40, 485, 107402, 2686564352.0,
608, 893871, 40, 484, 106970, 2682040576.0,
609, 894321, 40, 484, 106536, 2669396992.0,
610, 894751, 39, 483, 106097, 2662506112.0,
611, 895203, 38, 481, 105651, 2653701632.0,
612, 895635, 39, 479, 105213, 2644918400.0,
613, 896078, 38, 477, 104774, 2631385984.0,
614, 896502, 37, 479, 104346, 2622140544.0,
615, 896928, 36, 474, 103912, 2615929216.0,
616, 897385, 37, 474, 103474, 2611002368.0,
617, 897808, 37, 475, 103034, 2602221824.0,
618, 898238, 36, 469, 102608, 2596498944.0,
619, 898667, 36, 470, 102199, 2589055104.0,
620, 899115, 38, 467, 101760, 2582287232.0,
621, 899507, 38, 462, 101374, 2570930048.0,
622, 899916, 37, 464, 100937, 2557730176.0,
623, 900339, 37, 460, 100546, 2546790272.0,
624, 900750, 37, 459, 100126, 2532943616.0,
625, 901174, 38, 456, 99710, 2517392640.0,
626, 901606, 36, 456, 99286, 2513392512.0,
627, 902018, 36, 456, 98865, 2503082880.0,
628, 902439, 37, 455, 98450, 2496906624.0,
629, 902835, 35, 451, 98035, 2488365440.0,
630, 903239, 36, 452, 97618, 2482064000.0,
631, 903657, 35, 451, 97232, 2472301440.0,
632, 904047, 36, 450, 96847, 2472302336.0,
633, 904461, 35, 448, 96442, 2468272896.0,
634, 904849, 36, 448, 96033, 2465726976.0,
635, 905234, 35, 445, 95643, 2458222336.0,
636, 905648, 35, 445, 95240, 2451932288.0,
637, 906039, 36, 446, 94857, 2446914432.0,
638, 906438, 35, 441, 94467, 2438434304.0,
639, 906837, 34, 441, 94064, 2435387776.0,
640, 907221, 35, 439, 93684, 2432891520.0,
641, 907619, 36, 438, 93295, 2423582336.0,
642, 908006, 35, 439, 92888, 2413342208.0,
643, 908389, 34, 440, 92514, 2403463808.0,
644, 908764, 35, 436, 92137, 2396037888.0,
645, 909150, 34, 435, 91745, 2384861952.0,
646, 909527, 34, 434, 91369, 2382874240.0,
647, 909898, 35, 429, 90997, 2377640960.0,
648, 910293, 35, 432, 90615, 2370037248.0,
649, 910673, 34, 427, 90244, 2362575488.0,
650, 911042, 33, 426, 89877, 2357799296.0,
651, 911408, 34, 425, 89506, 2349342336.0,
652, 911776, 34, 424, 89129, 2339315200.0,
653, 912135, 33, 423, 88771, 2326272512.0,
654, 912506, 34, 421, 88404, 2313771648.0,
655, 912867, 33, 417, 88041, 2308803328.0,
656, 913240, 34, 418, 87671, 2305222528.0,
657, 913614, 33, 416, 87311, 2297737728.0,
658, 913973, 34, 415, 86929, 2286647424.0,
659, 914339, 33, 414, 86573, 2282318080.0,
660, 914694, 33, 414, 86239, 2274326784.0,
661, 915046, 33, 410, 85880, 2269678080.0,
662, 915399, 33, 410, 85524, 2265811840.0,
663, 915759, 33, 407, 85158, 2254632192.0,
664, 916103, 32, 407, 84815, 2244863744.0,
665, 916468, 31, 403, 84453, 2234858496.0,
666, 916811, 32, 402, 84099, 2227472768.0,
667, 917176, 32, 402, 83739, 2218739200.0,
668, 917514, 31, 404, 83394, 2213630592.0,
669, 917855, 31, 400, 83058, 2210282240.0,
670, 918199, 31, 403, 82711, 2207331456.0,
671, 918532, 31, 402, 82386, 2199638784.0,
672, 918883, 31, 402, 82042, 2198579456.0,
673, 919222, 32, 401, 81702, 2194258304.0,
674, 919568, 33, 400, 81354, 2186841216.0,
675, 919905, 32, 400, 81029, 2182161920.0,
676, 920226, 32, 399, 80711, 2178769792.0,
677, 920557, 32, 397, 80376, 2174156288.0,
678, 920899, 32, 397, 80037, 2165712256.0,
679, 921221, 32, 396, 79715, 2162367744.0,
680, 921549, 31, 396, 79382, 2157667712.0,
681, 921887, 32, 393, 79045, 2157495936.0,
682, 922226, 31, 392, 78723, 2156340992.0,
683, 922543, 31, 392, 78395, 2152462720.0,
684, 922871, 31, 389, 78076, 2139248320.0,
685, 923186, 30, 391, 77753, 2135409280.0,
686, 923518, 31, 390, 77428, 2131804032.0,
687, 923842, 30, 387, 77104, 2124057088.0,
688, 924150, 29, 385, 76812, 2114579712.0,
689, 924477, 30, 382, 76472, 2107301568.0,
690, 924809, 31, 380, 76152, 2100583744.0,
691, 925121, 32, 381, 75844, 2094479872.0,
692, 925441, 31, 380, 75518, 2082828928.0,
693, 925753, 30, 381, 75202, 2081215232.0,
694, 926076, 30, 378, 74891, 2081751232.0,
695, 926391, 31, 377, 74579, 2073964416.0,
696, 926696, 31, 376, 74266, 2067229248.0,
697, 927002, 31, 376, 73971, 2052070912.0,
698, 927315, 30, 374, 73646, 2049669120.0,
699, 927624, 30, 373, 73361, 2047238144.0,
700, 927923, 28, 372, 73058, 2045863424.0,
701, 928233, 29, 370, 72763, 2039648384.0,
702, 928538, 29, 370, 72458, 2036313408.0,
703, 928833, 29, 367, 72142, 2026165760.0,
704, 929130, 30, 366, 71849, 2025629120.0,
705, 929407, 30, 366, 71561, 2025745152.0,
706, 929696, 29, 364, 71255, 2019569664.0,
707, 929986, 29, 365, 70956, 2014445056.0,
708, 930277, 29, 361, 70666, 2006910528.0,
709, 930575, 29, 363, 70386, 2005141376.0,
710, 930877, 28, 361, 70083, 1996569152.0,
711, 931177, 29, 360, 69789, 1991215872.0,
712, 931459, 29, 360, 69498, 1979768192.0,
713, 931751, 28, 362, 69224, 1966845248.0,
714, 932043, 28, 362, 68939, 1955818560.0,
715, 932334, 29, 360, 68656, 1945031936.0,
716, 932619, 30, 360, 68375, 1935516672.0,
717, 932907, 29, 357, 68098, 1937626624.0,
718, 933182, 29, 355, 67806, 1939554688.0,
719, 933465, 28, 357, 67533, 1939198208.0,
