0, 1001365, 0, 0, 0, 0.0,
1, 991352, 10011, 2, 0, 0.0,
2, 980956, 10395, 10013, 0, 5343200000.0,
3, 972381, 18921, 10055, 0, 10185823744.0,
4, 965179, 25809, 10377, 0, 14624770048.0,
5, 959012, 30878, 11439, 2, 18974963712.0,
6, 953091, 34584, 13629, 13, 23744729088.0,
7, 946992, 37296, 17017, 55, 29543897088.0,
8, 940255, 39491, 21405, 165, 36881637376.0,
9, 932869, 41629, 26433, 398, 46017605632.0,
10, 924708, 44074, 31771, 798, 57054060544.0,
11, 916092, 46737, 37230, 1400, 69863727104.0,
12, 906927, 49645, 42709, 2206, 84312502272.0,
13, 897291, 52571, 48301, 3205, 100318543872.0,
14, 887546, 55477, 54115, 4396, 117738209280.0,
15, 877166, 58372, 60056, 5786, 136570990592.0,
16, 866610, 61013, 66198, 7400, 156848586752.0,
17, 855761, 63706, 72572, 9281, 178456141824.0,
18, 844431, 66358, 79129, 11461, 201322643456.0,
19, 832827, 68949, 85661, 14015, 225397637120.0,
20, 820955, 71503, 92202, 16976, 250507034624.0,
21, 808602, 73816, 98658, 20381, 276721942528.0,
22, 796101, 76066, 105078, 24238, 303677046784.0,
23, 783249, 78278, 111330, 28539, 331199086592.0,
24, 770185, 80482, 117503, 33266, 359456997376.0,
25, 756920, 82441, 123601, 38432, 388188192768.0,
26, 743443, 84280, 129544, 44056, 417218445312.0,
27, 729652, 86179, 135446, 50060, 446626955264.0,
28, 715817, 87943, 141237, 56478, 476194258944.0,
29, 701883, 89475, 146867, 63284, 505821331456.0,
30, 687578, 90927, 152400, 70411, 535571595264.0,
31, 673516, 92293, 157790, 77854, 565106802688.0,
32, 659208, 93478, 163076, 85711, 594693062656.0,
33, 644756, 94586, 168203, 93917, 623977857024.0,
34, 630232, 95519, 173135, 102444, 653125320704.0,
35, 615560, 96566, 177815, 111371, 681947070464.0,
36, 601279, 97123, 182372, 120577, 710148423680.0,
37, 586808, 97792, 186697, 130017, 737958428672.0,
38, 572600, 98275, 190843, 139860, 765372858368.0,
39, 558284, 98561, 194797, 149801, 792098963456.0,
40, 543713, 98873, 198478, 160129, 818443943936.0,
41, 529729, 98945, 202008, 170697, 844186222592.0,
42, 515870, 98802, 205244, 181486, 869055660032.0,
43, 501957, 98486, 208298, 192424, 893113106432.0,
44, 488283, 98225, 211107, 203624, 916456013824.0,
45, 474721, 97797, 213637, 215003, 938695852032.0,
46, 461319, 97238, 216025, 226538, 959912214528.0,
47, 448245, 96597, 218134, 238324, 980185284608.0,
48, 435547, 95924, 219982, 250104, 999577387008.0,
49, 422657, 95139, 221502, 262002, 1017810386944.0,
50, 410173, 94417, 222825, 273991, 1035012407296.0,
51, 398027, 93623, 223884, 286056, 1051360100352.0,
52, 386175, 92412, 224660, 298168, 1066522116096.0,
53, 374431, 91383, 225280, 310273, 1080931090432.0,
54, 363273, 90028, 225565, 322392, 1093917016064.0,
55, 352035, 88798, 225679, 334637, 1105415438336.0,
56, 341219, 87335, 225576, 346683, 1115791622144.0,
57, 331112, 85848, 225236, 358766, 1124918231040.0,
58, 321231, 84515, 224781, 370906, 1132943835136.0,
59, 311570, 82994, 224108, 382871, 1139937902592.0,
60, 302071, 81430, 223177, 394747, 1145839878144.0,
61, 292860, 79841, 222094, 406476, 1150815174656.0,
62, 284136, 78157, 220648, 418193, 1154654732288.0,
63, 275837, 76486, 219171, 429622, 1157168037888.0,
64, 267977, 74619, 217571, 440973, 1158513295360.0,
65, 260562, 72993, 215892, 452181, 1158619922432.0,
66, 253309, 71135, 213895, 463094, 1157843189760.0,
67, 246231, 69447, 211758, 473837, 1156238016512.0,
68, 239682, 67704, 209532, 484417, 1153242103808.0,
69, 233325, 65890, 207126, 494880, 1149362765824.0,
70, 227692, 64286, 204599, 505034, 1144744509440.0,
71, 222085, 62330, 201883, 515020, 1139400638464.0,
72, 216882, 60555, 199183, 524651, 1132929089536.0,
73, 212247, 58767, 196310, 534120, 1125670912000.0,
74, 207741, 56988, 193343, 543242, 1117416980480.0,
75, 203706, 55215, 190305, 552158, 1108710719488.0,
76, 200000, 53377, 187259, 560667, 1098901323776.0,
77, 196592, 51517, 184166, 569009, 1088486408192.0,
78, 193640, 49753, 181025, 577063, 1077432188928.0,
79, 190645, 48083, 177733, 584917, 1065787981824.0,
80, 188224, 46500, 174477, 592390, 1053423894528.0,
81, 186211, 44766, 171117, 599526, 1040707649536.0,
82, 184247, 43197, 167736, 606198, 1027371630592.0,
83, 182648, 41616, 164357, 612712, 1013528166400.0,
84, 181338, 40105, 160895, 618829, 999360299008.0,
85, 180519, 38575, 157447, 624796, 984612732928.0,
86, 179772, 37045, 154081, 630376, 969759457280.0,
87, 179414, 35509, 150719, 635809, 954430554112.0,
88, 179136, 34178, 147371, 640834, 938732388352.0,
89, 179196, 32788, 144081, 645523, 922614300672.0,
90, 179474, 31432, 140698, 649931, 906708746240.0,
91, 179959, 30089, 137340, 654211, 890520600576.0,
92, 180681, 28850, 134135, 658001, 874037346304.0,
93, 181612, 27531, 130831, 661560, 857676152832.0,
94, 182861, 26324, 127642, 664827, 841361293312.0,
95, 184383, 25172, 124518, 667775, 824868536320.0,
96, 185918, 24011, 121433, 670299, 808205418496.0,
97, 187796, 22911, 118383, 672619, 791491969024.0,
98, 189819, 21928, 115235, 674793, 774766690304.0,
99, 191939, 20925, 112289, 676611, 758369452032.0,
100, 194256, 19978, 109478, 678233, 742040502272.0,
101, 196741, 19061, 106565, 679566, 725783085056.0,
102, 199317, 18118, 103738, 680630, 709430607872.0,
103, 202080, 17226, 101036, 681352, 693444214784.0,
104, 204956, 16463, 98351, 682022, 677537382400.0,
105, 208002, 15663, 95658, 682453, 661794226176.0,
106, 211144, 14901, 93104, 682575, 646131843072.0,
107, 214408, 14134, 90590, 682530, 630639656960.0,
108, 217620, 13443, 88186, 682146, 615503855616.0,
109, 221123, 12799, 85810, 681746, 600479727616.0,
110, 224635, 12160, 83555, 681057, 585752805376.0,
111, 228259, 11558, 81316, 680256, 571346255872.0,
112, 232069, 10973, 79158, 679141, 557284294656.0,
113, 235928, 10411, 77065, 677900, 543324782592.0,
114, 239886, 9886, 75022, 676541, 529733238784.0,
115, 243741, 9396, 73073, 674940, 516496916480.0,
116, 247809, 8934, 71175, 673199, 503569154048.0,
117, 252001, 8525, 69325, 671371, 491038081024.0,
118, 256168, 8112, 67554, 669506, 478631100416.0,
119, 260337, 7684, 65836, 667359, 466470682624.0,
120, 264663, 7295, 64223, 665174, 454509084672.0,
121, 269008, 6946, 62586, 662839, 442892664832.0,
122, 273251, 6602, 61004, 660371, 431572205568.0,
123, 277633, 6303, 59585, 657784, 420571283456.0,
124, 282033, 6016, 58104, 655173, 410061389824.0,
125, 286431, 5725, 56785, 652486, 399982215168.0,
126, 290870, 5447, 55453, 649712, 390079987712.0,
127, 295353, 5206, 54182, 646780, 380390785024.0,
128, 299860, 4961, 52936, 643750, 370973081600.0,
129, 304383, 4746, 51693, 640619, 362048421888.0,
130, 308824, 4536, 50511, 637449, 353341980672.0,
131, 313368, 4333, 49451, 634224, 344833933312.0,
132, 317842, 4165, 48419, 630835, 336549330944.0,
133, 322353, 4002, 47407, 627539, 328533180416.0,
134, 326766, 3810, 46449, 624095, 320723320832.0,
135, 331369, 3673, 45539, 620682, 313166020608.0,
136, 335903, 3510, 44629, 617190, 305860640768.0,
137, 340352, 3362, 43753, 613705, 298868129792.0,
138, 344844, 3252, 42919, 610142, 292288577536.0,
139, 349383, 3120, 42175, 606569, 285856382976.0,
140, 353923, 3009, 41400, 602848, 279538450432.0,
141, 358445, 2917, 40689, 599254, 273643397120.0,
142, 362992, 2799, 39951, 595540, 267965448192.0,
143, 367494, 2732, 39291, 591908, 262365093888.0,
144, 371923, 2659, 38686, 588190, 256954327040.0,
145, 376314, 2577, 38098, 584480, 251791548416.0,
146, 380741, 2518, 37542, 580684, 246902136832.0,
147, 385129, 2426, 36926, 576981, 242273337344.0,
148, 389532, 2356, 36422, 573317, 237727514624.0,
149, 393868, 2303, 35923, 569557, 233310953472.0,
150, 398125, 2253, 35409, 565740, 229055266816.0,
151, 402427, 2196, 34903, 561999, 224950378496.0,
152, 406622, 2145, 34466, 558231, 221030637568.0,
153, 410923, 2102, 33993, 554430, 217290235904.0,
154, 415172, 2058, 33582, 550705, 213685444608.0,
155, 419312, 2010, 33152, 546974, 210165006336.0,
156, 423407, 1971, 32753, 543277, 206810955776.0,
157, 427602, 1939, 32369, 539485, 203647336448.0,
158, 431767, 1905, 31987, 535761, 200577392640.0,
159, 435865, 1867, 31640, 532050, 197537857536.0,
160, 439869, 1840, 31262, 528372, 194616246272.0,
161, 443987, 1824, 30922, 524699, 191887392768.0,
162, 447987, 1790, 30602, 521047, 189172432896.0,
163, 451949, 1753, 30325, 517371, 186612228096.0,
164, 455829, 1744, 30022, 513766, 184193089536.0,
165, 459783, 1714, 29701, 510115, 181799665664.0,
166, 463647, 1687, 29434, 506574, 179495247872.0,
167, 467567, 1658, 29173, 502946, 177244700672.0,
168, 471412, 1650, 28904, 499375, 175075172352.0,
169, 475277, 1634, 28620, 495852, 173005946880.0,
170, 479059, 1615, 28353, 492355, 171002462208.0,
171, 482774, 1596, 28097, 488855, 169001484288.0,
172, 486402, 1584, 27888, 485430, 167131209728.0,
173, 490151, 1570, 27641, 481948, 165252947968.0,
174, 493917, 1550, 27409, 478494, 163432644608.0,
175, 497607, 1542, 27180, 475028, 161721606144.0,
176, 501194, 1528, 26976, 471608, 160160235520.0,
177, 504834, 1523, 26783, 468184, 158595891200.0,
178, 508389, 1509, 26614, 464892, 157018578944.0,
179, 511946, 1486, 26405, 461508, 155474567168.0,
180, 515519, 1473, 26197, 458205, 154046341120.0,
181, 518990, 1463, 26026, 454943, 152635154432.0,
182, 522408, 1451, 25861, 451651, 151240704000.0,
183, 525841, 1441, 25648, 448419, 149938790400.0,
184, 529203, 1438, 25507, 445167, 148694777856.0,
185, 532550, 1425, 25299, 441977, 147425738752.0,
186, 535906, 1416, 25124, 438802, 146197856256.0,
187, 539295, 1407, 24961, 435654, 144995491840.0,
188, 542726, 1399, 24784, 432499, 143821348864.0,
189, 545972, 1387, 24594, 429338, 142743609344.0,
190, 549246, 1383, 24477, 426272, 141591535616.0,
191, 552504, 1370, 24295, 423230, 140438749184.0,
192, 555675, 1358, 24122, 420138, 139359879168.0,
193, 558857, 1354, 24009, 417118, 138267574272.0,
194, 561984, 1341, 23856, 414111, 137251332096.0,
195, 565190, 1340, 23697, 411167, 136251162624.0,
196, 568312, 1328, 23552, 408142, 135300333568.0,
197, 571420, 1325, 23410, 405285, 134335123456.0,
198, 574457, 1316, 23251, 402240, 133362458624.0,
199, 577571, 1302, 23113, 399337, 132432707584.0,
200, 580530, 1309, 22991, 396414, 131512094720.0,
201, 583525, 1300, 22893, 393566, 130638512128.0,
202, 586499, 1291, 22765, 390742, 129795674112.0,
203, 589494, 1290, 22651, 387910, 128943153152.0,
204, 592424, 1282, 22524, 385100, 128131960832.0,
205, 595333, 1271, 22394, 382399, 127398100992.0,
206, 598172, 1266, 22272, 379664, 126667714560.0,
207, 601032, 1264, 22166, 376911, 125898461184.0,
208, 603823, 1255, 22056, 374303, 125182423040.0,
209, 606597, 1248, 21925, 371616, 124529930240.0,
210, 609453, 1238, 21793, 368894, 123830198272.0,
211, 612214, 1239, 21685, 366278, 123090087936.0,
212, 614814, 1232, 21580, 363723, 122348818432.0,
213, 617610, 1230, 21465, 361064, 121587773440.0,
214, 620296, 1225, 21350, 358562, 120897220608.0,
215, 622907, 1219, 21236, 355968, 120246255616.0,
216, 625561, 1209, 21130, 353446, 119584321536.0,
217, 628202, 1207, 21028, 350956, 118914748416.0,
218, 630793, 1198, 20921, 348446, 118261669888.0,
219, 633431, 1193, 20818, 345926, 117624365056.0,
220, 636037, 1189, 20712, 343458, 116997459968.0,
221, 638603, 1186, 20632, 340942, 116342226944.0,
222, 641153, 1176, 20529, 338496, 115748986880.0,
223, 643684, 1174, 20430, 336105, 115151568896.0,
224, 646152, 1173, 20338, 333707, 114571149312.0,
225, 648587, 1171, 20248, 331378, 113998798848.0,
226, 651063, 1161, 20133, 328993, 113385328640.0,
227, 653605, 1157, 20017, 326575, 112818536448.0,
228, 656002, 1152, 19945, 324311, 112268189696.0,
229, 658443, 1147, 19851, 321901, 111757398016.0,
230, 660809, 1149, 19762, 319654, 111181307904.0,
231, 663164, 1138, 19661, 317343, 110664482816.0,
232, 665521, 1136, 19603, 315097, 110154928128.0,
233, 667748, 1129, 19494, 312935, 109612707840.0,
234, 670121, 1116, 19397, 310703, 109085368320.0,
235, 672372, 1114, 19304, 308541, 108558704640.0,
236, 674641, 1114, 19212, 306341, 108052791296.0,
237, 676872, 1112, 19127, 304189, 107530838016.0,
238, 679070, 1101, 19058, 302068, 106962022400.0,
239, 681325, 1096, 19007, 299896, 106441863168.0,
240, 683519, 1096, 18876, 297750, 105953533952.0,
241, 685695, 1091, 18783, 295656, 105509769216.0,
242, 687938, 1087, 18694, 293568, 105048559616.0,
243, 690116, 1085, 18623, 291505, 104552247296.0,
244, 692341, 1086, 18542, 289429, 104113356800.0,
245, 694485, 1076, 18459, 287337, 103632932864.0,
246, 696588, 1064, 18381, 285307, 103140466688.0,
247, 698698, 1064, 18285, 283298, 102635798528.0,
248, 700781, 1054, 18220, 281285, 102185971712.0,
249, 702798, 1044, 18124, 279296, 101730201600.0,
250, 704883, 1050, 18038, 277294, 101246619648.0,
251, 706866, 1045, 17964, 275400, 100755238912.0,
252, 708875, 1042, 17926, 273455, 100312219648.0,
253, 710922, 1036, 17853, 271523, 99849080832.0,
254, 712937, 1032, 17770, 269561, 99426947072.0,
255, 714908, 1029, 17717, 267690, 98987479040.0,
256, 716817, 1026, 17635, 265866, 98539184128.0,
257, 718756, 1027, 17562, 263984, 98105720832.0,
258, 720673, 1027, 17495, 262189, 97683279872.0,
259, 722566, 1021, 17422, 260377, 97283403776.0,
260, 724491, 1014, 17320, 258557, 96890433536.0,
261, 726353, 1025, 17241, 256769, 96431874048.0,
262, 728183, 1011, 17181, 254987, 96023568384.0,
263, 729995, 1006, 17143, 253224, 95629815808.0,
264, 731890, 1002, 17086, 251436, 95244697600.0,
265, 733701, 999, 17031, 249656, 94860075008.0,
266, 735503, 994, 16963, 247954, 94492545024.0,
267, 737231, 994, 16888, 246247, 94143266816.0,
268, 739035, 987, 16793, 244503, 93744627712.0,
269, 740798, 984, 16736, 242855, 93347860480.0,
270, 742592, 985, 16678, 241146, 92976578560.0,
271, 744344, 978, 16625, 239443, 92595003392.0,
272, 746049, 973, 16540, 237796, 92273733632.0,
273, 747744, 966, 16464, 236118, 91917148160.0,
274, 749417, 962, 16418, 234505, 91546497024.0,
275, 751094, 961, 16368, 232938, 91160363008.0,
276, 752787, 959, 16296, 231363, 90764369920.0,
277, 754456, 951, 16238, 229745, 90406105088.0,
278, 756098, 948, 16181, 228140, 90070589440.0,
279, 757725, 948, 16132, 226539, 89705291776.0,
280, 759367, 942, 16073, 224941, 89358045184.0,
281, 760968, 943, 15986, 223358, 88990916608.0,
282, 762629, 944, 15942, 221866, 88633942016.0,
283, 764213, 944, 15894, 220268, 88292294656.0,
284, 765737, 940, 15833, 218793, 87978631168.0,
285, 767274, 937, 15771, 217348, 87638495232.0,
286, 768816, 930, 15709, 215832, 87330103296.0,
287, 770385, 926, 15656, 214404, 86975459328.0,
288, 771933, 920, 15587, 212915, 86675795968.0,
289, 773402, 924, 15540, 211510, 86362845184.0,
290, 774935, 914, 15484, 210030, 86075379712.0,
291, 776424, 920, 15410, 208631, 85760024576.0,
292, 777867, 914, 15367, 207199, 85412098048.0,
293, 779341, 910, 15311, 205809, 85069594624.0,
294, 780834, 906, 15267, 204377, 84783108096.0,
295, 782277, 904, 15238, 203011, 84486864896.0,
296, 783748, 907, 15168, 201607, 84164083712.0,
297, 785138, 903, 15109, 200254, 83822682112.0,
298, 786512, 900, 15059, 198862, 83540512768.0,
299, 787927, 890, 15016, 197513, 83261038592.0,
300, 789319, 893, 14957, 196218, 82970529792.0,
301, 790709, 888, 14901, 194947, 82677678080.0,
302, 792060, 880, 14859, 193659, 82416537600.0,
303, 793436, 883, 14801, 192276, 82125320192.0,
304, 794855, 877, 14730, 190943, 81835319296.0,
305, 796166, 879, 14685, 189664, 81539805184.0,
306, 797514, 870, 14633, 188363, 81236459520.0,
307, 798842, 871, 14590, 187096, 80928686080.0,
308, 800130, 868, 14542, 185825, 80626597888.0,
309, 801399, 863, 14497, 184599, 80371359744.0,
310, 802693, 856, 14458, 183345, 80093999104.0,
311, 803925, 853, 14427, 182162, 79830589440.0,
312, 805167, 857, 14398, 180955, 79537553408.0,
313, 806393, 851, 14348, 179777, 79283998720.0,
314, 807585, 850, 14286, 178615, 79019687936.0,
315, 808813, 853, 14252, 177428, 78757330944.0,
316, 809997, 848, 14202, 176204, 78501199872.0,
317, 811175, 847, 14145, 175080, 78226472960.0,
318, 812394, 844, 14112, 173945, 77959262208.0,
319, 813651, 842, 14049, 172740, 77727637504.0,
320, 814836, 843, 13987, 171620, 77520269312.0,
321, 816103, 838, 13956, 170521, 77293117440.0,
322, 817198, 834, 13924, 169387, 77029122048.0,
323, 818323, 835, 13872, 168320, 76800630784.0,
324, 819467, 824, 13831, 167203, 76549918720.0,
325, 820693, 826, 13811, 166111, 76321923072.0,
326, 821818, 823, 13760, 164997, 76066914304.0,
327, 822899, 825, 13715, 163939, 75824799744.0,
328, 824085, 819, 13662, 162799, 75591917568.0,
329, 825184, 813, 13601, 161736, 75321856000.0,
330, 826287, 809, 13570, 160665, 75052429312.0,
331, 827330, 810, 13509, 159599, 74822328320.0,
332, 828405, 806, 13457, 158644, 74601971712.0,
333, 829564, 808, 13408, 157585, 74356834304.0,
334, 830652, 810, 13366, 156526, 74123395072.0,
335, 831698, 803, 13353, 155537, 73891663872.0,
336, 832817, 806, 13318, 154464, 73630736384.0,
337, 833912, 797, 13279, 153449, 73364594688.0,
338, 834893, 797, 13253, 152516, 73119440896.0,
339, 835910, 794, 13230, 151518, 72886886400.0,
340, 836933, 790, 13190, 150506, 72662212608.0,
341, 837900, 788, 13123, 149542, 72452952064.0,
342, 838851, 784, 13112, 148574, 72256888832.0,
343, 839858, 784, 13072, 147611, 72062054400.0,
344, 840842, 785, 13051, 146690, 71816830976.0,
345, 841790, 778, 13011, 145744, 71635238912.0,
346, 842838, 777, 12974, 144802, 71484108800.0,
347, 843768, 780, 12977, 143856, 71235624960.0,
348, 844711, 773, 12915, 142931, 70986944512.0,
349, 845653, 773, 12859, 142042, 70808453120.0,
350, 846569, 776, 12823, 141193, 70660079616.0,
351, 847493, 770, 12777, 140305, 70456954880.0,
352, 848395, 762, 12731, 139442, 70317596672.0,
353, 849365, 767, 12689, 138504, 70151024640.0,
354, 850267, 770, 12662, 137607, 69928378368.0,
355, 851254, 767, 12627, 136667, 69685329920.0,
356, 852151, 763, 12589, 135825, 69469904896.0,
357, 853097, 762, 12556, 134931, 69256318976.0,
358, 854001, 753, 12509, 134081, 69023514624.0,
359, 854848, 752, 12481, 133256, 68824297472.0,
360, 855686, 749, 12467, 132457, 68618749952.0,
361, 856635, 748, 12409, 131613, 68420022272.0,
362, 857436, 747, 12359, 130781, 68234348544.0,
363, 858293, 744, 12341, 130020, 67996780544.0,
364, 859153, 743, 12311, 129187, 67791431680.0,
365, 860059, 747, 12280, 128384, 67597813760.0,
366, 860859, 742, 12240, 127583, 67379245056.0,
367, 861712, 739, 12196, 126799, 67202238464.0,
368, 862548, 737, 12162, 125995, 67028637696.0,
369, 863420, 727, 12113, 125137, 66859501568.0,
370, 864233, 732, 12101, 124337, 66683648000.0,
371, 865040, 730, 12053, 123592, 66477021184.0,
372, 865772, 731, 12036, 122830, 66246744064.0,
373, 866614, 725, 12010, 122041, 66061711360.0,
374, 867403, 727, 11983, 121271, 65908383744.0,
375, 868155, 723, 11937, 120552, 65731760128.0,
376, 868915, 719, 11906, 119844, 65544056832.0,
377, 869739, 713, 11858, 119102, 65358716928.0,
378, 870535, 712, 11831, 118334, 65171087360.0,
379, 871265, 716, 11798, 117604, 64999340032.0,
380, 872041, 711, 11761, 116890, 64815695872.0,
381, 872803, 707, 11743, 116098, 64641073152.0,
382, 873564, 706, 11697, 115358, 64465684480.0,
383, 874287, 708, 11687, 114686, 64320139264.0,
384, 875034, 703, 11648, 114014, 64156258304.0,
385, 875771, 707, 11622, 113313, 63964702720.0,
386, 876447, 702, 11585, 112649, 63755270144.0,
387, 877196, 703, 11559, 111981, 63591546880.0,
388, 877881, 698, 11539, 111267, 63439591424.0,
389, 878589, 699, 11494, 110618, 63259281408.0,
390, 879261, 692, 11455, 109944, 63072600064.0,
391, 879943, 694, 11435, 109280, 62877509632.0,
392, 880650, 692, 11401, 108585, 62676023296.0,
393, 881301, 694, 11384, 107971, 62493882368.0,
394, 882003, 696, 11343, 107318, 62377486336.0,
395, 882676, 694, 11327, 106625, 62226397184.0,
396, 883379, 689, 11309, 106001, 62042974208.0,
397, 884004, 694, 11288, 105411, 61883312128.0,
398, 884599, 692, 11239, 104778, 61740967936.0,
399, 885230, 686, 11219, 104167, 61605251072.0,
400, 885916, 684, 11191, 103536, 61456185344.0,
401, 886608, 687, 11156, 102943, 61298669568.0,
402, 887238, 683, 11125, 102314, 61134979072.0,
403, 887844, 678, 11103, 101712, 60973647872.0,
404, 888493, 677, 11096, 101108, 60804497408.0,
405, 889143, 674, 11085, 100497, 60629067776.0,
406, 889823, 672, 11043, 99875, 60464750592.0,
407, 890395, 673, 11003, 99317, 60313425920.0,
408, 890976, 667, 10979, 98757, 60195178496.0,
409, 891555, 665, 10945, 98204, 60073744384.0,
410, 892110, 664, 10919, 97650, 59960614912.0,
411, 892735, 666, 10888, 97064, 59786774528.0,
412, 893338, 669, 10864, 96487, 59606401024.0,
413, 893916, 667, 10829, 95971, 59447652352.0,
414, 894530, 660, 10795, 95374, 59299831808.0,
415, 895097, 661, 10786, 94845, 59144470528.0,
416, 895654, 658, 10761, 94292, 58972241920.0,
417, 896253, 658, 10740, 93761, 58830264320.0,
418, 896785, 651, 10714, 93229, 58704781312.0,
419, 897297, 658, 10696, 92703, 58588880896.0,
420, 897895, 653, 10662, 92171, 58444337152.0,
421, 898438, 650, 10647, 91618, 58285426688.0,
422, 899015, 643, 10632, 91083, 58159583232.0,
423, 899608, 643, 10608, 90594, 58030028800.0,
424, 900114, 648, 10565, 90040, 57900466176.0,
425, 900607, 644, 10547, 89508, 57777362944.0,
426, 901172, 641, 10521, 89013, 57665660928.0,
427, 901729, 636, 10494, 88502, 57546303488.0,
428, 902273, 638, 10464, 88006, 57426782208.0,
429, 902802, 634, 10463, 87495, 57304340480.0,
430, 903340, 638, 10424, 86991, 57165590528.0,
431, 903887, 635, 10408, 86499, 56988528640.0,
432, 904419, 635, 10379, 86003, 56814274560.0,
433, 904934, 636, 10362, 85535, 56692434944.0,
434, 905416, 634, 10325, 85102, 56585705472.0,
435, 905936, 629, 10296, 84581, 56468600832.0,
436, 906438, 625, 10262, 84099, 56352479232.0,
437, 906911, 625, 10237, 83650, 56196775936.0,
438, 907289, 628, 10208, 83191, 56041046016.0,
439, 907849, 623, 10177, 82737, 55932858368.0,
440, 908321, 627, 10166, 82271, 55774783488.0,
441, 908814, 629, 10149, 81805, 55605063680.0,
442, 909232, 626, 10117, 81424, 55444885504.0,
443, 909689, 618, 10118, 80952, 55293362176.0,
444, 910132, 620, 10087, 80485, 55193677824.0,
445, 910588, 620, 10051, 80025, 55088519168.0,
446, 911079, 616, 10043, 79619, 55034064896.0,
447, 911580, 616, 10020, 79166, 54944264192.0,
448, 912020, 612, 9975, 78680, 54804905984.0,
449, 912536, 616, 9973, 78255, 54649559040.0,
450, 912953, 615, 9959, 77834, 54524592128.0,
451, 913405, 615, 9920, 77415, 54376243200.0,
452, 913867, 614, 9906, 76990, 54294536192.0,
453, 914293, 615, 9896, 76610, 54145478656.0,
454, 914703, 609, 9887, 76175, 54006206464.0,
455, 915085, 607, 9860, 75756, 53874597888.0,
456, 915532, 600, 9836, 75374, 53742888960.0,
457, 915957, 602, 9808, 74977, 53611094016.0,
458, 916360, 606, 9781, 74562, 53468712960.0,
459, 916765, 600, 9766, 74184, 53366474752.0,
460, 917144, 596, 9750, 73794, 53266411520.0,
461, 917551, 593, 9724, 73468, 53161172992.0,
462, 917960, 597, 9698, 73089, 53070229504.0,
463, 918406, 595, 9677, 72663, 52936056832.0,
464, 918817, 597, 9663, 72280, 52854896640.0,
465, 919206, 597, 9630, 71892, 52746145792.0,
466, 919632, 596, 9605, 71543, 52593711104.0,
467, 920002, 595, 9589, 71184, 52474073088.0,
468, 920417, 590, 9568, 70833, 52380071936.0,
469, 920835, 588, 9547, 70440, 52285743104.0,
470, 921199, 591, 9538, 70032, 52168091648.0,
471, 921538, 590, 9514, 69691, 52051777536.0,
472, 921989, 589, 9483, 69328, 51958806528.0,
473, 922415, 587, 9458, 68918, 51812698112.0,
474, 922773, 587, 9436, 68571, 51712577536.0,
475, 923125, 588, 9425, 68207, 51591587840.0,
476, 923501, 584, 9406, 67885, 51476764672.0,
477, 923889, 582, 9388, 67548, 51404183552.0,
478, 924185, 583, 9382, 67251, 51314378752.0,
479, 924579, 582, 9356, 66868, 51233069056.0,
480, 924907, 574, 9337, 66481, 51121268736.0,
481, 925295, 574, 9338, 66135, 50993002496.0,
482, 925641, 572, 9314, 65803, 50877116416.0,
483, 925967, 569, 9294, 65459, 50760026112.0,
484, 926319, 568, 9272, 65199, 50654865408.0,
485, 926602, 573, 9263, 64868, 50563235840.0,
486, 926976, 574, 9267, 64555, 50491965440.0,
487, 927336, 572, 9232, 64222, 50384623616.0,
488, 927665, 571, 9209, 63916, 50307323904.0,
489, 927976, 568, 9188, 63630, 50229407744.0,
490, 928333, 567, 9168, 63284, 50150189056.0,
491, 928683, 569, 9152, 62990, 50024130560.0,
492, 929054, 568, 9135, 62652, 49918883840.0,
493, 929429, 564, 9116, 62299, 49818054656.0,
494, 929661, 562, 9084, 61998, 49719050240.0,
495, 929951, 560, 9054, 61720, 49626734592.0,
496, 930288, 563, 9055, 61431, 49510907904.0,
497, 930653, 558, 9045, 61108, 49410916352.0,
498, 930956, 558, 9013, 60833, 49305731072.0,
499, 931276, 555, 9019, 60530, 49187471360.0,
500, 931618, 552, 8985, 60229, 49087264768.0,
501, 931936, 547, 8964, 59944, 48999294976.0,
502, 932191, 549, 8948, 59663, 48925968384.0,
503, 932565, 552, 8931, 59351, 48824485888.0,
504, 932786, 545, 8927, 59076, 48720812032.0,
505, 933143, 548, 8889, 58782, 48639561728.0,
506, 933414, 548, 8870, 58516, 48553228288.0,
507, 933715, 543, 8849, 58210, 48452487168.0,
508, 934034, 542, 8838, 57946, 48357339136.0,
509, 934275, 543, 8822, 57703, 48265781248.0,
510, 934576, 545, 8804, 57392, 48153323520.0,
511, 934898, 545, 8790, 57110, 48034480128.0,
512, 935135, 542, 8755, 56875, 47934050304.0,
513, 935401, 545, 8740, 56641, 47856791552.0,
514, 935689, 544, 8718, 56363, 47801255936.0,
515, 936019, 541, 8713, 56101, 47733862400.0,
516, 936268, 537, 8692, 55823, 47656849408.0,
517, 936564, 539, 8675, 55591, 47562817536.0,
518, 936824, 539, 8657, 55301, 47476942848.0,
519, 937109, 538, 8663, 55014, 47360288768.0,
520, 937384, 535, 8652, 54779, 47213277184.0,
521, 937707, 537, 8639, 54468, 47106482176.0,
522, 937995, 534, 8611, 54237, 47058104320.0,
523, 938248, 532, 8605, 53992, 46974177280.0,
524, 938466, 535, 8587, 53777, 46875904000.0,
525, 938701, 532, 8586, 53575, 46793834496.0,
526, 938963, 526, 8556, 53310, 46701260800.0,
527, 939342, 524, 8544, 53059, 46623971328.0,
528, 939562, 525, 8515, 52817, 46521722880.0,
529, 939814, 526, 8506, 52517, 46418425856.0,
530, 940010, 525, 8497, 52315, 46309931008.0,
531, 940283, 526, 8476, 52050, 46206093312.0,
532, 940555, 525, 8460, 51796, 46106357760.0,
533, 940777, 523, 8433, 51569, 46054064128.0,
534, 941066, 519, 8419, 51355, 45982396416.0,
535, 941265, 514, 8405, 51109, 45946191872.0,
536, 941484, 518, 8385, 50952, 45859620864.0,
537, 941772, 515, 8378, 50722, 45770616832.0,
538, 942034, 519, 8360, 50514, 45626646528.0,
539, 942196, 517, 8341, 50290, 45488125952.0,
540, 942436, 514, 8332, 50063, 45407287296.0,
541, 942685, 510, 8316, 49849, 45335465984.0,
542, 942931, 513, 8295, 49583, 45268916224.0,
543, 943187, 510, 8277, 49370, 45166583808.0,
544, 943435, 507, 8262, 49153, 45095938048.0,
545, 943665, 513, 8239, 48962, 45024378880.0,
546, 943845, 512, 8209, 48796, 44941432832.0,
547, 944076, 512, 8190, 48578, 44862865408.0,
548, 944320, 508, 8180, 48359, 44765507584.0,
549, 944533, 512, 8155, 48121, 44677007360.0,
550, 944767, 507, 8139, 47976, 44596457472.0,
551, 944966, 506, 8127, 47717, 44510869504.0,
552, 945200, 507, 8117, 47514, 44416569344.0,
553, 945423, 503, 8116, 47332, 44324988928.0,
554, 945595, 505, 8107, 47111, 44232327168.0,
555, 945864, 497, 8085, 46930, 44137252864.0,
556, 946088, 497, 8070, 46717, 44066103296.0,
557, 946288, 505, 8052, 46501, 43968100352.0,
558, 946508, 505, 8043, 46301, 43882272768.0,
559, 946695, 503, 8031, 46095, 43787286528.0,
560, 946887, 502, 8029, 45904, 43721764864.0,
561, 947174, 497, 8004, 45717, 43657957376.0,
562, 947348, 497, 8009, 45524, 43588718592.0,
563, 947533, 498, 7992, 45318, 43531083776.0,
564, 947747, 499, 7963, 45140, 43457447936.0,
565, 947915, 495, 7959, 44985, 43371859968.0,
566, 948157, 495, 7935, 44749, 43293759488.0,
567, 948383, 490, 7926, 44616, 43241054208.0,
568, 948562, 493, 7912, 44463, 43155847168.0,
569, 948747, 490, 7881, 44288, 43065593856.0,
570, 948931, 489, 7868, 44108, 42984697856.0,
571, 949123, 492, 7865, 43891, 42888755200.0,
572, 949324, 489, 7847, 43750, 42778628096.0,
573, 949486, 485, 7833, 43574, 42715906048.0,
574, 949652, 486, 7829, 43384, 42662981632.0,
575, 949838, 483, 7814, 43218, 42591897600.0,
576, 950005, 484, 7806, 43033, 42521290752.0,
577, 950236, 482, 7791, 42871, 42467137536.0,
578, 950417, 482, 7782, 42657, 42404900864.0,
579, 950634, 487, 7772, 42470, 42327209984.0,
580, 950778, 487, 7747, 42380, 42247403520.0,
581, 950956, 487, 7718, 42174, 42197045248.0,
582, 951120, 483, 7713, 41951, 42113363968.0,
583, 951328, 484, 7717, 41799, 42043123712.0,
584, 951457, 486, 7700, 41654, 41978388480.0,
585, 951644, 482, 7693, 41501, 41882849280.0,
586, 951795, 480, 7681, 41321, 41801986048.0,
587, 952025, 480, 7668, 41159, 41744586752.0,
588, 952168, 477, 7646, 41001, 41678692352.0,
589, 952363, 475, 7625, 40842, 41584807936.0,
590, 952487, 477, 7615, 40718, 41525098496.0,
591, 952670, 470, 7619, 40547, 41484382208.0,
592, 952807, 469, 7611, 40414, 41396287488.0,
593, 952943, 466, 7590, 40316, 41342334976.0,
594, 953151, 472, 7583, 40175, 41284177920.0,
595, 953296, 472, 7555, 40049, 41210966016.0,
596, 953473, 469, 7547, 39888, 41146632192.0,
597, 953667, 468, 7536, 39734, 41078083584.0,
598, 953862, 469, 7527, 39565, 41009590272.0,
599, 953995, 462, 7491, 39380, 40948908032.0,
600, 954148, 466, 7492, 39269, 40880121856.0,
601, 954315, 467, 7484, 39092, 40801513472.0,
602, 954441, 468, 7480, 38974, 40753158144.0,
603, 954583, 469, 7454, 38842, 40696393728.0,
604, 954732, 465, 7429, 38671, 40629291008.0,
605, 954920, 467, 7437, 38504, 40551137280.0,
606, 955118, 466, 7429, 38369, 40487430144.0,
607, 955272, 464, 7422, 38238, 40390676480.0,
608, 955440, 464, 7394, 38070, 40320409600.0,
609, 955586, 464, 7389, 37938, 40258267136.0,
610, 955693, 465, 7370, 37825, 40182593536.0,
611, 955840, 463, 7356, 37671, 40110579712.0,
612, 955985, 460, 7348, 37503, 40051697664.0,
613, 956114, 463, 7342, 37416, 39963531264.0,
614, 956257, 459, 7326, 37299, 39903385600.0,
615, 956399, 456, 7328, 37172, 39824988160.0,
616, 956574, 454, 7304, 37033, 39788066816.0,
617, 956747, 451, 7303, 36881, 39743504384.0,
618, 956874, 454, 7277, 36759, 39687614464.0,
619, 957040, 455, 7262, 36605, 39600381952.0,
620, 957190, 455, 7249, 36452, 39528126464.0,
621, 957339, 453, 7238, 36338, 39458729984.0,
622, 957411, 452, 7233, 36228, 39383234560.0,
623, 957600, 455, 7219, 36089, 39318700032.0,
624, 957722, 449, 7205, 35945, 39233712128.0,
625, 957885, 450, 7194, 35831, 39173009408.0,
626, 958007, 448, 7177, 35723, 39124039680.0,
627, 958151, 450, 7168, 35621, 39069999104.0,
628, 958294, 451, 7155, 35483, 39017861120.0,
629, 958427, 449, 7151, 35369, 38924867584.0,
630, 958611, 450, 7140, 35210, 38833575936.0,
631, 958788, 442, 7127, 35053, 38782025728.0,
632, 958881, 444, 7130, 34931, 38730113024.0,
633, 958987, 443, 7107, 34836, 38654251008.0,
634, 959110, 442, 7108, 34693, 38600333312.0,
635, 959251, 445, 7106, 34562, 38550009856.0,
636, 959339, 444, 7088, 34459, 38511808512.0,
637, 959493, 442, 7082, 34351, 38436319232.0,
638, 959618, 439, 7062, 34270, 38360453120.0,
639, 959737, 442, 7068, 34135, 38336124928.0,
640, 959857, 437, 7042, 34041, 38281172992.0,
641, 959996, 440, 7036, 33921, 38203885568.0,
642, 960153, 441, 7018, 33781, 38139693056.0,
643, 960278, 441, 7009, 33675, 38085722112.0,
644, 960450, 435, 6974, 33554, 38035177472.0,
645, 960549, 434, 6959, 33458, 37971431424.0,
646, 960706, 433, 6955, 33315, 37898266624.0,
647, 960805, 436, 6953, 33196, 37825212416.0,
648, 960953, 431, 6930, 33059, 37759756288.0,
649, 961029, 427, 6934, 32978, 37696839680.0,
650, 961105, 432, 6915, 32887, 37642010624.0,
651, 961268, 429, 6906, 32796, 37565526016.0,
652, 961362, 427, 6892, 32689, 37502640128.0,
653, 961475, 427, 6878, 32598, 37436014592.0,
654, 961559, 429, 6858, 32530, 37351542784.0,
655, 961683, 428, 6838, 32414, 37283026944.0,
656, 961842, 431, 6828, 32287, 37203658752.0,
657, 961996, 431, 6825, 32166, 37139662848.0,
658, 962084, 427, 6834, 32037, 37091762176.0,
659, 962188, 430, 6806, 31964, 37042384896.0,
660, 962257, 431, 6796, 31855, 36989874176.0,
661, 962351, 430, 6781, 31778, 36920381440.0,
662, 962423, 430, 6789, 31741, 36846161920.0,
663, 962591, 429, 6783, 31587, 36786350080.0,
664, 962682, 427, 6773, 31535, 36724324352.0,
665, 962801, 430, 6772, 31418, 36677230592.0,
666, 962925, 425, 6761, 31322, 36628813824.0,
667, 962994, 420, 6751, 31200, 36577159168.0,
668, 963110, 421, 6744, 31093, 36547624960.0,
669, 963187, 418, 6727, 30996, 36512569344.0,
670, 963225, 414, 6729, 30948, 36492957696.0,
671, 963291, 421, 6696, 30858, 36462118912.0,
672, 963432, 422, 6691, 30779, 36401934336.0,
673, 963551, 423, 6667, 30708, 36333768704.0,
674, 963682, 417, 6661, 30622, 36264232960.0,
675, 963788, 414, 6659, 30554, 36197564416.0,
676, 963896, 415, 6649, 30422, 36117172224.0,
677, 964024, 419, 6630, 30356, 36045645824.0,
678, 964086, 417, 6628, 30278, 35978639360.0,
679, 964237, 409, 6623, 30135, 35911512064.0,
680, 964344, 412, 6615, 30044, 35857014784.0,
681, 964374, 413, 6601, 30016, 35807197184.0,
682, 964484, 412, 6583, 29912, 35789533184.0,
683, 964589, 413, 6585, 29821, 35772798976.0,
684, 964679, 410, 6585, 29740, 35746666496.0,
685, 964799, 411, 6568, 29640, 35705624576.0,
686, 964867, 411, 6558, 29556, 35666176000.0,
687, 964992, 411, 6554, 29455, 35601633280.0,
688, 965083, 409, 6557, 29332, 35585011712.0,
689, 965166, 411, 6551, 29249, 35548661760.0,
690, 965246, 414, 6530, 29144, 35507574784.0,
691, 965342, 408, 6528, 29111, 35482120192.0,
692, 965380, 408, 6510, 29027, 35427870720.0,
693, 965462, 411, 6488, 28951, 35373289472.0,
694, 965566, 408, 6471, 28896, 35299100672.0,
695, 965668, 405, 6475, 28835, 35236919296.0,
696, 965740, 405, 6463, 28756, 35168890880.0,
697, 965878, 405, 6459, 28645, 35127939072.0,
698, 965926, 403, 6441, 28596, 35100368896.0,
699, 966026, 402, 6445, 28507, 35054757888.0,
700, 966077, 403, 6447, 28453, 34974537728.0,
701, 966143, 403, 6431, 28389, 34910414848.0,
702, 966238, 402, 6417, 28318, 34862802944.0,
703, 966313, 401, 6407, 28243, 34832099328.0,
704, 966403, 401, 6407, 28121, 34784276480.0,
705, 966524, 403, 6396, 28060, 34723776512.0,
706, 966599, 400, 6386, 27987, 34678775808.0,
707, 966673, 399, 6380, 27898, 34654113792.0,
708, 966734, 398, 6360, 27802, 34605598720.0,
709, 966823, 401, 6354, 27726, 34544363520.0,
710, 966913, 398, 6346, 27667, 34502234112.0,
711, 966942, 400, 6336, 27616, 34473889792.0,
712, 967038, 394, 6320, 27549, 34432223232.0,
713, 967133, 395, 6317, 27458, 34407358464.0,
714, 967193, 394, 6310, 27409, 34379083776.0,
715, 967269, 393, 6311, 27353, 34323353600.0,
716, 967371, 392, 6300, 27280, 34280257536.0,
717, 967465, 392, 6292, 27216, 34209473536.0,
718, 967535, 401, 6272, 27152, 34141241344.0,
719, 967593, 397, 6270, 27072, 34082079744.0,
