0, 1001365, 0, 0, 0, 0.0,
1, 991352, 10011, 2, 0, 0.0,
2, 980868, 10483, 10013, 0, 5343835392.0,
3, 972272, 19037, 10054, 0, 10186641408.0,
4, 965174, 25831, 10377, 0, 14625492480.0,
5, 958934, 31022, 11450, 1, 18977967104.0,
6, 953118, 34629, 13647, 11, 23765711872.0,
7, 947060, 37267, 17057, 44, 29580145664.0,
8, 940270, 39511, 21457, 124, 36938153984.0,
9, 932874, 41732, 26447, 280, 46085797888.0,
10, 924858, 44128, 31800, 521, 57128568832.0,
11, 916393, 46770, 37246, 844, 69939625984.0,
12, 907640, 49773, 42743, 1230, 84388012032.0,
13, 898472, 52884, 48377, 1650, 100359913472.0,
14, 889160, 55982, 54201, 2098, 117869142016.0,
15, 879341, 59212, 60208, 2566, 136801165312.0,
16, 869362, 62372, 66487, 3063, 157175750656.0,
17, 859215, 65503, 73042, 3615, 178898812928.0,
18, 848729, 68660, 79830, 4256, 202003333120.0,
19, 837896, 71732, 86732, 4995, 226420301824.0,
20, 826971, 74731, 93751, 5839, 252108775424.0,
21, 815917, 77742, 100911, 6751, 279168548864.0,
22, 804348, 80911, 108192, 7780, 307367968768.0,
23, 792950, 83942, 115494, 8843, 336658530304.0,
24, 781210, 87151, 122983, 9934, 366961442816.0,
25, 769561, 90165, 130487, 11080, 398160330752.0,
26, 757769, 93070, 138263, 12185, 430322073600.0,
27, 745744, 96177, 146161, 13291, 463509782528.0,
28, 733708, 99082, 154080, 14358, 497600217088.0,
29, 721600, 102105, 162209, 15452, 532560117760.0,
30, 709293, 104922, 170435, 16547, 568656199680.0,
31, 696869, 107865, 178868, 17633, 605591535616.0,
32, 684403, 110817, 187542, 18677, 643229843456.0,
33, 671852, 113615, 196271, 19766, 681897230336.0,
34, 659536, 116181, 205110, 20795, 721453187072.0,
35, 646648, 118617, 214148, 21830, 761807241216.0,
36, 633914, 121237, 223170, 22917, 802932293632.0,
37, 620990, 123915, 232569, 23922, 844780896256.0,
38, 608435, 125957, 241898, 24985, 887535403008.0,
39, 595784, 128294, 251408, 26007, 931146498048.0,
40, 583140, 130313, 261055, 26985, 975409283072.0,
41, 570492, 132371, 270807, 27971, 1020542058496.0,
42, 557682, 134399, 280452, 28981, 1066307878912.0,
43, 545312, 135929, 290290, 29966, 1112759992320.0,
44, 533142, 137290, 300205, 30949, 1159725449216.0,
45, 520762, 138675, 310040, 31917, 1207350460416.0,
46, 508675, 139909, 320051, 32860, 1255641448448.0,
47, 496057, 141287, 330043, 33804, 1304324734976.0,
48, 483993, 142368, 339964, 34710, 1353317416960.0,
49, 472568, 143443, 349917, 35562, 1403050655744.0,
50, 460816, 144511, 359917, 36433, 1453199523840.0,
51, 449337, 145137, 369620, 37349, 1503318310912.0,
52, 437983, 145513, 379379, 38240, 1553961517056.0,
53, 427136, 145902, 389132, 39098, 1604686381056.0,
54, 416402, 146447, 398724, 39922, 1655561060352.0,
55, 405453, 146528, 408209, 40752, 1706175889408.0,
56, 395235, 146978, 417494, 41553, 1757180133376.0,
57, 384793, 147128, 426831, 42324, 1808149381120.0,
58, 374928, 147120, 435922, 43103, 1858533195776.0,
59, 365568, 147023, 444903, 43853, 1908537294848.0,
60, 355757, 147125, 453824, 44633, 1959086915584.0,
61, 346701, 146897, 462472, 45365, 2009190694912.0,
62, 337414, 146768, 471001, 46120, 2058594811904.0,
63, 328763, 146460, 479263, 46795, 2107417624576.0,
64, 320465, 146028, 487507, 47465, 2156132237312.0,
65, 311860, 145566, 495311, 48150, 2203639873536.0,
66, 304271, 145311, 502980, 48842, 2250911645696.0,
67, 296413, 144678, 510703, 49506, 2297623478272.0,
68, 288914, 144417, 517995, 50127, 2343731462144.0,
69, 281392, 143869, 525322, 50712, 2389408219136.0,
70, 274577, 143339, 532433, 51271, 2434164326400.0,
71, 267603, 142669, 539276, 51762, 2478334017536.0,
72, 261226, 142014, 545959, 52299, 2521510445056.0,
73, 255326, 141059, 552384, 52839, 2563964272640.0,
74, 249212, 140438, 558817, 53311, 2605703102464.0,
75, 243168, 139564, 564751, 53838, 2646195306496.0,
76, 237236, 138843, 570858, 54244, 2685921918976.0,
77, 231793, 138137, 576659, 54662, 2724786601984.0,
78, 226655, 137402, 582122, 55078, 2763361091584.0,
79, 221696, 136941, 587320, 55495, 2800588029952.0,
80, 217006, 135947, 592437, 55908, 2836662190080.0,
81, 212593, 134993, 597511, 56283, 2872336056320.0,
82, 208018, 134312, 602269, 56648, 2907058995200.0,
83, 204058, 133548, 606987, 57016, 2941174677504.0,
84, 200065, 132564, 611443, 57230, 2973550510080.0,
85, 196297, 131869, 615698, 57602, 3004919971840.0,
86, 192714, 131199, 619810, 57938, 3035516239872.0,
87, 188781, 130632, 623664, 58112, 3065095520256.0,
88, 185318, 129836, 627460, 58404, 3093648506880.0,
89, 182188, 129031, 631052, 58702, 3121556226048.0,
90, 179242, 128368, 634674, 58887, 3148452200448.0,
91, 176390, 127665, 638309, 59090, 3174740393984.0,
92, 174218, 126841, 641428, 59346, 3200430768128.0,
93, 171125, 126336, 644385, 59558, 3224904531968.0,
94, 168668, 125645, 647186, 59744, 3248406396928.0,
95, 166369, 125239, 649995, 59953, 3271379386368.0,
96, 164267, 124412, 652681, 60091, 3293832151040.0,
97, 162309, 123808, 655011, 60176, 3315332153344.0,
98, 160461, 122988, 657598, 60303, 3335802847232.0,
99, 158262, 122567, 659992, 60499, 3355449098240.0,
100, 156535, 121946, 662133, 60603, 3374142062592.0,
101, 154890, 121448, 664266, 60692, 3392228425728.0,
102, 153387, 120958, 666342, 60821, 3409802428416.0,
103, 152013, 120385, 668110, 60888, 3426353283072.0,
104, 150202, 119996, 670050, 61009, 3442605293568.0,
105, 148911, 119530, 671748, 61102, 3458516647936.0,
106, 147827, 118918, 673411, 61152, 3473697144832.0,
107, 146863, 118441, 674957, 61287, 3487750029312.0,
108, 145849, 117997, 676443, 61322, 3501161316352.0,
109, 144255, 117668, 677880, 61431, 3513740165120.0,
110, 143114, 117320, 679143, 61449, 3525692227584.0,
111, 142295, 116915, 680252, 61483, 3537707466752.0,
112, 141703, 116473, 681519, 61560, 3548688809984.0,
113, 141022, 115970, 682652, 61623, 3558806913024.0,
114, 140264, 115746, 683738, 61690, 3568722509824.0,
115, 139366, 115535, 684710, 61706, 3578260619264.0,
116, 138817, 115157, 685675, 61814, 3587695050752.0,
117, 138111, 114850, 686585, 61859, 3596758679552.0,
118, 137617, 114554, 687420, 61915, 3605199847424.0,
119, 136744, 114453, 688360, 61926, 3613206118400.0,
120, 136610, 113844, 688937, 61914, 3620668047360.0,
121, 136472, 113653, 689327, 61913, 3627361763328.0,
122, 136237, 113393, 690003, 61975, 3633731862528.0,
123, 135568, 113203, 690577, 62046, 3640495177728.0,
124, 135318, 112985, 691084, 62061, 3646446108672.0,
125, 135098, 112942, 691507, 62122, 3652265443328.0,
126, 134810, 112992, 691950, 62061, 3657715154944.0,
127, 134688, 112631, 692269, 62097, 3662645821440.0,
128, 134321, 112358, 692759, 62108, 3667321159680.0,
129, 134417, 112000, 692870, 62197, 3671587160064.0,
130, 133990, 111891, 693233, 62172, 3675663106048.0,
131, 133641, 112081, 693464, 62201, 3679274401792.0,
132, 133385, 112030, 693654, 62220, 3682528919552.0,
133, 132959, 112059, 694121, 62202, 3686348619776.0,
134, 133165, 111884, 694160, 62230, 3689768288256.0,
135, 132956, 111846, 694455, 62281, 3692881772544.0,
136, 132574, 111728, 694816, 62253, 3695425224704.0,
137, 132516, 111554, 694998, 62272, 3697902354432.0,
138, 132558, 111209, 695208, 62296, 3700331249664.0,
139, 132687, 111023, 695420, 62249, 3702898950144.0,
140, 132695, 110795, 695665, 62281, 3704993480704.0,
141, 132372, 110866, 695819, 62266, 3707296677888.0,
142, 132364, 111027, 695911, 62280, 3709387669504.0,
143, 132251, 110983, 695930, 62283, 3711249940480.0,
144, 132128, 111169, 695907, 62314, 3713013121024.0,
145, 131835, 111190, 695989, 62355, 3714206138368.0,
146, 131837, 111036, 696049, 62270, 3715923443712.0,
147, 131743, 111194, 696169, 62252, 3717587664896.0,
148, 131767, 111148, 696151, 62272, 3718362562560.0,
149, 131480, 111171, 696375, 62278, 3719364345856.0,
150, 131384, 110964, 696730, 62260, 3720582135808.0,
151, 131300, 110974, 696885, 62203, 3721853534208.0,
152, 131245, 110863, 696983, 62234, 3722919804928.0,
153, 131254, 110691, 697048, 62212, 3723939282944.0,
154, 131051, 110681, 697120, 62189, 3724896763904.0,
155, 131044, 110819, 697400, 62224, 3725749649408.0,
156, 131108, 110797, 697469, 62233, 3726881718272.0,
157, 131071, 110460, 697500, 62241, 3727780478976.0,
158, 131231, 110721, 697549, 62212, 3728810835968.0,
159, 130994, 110447, 697452, 62218, 3729459773440.0,
160, 130911, 110717, 697424, 62244, 3730210291712.0,
161, 130983, 110656, 697674, 62250, 3731337510912.0,
162, 130847, 110404, 697578, 62275, 3732131020800.0,
163, 130885, 110272, 697715, 62262, 3732290404352.0,
164, 131024, 110430, 697733, 62261, 3732703150080.0,
165, 130990, 110137, 697664, 62300, 3733284061184.0,
166, 131428, 110183, 697639, 62322, 3733877948416.0,
167, 131274, 110319, 697580, 62358, 3734046244864.0,
168, 131106, 110586, 697560, 62293, 3734105751552.0,
169, 131013, 110330, 697587, 62331, 3734176268288.0,
170, 131079, 110623, 697412, 62324, 3734384148480.0,
171, 131281, 110352, 697371, 62319, 3734616539136.0,
172, 131411, 110291, 697386, 62297, 3735099146240.0,
173, 131187, 110540, 697447, 62344, 3735224713216.0,
174, 131260, 110337, 697415, 62331, 3735060086784.0,
175, 131194, 110371, 697396, 62354, 3735335862272.0,
176, 131173, 110426, 697238, 62334, 3735375970304.0,
177, 130965, 110857, 697319, 62371, 3735640473600.0,
178, 131026, 110754, 697256, 62361, 3735777705984.0,
179, 131156, 110649, 697301, 62328, 3735587782656.0,
180, 131156, 110541, 697329, 62345, 3735211868160.0,
181, 131141, 110424, 697430, 62337, 3734791913472.0,
182, 130950, 110590, 697477, 62305, 3734931898368.0,
183, 131154, 110440, 697393, 62314, 3735087480832.0,
184, 131195, 110392, 697614, 62361, 3735532601344.0,
185, 131324, 110374, 697479, 62358, 3735820042240.0,
186, 131074, 110562, 697461, 62289, 3735968808960.0,
187, 131093, 110744, 697400, 62319, 3736455610368.0,
188, 130927, 110988, 697673, 62306, 3736602411008.0,
189, 130630, 110734, 697674, 62320, 3736775950336.0,
190, 131155, 110722, 697522, 62261, 3736640028672.0,
191, 130929, 110759, 697617, 62273, 3736867700736.0,
192, 130943, 110544, 697646, 62275, 3736689049600.0,
193, 130959, 110691, 697757, 62279, 3736438177792.0,
194, 131242, 110290, 697823, 62251, 3736648941568.0,
195, 130952, 110317, 697721, 62234, 3737183977472.0,
196, 130876, 110507, 697748, 62270, 3736946343936.0,
197, 130880, 110451, 697627, 62241, 3737001000960.0,
198, 130929, 110475, 697775, 62256, 3737038618624.0,
199, 131142, 110010, 697823, 62244, 3737078988800.0,
200, 130776, 110388, 697810, 62278, 3737002049536.0,
201, 130614, 110379, 697847, 62282, 3736780013568.0,
202, 131069, 110073, 697863, 62260, 3736896667648.0,
203, 131050, 110366, 697819, 62303, 3737129582592.0,
204, 130858, 110424, 697694, 62301, 3737677201408.0,
205, 131114, 110331, 697674, 62325, 3737683623936.0,
206, 131490, 110266, 697599, 62319, 3737333268480.0,
207, 131473, 110321, 697567, 62283, 3737008996352.0,
208, 131305, 110490, 697462, 62246, 3736982781952.0,
209, 130936, 110678, 697492, 62275, 3737150291968.0,
210, 130972, 110593, 697378, 62283, 3737034686464.0,
211, 130976, 110394, 697369, 62363, 3736919212032.0,
212, 131218, 110414, 697358, 62313, 3736971247616.0,
213, 131098, 110239, 697361, 62330, 3736987500544.0,
214, 130940, 110448, 697414, 62364, 3737244139520.0,
215, 131316, 110362, 697350, 62360, 3736840306688.0,
216, 131216, 110457, 697372, 62397, 3736517476352.0,
217, 131386, 110370, 697336, 62374, 3736834801664.0,
218, 131320, 110427, 697432, 62355, 3736543559680.0,
219, 131098, 110486, 697349, 62333, 3736319295488.0,
220, 131219, 110529, 697397, 62319, 3736240390144.0,
221, 131155, 110323, 697297, 62410, 3736248385536.0,
222, 131215, 110402, 697221, 62314, 3736245501952.0,
223, 131181, 110465, 697421, 62312, 3736580259840.0,
224, 131046, 110629, 697398, 62291, 3736203558912.0,
225, 131141, 110563, 697368, 62279, 3735934468096.0,
226, 130827, 110456, 697455, 62319, 3735622778880.0,
227, 131005, 110516, 697566, 62289, 3735666032640.0,
228, 131088, 110467, 697667, 62198, 3735923064832.0,
229, 130960, 110414, 697710, 62219, 3735870636032.0,
230, 130711, 110693, 697843, 62248, 3735966711808.0,
231, 130709, 110636, 697895, 62220, 3736217452544.0,
232, 130882, 110612, 697956, 62171, 3736834801664.0,
233, 130867, 110469, 697972, 62262, 3736876351488.0,
234, 130852, 110536, 697968, 62244, 3737248858112.0,
235, 130823, 110558, 697924, 62305, 3737581125632.0,
236, 130905, 110368, 697826, 62273, 3737622413312.0,
237, 131007, 110261, 697731, 62303, 3738020085760.0,
238, 131051, 110026, 697819, 62299, 3737943015424.0,
239, 130920, 110209, 697713, 62322, 3738148405248.0,
240, 131039, 110176, 697770, 62331, 3737934626816.0,
241, 131081, 110270, 697678, 62376, 3737801719808.0,
242, 131288, 110277, 697702, 62348, 3737353322496.0,
243, 130894, 110582, 697714, 62285, 3737355681792.0,
244, 130804, 110730, 697611, 62338, 3737346244608.0,
245, 130608, 110889, 697672, 62304, 3737339559936.0,
246, 131025, 110463, 697684, 62286, 3737748504576.0,
247, 130964, 110417, 697603, 62320, 3737947471872.0,
248, 131206, 110319, 697736, 62292, 3738116947968.0,
249, 131053, 110483, 697711, 62294, 3737979322368.0,
250, 130937, 110471, 697545, 62327, 3737533415424.0,
251, 130689, 110493, 697509, 62329, 3737588334592.0,
252, 130975, 110379, 697502, 62329, 3737679691776.0,
253, 131063, 110406, 697642, 62324, 3737578766336.0,
254, 130674, 110437, 697649, 62265, 3737821773824.0,
255, 130869, 110416, 697465, 62275, 3737628835840.0,
256, 131405, 110436, 697749, 62292, 3737503531008.0,
257, 130851, 110397, 697729, 62336, 3737463816192.0,
258, 131009, 110280, 697599, 62325, 3737318326272.0,
259, 131083, 110371, 697546, 62268, 3737302466560.0,
260, 130996, 110270, 697631, 62331, 3737277562880.0,
261, 130959, 110407, 697710, 62348, 3737172967424.0,
262, 131111, 110440, 697650, 62388, 3737409683456.0,
263, 131111, 110413, 697718, 62378, 3737269305344.0,
264, 131315, 110339, 697619, 62383, 3737617694720.0,
265, 130966, 110460, 697600, 62369, 3737239683072.0,
266, 131089, 110520, 697533, 62274, 3737778651136.0,
267, 131228, 110355, 697635, 62263, 3737743261696.0,
268, 131283, 110439, 697602, 62263, 3737779568640.0,
269, 131267, 110586, 697536, 62284, 3737705119744.0,
270, 131000, 110667, 697658, 62258, 3737653084160.0,
271, 131028, 110607, 697526, 62269, 3737522143232.0,
272, 130951, 110432, 697563, 62296, 3737719668736.0,
273, 130960, 110549, 697453, 62299, 3737657540608.0,
274, 131055, 110501, 697508, 62278, 3737482166272.0,
275, 130805, 110422, 697595, 62282, 3737107169280.0,
276, 130863, 110427, 697723, 62322, 3736703991808.0,
277, 130922, 110286, 697714, 62286, 3736480776192.0,
278, 130972, 110467, 697607, 62252, 3736745934848.0,
279, 130825, 110461, 697692, 62359, 3736802295808.0,
280, 130921, 110455, 697738, 62320, 3736686952448.0,
281, 130894, 110291, 697690, 62238, 3736855511040.0,
282, 131089, 110226, 697818, 62308, 3736778833920.0,
283, 130973, 110300, 697862, 62314, 3737045434368.0,
284, 131194, 110309, 697868, 62257, 3737109135360.0,
285, 131179, 110412, 697631, 62258, 3737475743744.0,
286, 131061, 110643, 697677, 62292, 3737614942208.0,
287, 131282, 110542, 697463, 62272, 3737605898240.0,
288, 131399, 110441, 697274, 62302, 3737776291840.0,
289, 131287, 110434, 697303, 62250, 3737736183808.0,
290, 131319, 110276, 697269, 62289, 3737468272640.0,
291, 131412, 110305, 697271, 62231, 3737108742144.0,
292, 131245, 110386, 697294, 62317, 3736694947840.0,
293, 131262, 110319, 697338, 62319, 3736347738112.0,
294, 131148, 110576, 697401, 62353, 3736204869632.0,
295, 130768, 110498, 697412, 62387, 3735805493248.0,
296, 130947, 110733, 697482, 62377, 3736125571072.0,
297, 130741, 110632, 697443, 62309, 3736243535872.0,
298, 130735, 110596, 697477, 62315, 3736172363776.0,
299, 130974, 110482, 697588, 62308, 3736271978496.0,
300, 131345, 110455, 697503, 62257, 3736271454208.0,
301, 131107, 110610, 697513, 62260, 3736691933184.0,
302, 131197, 110264, 697642, 62299, 3736930746368.0,
303, 131247, 110346, 697615, 62286, 3737208094720.0,
304, 131010, 110439, 697564, 62320, 3736994054144.0,
305, 130998, 110578, 697593, 62268, 3736857214976.0,
306, 130959, 110594, 697653, 62298, 3737101139968.0,
307, 130985, 110457, 697559, 62293, 3737302466560.0,
308, 131103, 110382, 697597, 62309, 3737423052800.0,
309, 130947, 110283, 697673, 62289, 3737169559552.0,
310, 131058, 110406, 697562, 62305, 3737008078848.0,
311, 131121, 110431, 697634, 62284, 3736850530304.0,
312, 130830, 110655, 697760, 62265, 3737224871936.0,
313, 130760, 110624, 697754, 62319, 3737268912128.0,
314, 130900, 110704, 697675, 62334, 3737190268928.0,
315, 130856, 110341, 697721, 62365, 3737418072064.0,
316, 130926, 110315, 697665, 62359, 3737335889920.0,
317, 131102, 110144, 697591, 62319, 3737161695232.0,
318, 131296, 110250, 697557, 62378, 3737649152000.0,
319, 131191, 110225, 697717, 62332, 3737909460992.0,
320, 131248, 110182, 697518, 62277, 3737735659520.0,
321, 130988, 110484, 697538, 62286, 3737545211904.0,
322, 130977, 110527, 697585, 62311, 3737338904576.0,
323, 131221, 110584, 697451, 62290, 3737298927616.0,
324, 131099, 110503, 697549, 62309, 3737198919680.0,
325, 130962, 110354, 697421, 62326, 3736746065920.0,
326, 131105, 110513, 697424, 62319, 3736851316736.0,
327, 130940, 110608, 697441, 62317, 3737321472000.0,
328, 130820, 110668, 697489, 62311, 3736980946944.0,
329, 130882, 110582, 697400, 62305, 3736891817984.0,
330, 130846, 110464, 697510, 62308, 3737041633280.0,
331, 131067, 110333, 697393, 62265, 3737087246336.0,
332, 131477, 110265, 697502, 62293, 3737080168448.0,
333, 131164, 110256, 697477, 62335, 3736751964160.0,
334, 130895, 110480, 697481, 62371, 3736569643008.0,
335, 131130, 110308, 697398, 62288, 3736496898048.0,
336, 130940, 110339, 697489, 62299, 3736480645120.0,
337, 130933, 110411, 697535, 62288, 3736611979264.0,
338, 131075, 110350, 697540, 62329, 3736669126656.0,
339, 131208, 110278, 697665, 62290, 3736753274880.0,
340, 131253, 110245, 697567, 62320, 3736797577216.0,
341, 131195, 110528, 697512, 62292, 3737007554560.0,
342, 131155, 110509, 697456, 62334, 3737290407936.0,
343, 131053, 110450, 697497, 62288, 3737452806144.0,
344, 131205, 110346, 697527, 62269, 3737531449344.0,
345, 131059, 110487, 697485, 62260, 3737269567488.0,
346, 131066, 110479, 697434, 62327, 3737122897920.0,
347, 131101, 110570, 697585, 62294, 3736982257664.0,
348, 130817, 110737, 697452, 62284, 3737053167616.0,
349, 130843, 110798, 697383, 62337, 3737051463680.0,
350, 130883, 110793, 697414, 62287, 3736897454080.0,
351, 130943, 110614, 697523, 62261, 3736666636288.0,
352, 131115, 110363, 697606, 62261, 3737061425152.0,
353, 131105, 110394, 697563, 62325, 3736960892928.0,
354, 131265, 110285, 697603, 62298, 3737284509696.0,
355, 131084, 110439, 697553, 62299, 3737261834240.0,
356, 131251, 110311, 697538, 62280, 3737112936448.0,
357, 131308, 110104, 697488, 62286, 3737101402112.0,
358, 131191, 110356, 697434, 62274, 3736858525696.0,
359, 131057, 110231, 697266, 62349, 3737090392064.0,
360, 130963, 110441, 697240, 62382, 3737015156736.0,
361, 131263, 110399, 697231, 62318, 3736858656768.0,
362, 131092, 110445, 697281, 62294, 3736823005184.0,
363, 131247, 110743, 697364, 62288, 3736774770688.0,
364, 130877, 110672, 697523, 62272, 3736754978816.0,
365, 130730, 110677, 697682, 62233, 3736974262272.0,
366, 130744, 110673, 697650, 62237, 3736578818048.0,
367, 130916, 110746, 697763, 62257, 3736516296704.0,
368, 130820, 110686, 697751, 62264, 3736852627456.0,
369, 130803, 110416, 697732, 62330, 3736956436480.0,
370, 130992, 110433, 697735, 62346, 3737300238336.0,
371, 130792, 110468, 697608, 62300, 3737718751232.0,
372, 130869, 110351, 697660, 62289, 3737742606336.0,
373, 130774, 110383, 697689, 62267, 3737586237440.0,
374, 130921, 110459, 697822, 62302, 3737369706496.0,
375, 130949, 110305, 697622, 62318, 3737199312896.0,
376, 130850, 110485, 697801, 62245, 3737369051136.0,
377, 130821, 110245, 697877, 62248, 3737452281856.0,
378, 130809, 110274, 697832, 62302, 3737545867264.0,
379, 130999, 110398, 697726, 62290, 3737943932928.0,
380, 131174, 110368, 697676, 62292, 3737882853376.0,
381, 131224, 110354, 697680, 62317, 3738163609600.0,
382, 131099, 110317, 697519, 62292, 3737765937152.0,
383, 131033, 110484, 697519, 62264, 3737803423744.0,
384, 130941, 110618, 697543, 62313, 3737680609280.0,
385, 130817, 110576, 697571, 62299, 3737513492480.0,
386, 130848, 110566, 697602, 62350, 3737816137728.0,
387, 130893, 110540, 697566, 62325, 3737595543552.0,
388, 131262, 110433, 697582, 62245, 3737343754240.0,
389, 131032, 110698, 697543, 62283, 3737201934336.0,
390, 130833, 110532, 697568, 62333, 3737128009728.0,
391, 130925, 110603, 697635, 62341, 3737167331328.0,
392, 130864, 110497, 697562, 62410, 3737178603520.0,
393, 130775, 110424, 697556, 62314, 3737297747968.0,
394, 131023, 110250, 697493, 62346, 3737231294464.0,
395, 131275, 110243, 697608, 62363, 3737334841344.0,
396, 130895, 110556, 697626, 62398, 3737471418368.0,
397, 130940, 110294, 697619, 62337, 3737474564096.0,
398, 130971, 110456, 697601, 62269, 3737326321664.0,
399, 130855, 110411, 697678, 62274, 3737783238656.0,
400, 131101, 110471, 697688, 62259, 3738038435840.0,
401, 130952, 110498, 697630, 62246, 3738108035072.0,
402, 131101, 110374, 697689, 62318, 3738276593664.0,
403, 131118, 110300, 697598, 62327, 3738090995712.0,
404, 131147, 110406, 697521, 62293, 3737955467264.0,
405, 130983, 110469, 697698, 62308, 3737833046016.0,
406, 130990, 110302, 697771, 62295, 3737984827392.0,
407, 131075, 110214, 697718, 62339, 3737904742400.0,
408, 131001, 110301, 697601, 62265, 3737651904512.0,
409, 131032, 110435, 697651, 62324, 3737525420032.0,
410, 130902, 110464, 697714, 62269, 3737460932608.0,
411, 130756, 110592, 697501, 62325, 3737527910400.0,
412, 130760, 110803, 697462, 62253, 3737616252928.0,
413, 130612, 110709, 697618, 62281, 3737811681280.0,
414, 130814, 110499, 697658, 62329, 3737983123456.0,
415, 130815, 110341, 697755, 62345, 3737937903616.0,
416, 131138, 110279, 697734, 62334, 3737623724032.0,
417, 131120, 110227, 697816, 62314, 3737937379328.0,
418, 131443, 110303, 697649, 62327, 3738164396032.0,
419, 131363, 110135, 697393, 62374, 3738035945472.0,
420, 131241, 110166, 697382, 62342, 3737891241984.0,
421, 131406, 110370, 697445, 62305, 3737740509184.0,
422, 131490, 110268, 697465, 62331, 3737472335872.0,
423, 131394, 110383, 697396, 62344, 3737381502976.0,
424, 131141, 110510, 697324, 62379, 3737117655040.0,
425, 131504, 110441, 697247, 62325, 3737368002560.0,
426, 131105, 110354, 697185, 62274, 3737186598912.0,
427, 131248, 110302, 697279, 62266, 3736692850688.0,
428, 131150, 110563, 697396, 62296, 3736460328960.0,
429, 131021, 110606, 697264, 62306, 3736383651840.0,
430, 131185, 110524, 697205, 62287, 3736233443328.0,
431, 131033, 110687, 697274, 62268, 3736466620416.0,
432, 130829, 110653, 697327, 62320, 3736825233408.0,
433, 131049, 110597, 697459, 62301, 3736775819264.0,
434, 131065, 110420, 697674, 62310, 3737213075456.0,
435, 131007, 110379, 697618, 62309, 3737250430976.0,
436, 131224, 110390, 697743, 62295, 3737769345024.0,
437, 131167, 110369, 697718, 62324, 3737709838336.0,
438, 131256, 110458, 697544, 62318, 3737396314112.0,
439, 131069, 110278, 697492, 62329, 3737211371520.0,
440, 131016, 110480, 697547, 62323, 3737485443072.0,
441, 131016, 110533, 697674, 62245, 3737175195648.0,
442, 130845, 110535, 697656, 62265, 3737570377728.0,
443, 131157, 110590, 697716, 62281, 3737645744128.0,
444, 130876, 110414, 697693, 62263, 3737942884352.0,
445, 130876, 110281, 697868, 62320, 3737905004544.0,
446, 131054, 110318, 697971, 62261, 3737805914112.0,
447, 130850, 110547, 698019, 62272, 3737573392384.0,
448, 130901, 110589, 698001, 62265, 3737530662912.0,
449, 130734, 110421, 697895, 62258, 3737878921216.0,
450, 130704, 110626, 697842, 62246, 3737802113024.0,
451, 130762, 110421, 697747, 62275, 3737939345408.0,
452, 130723, 110410, 697676, 62299, 3738143817728.0,
453, 130646, 110503, 697676, 62361, 3738143162368.0,
454, 130749, 110539, 697765, 62336, 3738316046336.0,
455, 130956, 110279, 697768, 62370, 3738276462592.0,
456, 130841, 110227, 697839, 62356, 3738156924928.0,
457, 131150, 110242, 697784, 62342, 3738103971840.0,
458, 131181, 110385, 697577, 62328, 3737774063616.0,
459, 131042, 110427, 697689, 62280, 3737775767552.0,
460, 131277, 110398, 697493, 62344, 3737985744896.0,
461, 131195, 110502, 697385, 62364, 3737998065664.0,
462, 130881, 110396, 697570, 62370, 3737609306112.0,
463, 130945, 110538, 697516, 62332, 3737411256320.0,
464, 130820, 110704, 697317, 62372, 3737077022720.0,
465, 130959, 110751, 697330, 62328, 3737126567936.0,
466, 131155, 110562, 697429, 62273, 3737063522304.0,
467, 130968, 110630, 697563, 62275, 3737075318784.0,
468, 130848, 110693, 697500, 62288, 3737041108992.0,
469, 131045, 110306, 697472, 62284, 3737174802432.0,
470, 131143, 110527, 697367, 62285, 3736917639168.0,
471, 130966, 110371, 697554, 62349, 3736964300800.0,
472, 131213, 110610, 697536, 62300, 3736930746368.0,
473, 131066, 110620, 697690, 62292, 3737056575488.0,
474, 131105, 110447, 697473, 62328, 3737428295680.0,
475, 130868, 110530, 697497, 62342, 3737348341760.0,
476, 130804, 110509, 697580, 62295, 3737209405440.0,
477, 131062, 110480, 697509, 62289, 3737363415040.0,
478, 131275, 110183, 697575, 62258, 3737086197760.0,
479, 131255, 110333, 697592, 62318, 3737279528960.0,
480, 131141, 110543, 697661, 62323, 3737320947712.0,
481, 131086, 110315, 697529, 62332, 3736931794944.0,
482, 130954, 110510, 697668, 62242, 3737057361920.0,
483, 130846, 110578, 697579, 62250, 3736819073024.0,
484, 131123, 110433, 697635, 62273, 3737194070016.0,
485, 130809, 110335, 697566, 62266, 3737344016384.0,
486, 130871, 110392, 697482, 62257, 3737652559872.0,
487, 130972, 110403, 697407, 62290, 3737849036800.0,
488, 130773, 110449, 697589, 62261, 3737690963968.0,
489, 130995, 110327, 697741, 62302, 3737143607296.0,
490, 131370, 110276, 697653, 62325, 3737200099328.0,
491, 131093, 110394, 697658, 62274, 3737169166336.0,
492, 131265, 110287, 697721, 62321, 3737538658304.0,
493, 131378, 110452, 697507, 62310, 3737666453504.0,
494, 131326, 110117, 697345, 62267, 3737491734528.0,
495, 131213, 110102, 697343, 62289, 3737436291072.0,
496, 131532, 110299, 697325, 62295, 3737408503808.0,
497, 131370, 110385, 697378, 62270, 3737314525184.0,
498, 131478, 110472, 697230, 62277, 3737092489216.0,
499, 131374, 110504, 697248, 62297, 3736956698624.0,
500, 131044, 110735, 697262, 62307, 3737154093056.0,
501, 130940, 110654, 697223, 62373, 3736952111104.0,
502, 131173, 110525, 697249, 62309, 3736693899264.0,
503, 131038, 110557, 697505, 62326, 3736453644288.0,
504, 131208, 110625, 697551, 62326, 3736571609088.0,
505, 131016, 110755, 697355, 62300, 3736538578944.0,
506, 130834, 110809, 697365, 62315, 3736339349504.0,
507, 131053, 110758, 697455, 62280, 3736169086976.0,
508, 130779, 110758, 697537, 62293, 3736320212992.0,
509, 131147, 110568, 697456, 62303, 3736274993152.0,
510, 131234, 110323, 697379, 62304, 3736390467584.0,
511, 131271, 110237, 697446, 62309, 3736188092416.0,
512, 131203, 110328, 697498, 62317, 3736440537088.0,
513, 131272, 110173, 697522, 62250, 3736662048768.0,
514, 131408, 110362, 697512, 62300, 3736867700736.0,
515, 131534, 110250, 697511, 62301, 3736784863232.0,
516, 131345, 110562, 697522, 62269, 3736882774016.0,
517, 131063, 110419, 697447, 62294, 3736583274496.0,
518, 131069, 110295, 697433, 62337, 3736880152576.0,
519, 131155, 110527, 697530, 62314, 3737100091392.0,
520, 130930, 110565, 697520, 62346, 3736862064640.0,
521, 131049, 110535, 697596, 62318, 3736720244736.0,
522, 130944, 110529, 697568, 62315, 3736237244416.0,
523, 131059, 110337, 697412, 62329, 3736507645952.0,
524, 131077, 110377, 697464, 62278, 3736852627456.0,
525, 131257, 110497, 697527, 62240, 3736779358208.0,
526, 131035, 110561, 697519, 62232, 3736980029440.0,
527, 130810, 110622, 697553, 62285, 3737349914624.0,
528, 130979, 110640, 697584, 62290, 3737423052800.0,
529, 130980, 110461, 697635, 62316, 3736961941504.0,
530, 131032, 110572, 697653, 62295, 3736821694464.0,
531, 130769, 110590, 697608, 62349, 3736626528256.0,
532, 130892, 110684, 697648, 62288, 3736770052096.0,
533, 130723, 110472, 697671, 62335, 3736944377856.0,
534, 130820, 110450, 697669, 62281, 3737474039808.0,
535, 131176, 110366, 697818, 62285, 3737690308608.0,
536, 130865, 110319, 697874, 62234, 3737935544320.0,
537, 130845, 110384, 697787, 62249, 3737548357632.0,
538, 131059, 110351, 697763, 62252, 3737714294784.0,
539, 130644, 110561, 697827, 62296, 3737725566976.0,
540, 130889, 110428, 697956, 62281, 3737723994112.0,
541, 130883, 110409, 698024, 62278, 3737678249984.0,
542, 130731, 110366, 697878, 62289, 3737779437568.0,
543, 130967, 110276, 697737, 62359, 3737848119296.0,
544, 130920, 110207, 697803, 62307, 3738195066880.0,
545, 130942, 110240, 697830, 62337, 3738469269504.0,
546, 130659, 110472, 697782, 62367, 3738594705408.0,
547, 131054, 110500, 697661, 62350, 3738226786304.0,
548, 130909, 110364, 697612, 62331, 3737993216000.0,
549, 131057, 110492, 697690, 62382, 3738005012480.0,
550, 130986, 110504, 697559, 62397, 3737981288448.0,
551, 130950, 110496, 697550, 62407, 3738045644800.0,
552, 131170, 110403, 697554, 62360, 3737890062336.0,
553, 130834, 110539, 697575, 62292, 3737807486976.0,
554, 130944, 110583, 697564, 62316, 3737666715648.0,
555, 130860, 110749, 697545, 62285, 3737411911680.0,
556, 130913, 110401, 697621, 62295, 3737261572096.0,
557, 131153, 110481, 697614, 62306, 3737290407936.0,
558, 131106, 110276, 697463, 62291, 3737316491264.0,
559, 131048, 110528, 697588, 62333, 3737292505088.0,
560, 131127, 110394, 697569, 62298, 3737310461952.0,
561, 131035, 110371, 697330, 62266, 3737508249600.0,
562, 131043, 110237, 697440, 62302, 3737530007552.0,
563, 130759, 110425, 697460, 62317, 3737652690944.0,
564, 130990, 110443, 697659, 62264, 3737401819136.0,
565, 130996, 110480, 697598, 62283, 3737148456960.0,
566, 130947, 110390, 697554, 62366, 3737320685568.0,
567, 131144, 110290, 697727, 62295, 3737713901568.0,
568, 131148, 110079, 697660, 62339, 3737511395328.0,
569, 131060, 110398, 697716, 62272, 3737684017152.0,
570, 131230, 110308, 697679, 62271, 3737762267136.0,
571, 131320, 110158, 697738, 62312, 3737797001216.0,
572, 131035, 110498, 697516, 62279, 3737751781376.0,
573, 130829, 110401, 697432, 62321, 3737646268416.0,
574, 131098, 110378, 697436, 62328, 3737554255872.0,
575, 131053, 110642, 697391, 62325, 3737719406592.0,
576, 131133, 110554, 697433, 62336, 3737683099648.0,
577, 131051, 110456, 697444, 62331, 3737715867648.0,
578, 130866, 110445, 697525, 62356, 3737458049024.0,
579, 131272, 110388, 697450, 62255, 3737206390784.0,
580, 131298, 110343, 697629, 62295, 3736826806272.0,
581, 131131, 110273, 697549, 62283, 3736493096960.0,
582, 131017, 110506, 697603, 62279, 3736551948288.0,
583, 130760, 110640, 697644, 62276, 3736920391680.0,
584, 130887, 110640, 697485, 62317, 3736836505600.0,
585, 130921, 110536, 697622, 62302, 3737071910912.0,
586, 131083, 110391, 697782, 62292, 3737339822080.0,
587, 130846, 110510, 697867, 62317, 3737406144512.0,
588, 130946, 110447, 697759, 62319, 3737696731136.0,
589, 131102, 110572, 697629, 62301, 3737730416640.0,
590, 131025, 110465, 697688, 62314, 3737701056512.0,
591, 131057, 110441, 697606, 62270, 3737795690496.0,
592, 131035, 110386, 697694, 62338, 3737870139392.0,
593, 131001, 110568, 697582, 62275, 3737964904448.0,
594, 130922, 110377, 697650, 62259, 3737885736960.0,
595, 131181, 110432, 697706, 62245, 3737563430912.0,
596, 131002, 110583, 697590, 62207, 3737035997184.0,
597, 131136, 110192, 697523, 62275, 3736935727104.0,
598, 131144, 110268, 697551, 62261, 3736991039488.0,
599, 131245, 110500, 697458, 62335, 3737137184768.0,
600, 131025, 110343, 697592, 62373, 3737062735872.0,
601, 131045, 110179, 697360, 62418, 3737101533184.0,
602, 131117, 110338, 697337, 62324, 3737165234176.0,
603, 131051, 110302, 697445, 62326, 3737111363584.0,
604, 130998, 110377, 697369, 62321, 3736971247616.0,
605, 131092, 110631, 697410, 62321, 3736986714112.0,
606, 130816, 110763, 697377, 62373, 3737170083840.0,
607, 131008, 110432, 697600, 62343, 3737195380736.0,
608, 130963, 110342, 697715, 62321, 3737319636992.0,
609, 130887, 110385, 697652, 62284, 3737151864832.0,
610, 131125, 110302, 697658, 62327, 3736879235072.0,
611, 131193, 110221, 697669, 62288, 3737037438976.0,
612, 131110, 110333, 697619, 62313, 3737384517632.0,
613, 131164, 110257, 697583, 62340, 3737341657088.0,
614, 131353, 110377, 697567, 62342, 3737244663808.0,
615, 131116, 110519, 697543, 62311, 3736757731328.0,
616, 130925, 110655, 697526, 62290, 3737199050752.0,
617, 130773, 110621, 697510, 62304, 3737172443136.0,
618, 131048, 110530, 697658, 62295, 3736832966656.0,
619, 131000, 110631, 697632, 62244, 3737200885760.0,
620, 131177, 110649, 697708, 62265, 3737441533952.0,
621, 131176, 110314, 697592, 62294, 3737644564480.0,
622, 130919, 110443, 697555, 62309, 3737254494208.0,
623, 131014, 110497, 697643, 62282, 3737156452352.0,
624, 131187, 110464, 697552, 62258, 3737347424256.0,
625, 131261, 110322, 697480, 62294, 3737687031808.0,
626, 130933, 110456, 697575, 62280, 3737558581248.0,
627, 131158, 110333, 697473, 62283, 3737501040640.0,
628, 131227, 110235, 697279, 62241, 3737494618112.0,
629, 131251, 110361, 697530, 62229, 3737231163392.0,
630, 131031, 110572, 697370, 62275, 3737145966592.0,
631, 130913, 110384, 697342, 62327, 3736888803328.0,
632, 131034, 110422, 697299, 62313, 3736848957440.0,
633, 131186, 110570, 697264, 62289, 3736663359488.0,
634, 130965, 110585, 697402, 62298, 3736685510656.0,
635, 131061, 110497, 697319, 62290, 3736533073920.0,
636, 130885, 110558, 697432, 62345, 3736165548032.0,
637, 131058, 110557, 697480, 62373, 3736048893952.0,
638, 130906, 110536, 697573, 62323, 3736141168640.0,
639, 130939, 110734, 697515, 62322, 3736544608256.0,
640, 131311, 110356, 697467, 62311, 3736609226752.0,
641, 131121, 110330, 697482, 62333, 3736914624512.0,
642, 130854, 110399, 697498, 62328, 3736987500544.0,
643, 131093, 110466, 697548, 62358, 3736900337664.0,
644, 130948, 110416, 697644, 62287, 3736902041600.0,
645, 130883, 110654, 697685, 62369, 3737040453632.0,
646, 131037, 110577, 697589, 62334, 3737234964480.0,
647, 131194, 110388, 697496, 62322, 3737715474432.0,
648, 131433, 110354, 697483, 62281, 3737750994944.0,
649, 131192, 110171, 697382, 62292, 3737794117632.0,
650, 131238, 110249, 697521, 62286, 3737319636992.0,
651, 131410, 110300, 697492, 62282, 3737256591360.0,
652, 131515, 110203, 697447, 62264, 3737450315776.0,
653, 131454, 110453, 697467, 62307, 3737257639936.0,
654, 131369, 110229, 697389, 62223, 3737245319168.0,
655, 131430, 110442, 697373, 62220, 3737038356480.0,
656, 131239, 110289, 697407, 62279, 3736653529088.0,
657, 130920, 110480, 697268, 62304, 3736284823552.0,
658, 131134, 110332, 697220, 62294, 3736348393472.0,
659, 131101, 110297, 697311, 62287, 3736526520320.0,
660, 131095, 110537, 697310, 62258, 3736217059328.0,
661, 131021, 110504, 697351, 62274, 3736259919872.0,
662, 131644, 110380, 697401, 62236, 3736624955392.0,
663, 131381, 110238, 697174, 62295, 3736246288384.0,
664, 131303, 110518, 697253, 62283, 3736279842816.0,
665, 131253, 110471, 697243, 62275, 3736251531264.0,
666, 131417, 110468, 697183, 62267, 3736074715136.0,
667, 131176, 110613, 697132, 62336, 3735801692160.0,
668, 131341, 110280, 697228, 62319, 3735677304832.0,
669, 131308, 110349, 697148, 62316, 3735860674560.0,
670, 131411, 110249, 697200, 62276, 3735742709760.0,
671, 131492, 110403, 697243, 62299, 3735477026816.0,
672, 131519, 110375, 697283, 62283, 3735612293120.0,
673, 131059, 110692, 697276, 62300, 3735671406592.0,
674, 131259, 110586, 697300, 62291, 3735674421248.0,
675, 131271, 110613, 697294, 62278, 3735537188864.0,
676, 131116, 110646, 697472, 62289, 3736046010368.0,
677, 130874, 110600, 697528, 62314, 3736224399360.0,
678, 131012, 110533, 697612, 62321, 3735984275456.0,
679, 131178, 110543, 697526, 62245, 3736382472192.0,
680, 131003, 110551, 697601, 62265, 3736558764032.0,
681, 130684, 110569, 697685, 62281, 3736510922752.0,
682, 131066, 110335, 697795, 62309, 3736837029888.0,
683, 131245, 110438, 697683, 62298, 3737244270592.0,
684, 131356, 110405, 697724, 62267, 3737225658368.0,
685, 131237, 110506, 697664, 62192, 3737025642496.0,
686, 131174, 110320, 697620, 62167, 3737200885760.0,
687, 131213, 110427, 697550, 62220, 3737371672576.0,
688, 130812, 110217, 697508, 62306, 3737144918016.0,
689, 130917, 110443, 697639, 62274, 3737027477504.0,
690, 131412, 110309, 697626, 62233, 3737386876928.0,
691, 131145, 110376, 697661, 62315, 3737323175936.0,
692, 131312, 110379, 697607, 62311, 3736956698624.0,
693, 131153, 110351, 697530, 62355, 3737296437248.0,
694, 131068, 110132, 697504, 62306, 3737354371072.0,
695, 131296, 110292, 697631, 62333, 3737370361856.0,
696, 131282, 110354, 697502, 62345, 3737566707712.0,
697, 131081, 110211, 697285, 62341, 3737730285568.0,
698, 131469, 110373, 697193, 62271, 3737316753408.0,
699, 131202, 110518, 697219, 62254, 3736871239680.0,
700, 130973, 110549, 697264, 62288, 3736936382464.0,
701, 131246, 110498, 697424, 62238, 3736672272384.0,
702, 131113, 110583, 697346, 62315, 3736686166016.0,
703, 131256, 110515, 697228, 62326, 3736662048768.0,
704, 131232, 110236, 697140, 62303, 3736671485952.0,
705, 131234, 110303, 697321, 62343, 3736665456640.0,
706, 131235, 110407, 697376, 62349, 3736572657664.0,
707, 131055, 110694, 697549, 62335, 3736422187008.0,
708, 130918, 110682, 697462, 62277, 3736423497728.0,
709, 130670, 110638, 697485, 62221, 3736653398016.0,
710, 130885, 110330, 697560, 62201, 3736677908480.0,
711, 131138, 110281, 697580, 62240, 3736740036608.0,
712, 131053, 110542, 697530, 62243, 3737035997184.0,
713, 130933, 110533, 697573, 62247, 3737137184768.0,
714, 130983, 110439, 697805, 62246, 3736927076352.0,
715, 130999, 110618, 697604, 62312, 3737148194816.0,
716, 130794, 110619, 697724, 62320, 3737155272704.0,
717, 131099, 110431, 697653, 62319, 3737114640384.0,
718, 131117, 110484, 697670, 62318, 3737257246720.0,
719, 130894, 110385, 697617, 62261, 3737356599296.0,
