0, 1001365, 0, 0, 0, 0.0,
1, 991352, 10011, 2, 0, 0.0,
2, 1008, 990177, 10184, 0, 5356854016.0,
3, 0, 983763, 17598, 0, 11522324992.0,
4, 0, 943559, 57806, 0, 28658971648.0,
5, 0, 850488, 150874, 1, 79714430976.0,
6, 1, 712470, 288882, 13, 188756172800.0,
7, 0, 555485, 445825, 57, 367318155264.0,
8, 18, 406023, 595127, 193, 611098296320.0,
9, 1, 280654, 720122, 549, 904448835584.0,
10, 2, 184971, 814887, 1432, 1227228577792.0,
11, 4, 117402, 880437, 3451, 1560834932736.0,
12, 8, 72826, 920920, 7609, 1887690555392.0,
13, 15, 45519, 940590, 15229, 2203660058624.0,
14, 29, 30939, 942568, 27825, 2484956954624.0,
15, 49, 25809, 928879, 46635, 2735492694016.0,
16, 75, 27970, 901214, 72094, 2941001400320.0,
17, 108, 36216, 861367, 103709, 3141476679680.0,
18, 143, 49606, 811788, 139827, 3262924849152.0,
19, 183, 67133, 756071, 177996, 3380161150976.0,
20, 223, 87685, 698239, 215271, 3413723185152.0,
21, 260, 109847, 642783, 248498, 3424589316096.0,
22, 288, 132021, 593748, 275374, 3417324912640.0,
23, 309, 152679, 554267, 294148, 3394767945728.0,
24, 315, 170349, 526580, 304174, 3350082093056.0,
25, 318, 184070, 511622, 305388, 3279447261184.0,
26, 312, 192993, 509280, 298738, 3212011765760.0,
27, 296, 196898, 518502, 285594, 3169692418048.0,
28, 280, 195902, 537580, 267530, 3144936194048.0,
29, 258, 190593, 564079, 246277, 3130826686464.0,
30, 230, 181657, 595861, 223605, 3129601163264.0,
31, 212, 169986, 630528, 200657, 3141752586240.0,
32, 187, 156401, 666181, 178578, 3165955948544.0,
33, 163, 141831, 701126, 158168, 3209410379776.0,
34, 147, 127081, 734124, 140012, 3286041755648.0,
35, 127, 112841, 763983, 124431, 3371333976064.0,
36, 113, 99493, 790209, 111540, 3429773475840.0,
37, 107, 87513, 812406, 101331, 3518043783168.0,
38, 99, 77140, 830415, 93716, 3630066696192.0,
39, 94, 68470, 844297, 88482, 3689946546176.0,
40, 88, 61513, 854357, 85430, 3776912162816.0,
41, 88, 56255, 860732, 84278, 3888477110272.0,
42, 90, 52601, 863929, 84760, 3939723771904.0,
43, 89, 50373, 864256, 86652, 3988715732992.0,
44, 94, 49449, 862118, 89725, 4077525270528.0,
45, 97, 49599, 857926, 93744, 4151671259136.0,
46, 104, 50727, 852067, 98466, 4186541916160.0,
47, 110, 52714, 844819, 103711, 4204294569984.0,
48, 113, 55265, 836748, 109224, 4220393095168.0,
49, 120, 58343, 827940, 114971, 4237060603904.0,
50, 125, 61824, 818804, 120685, 4252355788800.0,
51, 132, 65463, 809471, 126324, 4262858981376.0,
52, 135, 69231, 800295, 131727, 4266811588608.0,
53, 143, 73119, 791460, 136696, 4264365654016.0,
54, 146, 76855, 782992, 141316, 4256773439488.0,
55, 149, 80477, 775258, 145500, 4245985689600.0,
56, 158, 83933, 768019, 149312, 4233966125056.0,
57, 156, 87169, 761556, 152516, 4222220238848.0,
58, 163, 90091, 755918, 155174, 4211547176960.0,
59, 165, 92750, 751112, 157377, 4201772613632.0,
60, 166, 95059, 747088, 159034, 4191795544064.0,
61, 168, 97048, 743896, 160197, 4180489011200.0,
62, 168, 98715, 741476, 160998, 4166808109056.0,
63, 166, 100054, 739831, 161361, 4150301818880.0,
64, 171, 101112, 738808, 161261, 4131593650176.0,
65, 167, 101828, 738563, 160786, 4111696658432.0,
66, 168, 102277, 738830, 160125, 4092054732800.0,
67, 165, 102472, 739598, 159174, 4073890250752.0,
68, 164, 102398, 740769, 158057, 4058148372480.0,
69, 164, 102144, 742276, 156747, 4045355745280.0,
70, 163, 101622, 744157, 155434, 4035030286336.0,
71, 160, 100928, 746247, 154026, 4027894988800.0,
72, 159, 100209, 748464, 152502, 4023172726784.0,
73, 159, 99355, 750819, 151041, 4020519960576.0,
74, 157, 98503, 753083, 149655, 4019827507200.0,
75, 155, 97578, 755386, 148290, 4020946075648.0,
76, 150, 96613, 757566, 147006, 4023521640448.0,
77, 151, 95690, 759745, 145803, 4027379613696.0,
78, 156, 94697, 761834, 144677, 4032530612224.0,
79, 151, 93734, 763748, 143714, 4038900580352.0,
80, 148, 92924, 765493, 142849, 4046423851008.0,
81, 148, 92116, 767051, 142097, 4054432219136.0,
82, 149, 91324, 768440, 141461, 4063057412096.0,
83, 148, 90605, 769644, 140979, 4071845134336.0,
84, 144, 90017, 770619, 140625, 4080650813440.0,
85, 150, 89531, 771377, 140347, 4089163546624.0,
86, 143, 89039, 772090, 140064, 4097414791168.0,
87, 143, 88659, 772622, 140000, 4105111470080.0,
88, 143, 88369, 772895, 139982, 4112079650816.0,
89, 145, 88113, 773098, 140056, 4118296920064.0,
90, 147, 87890, 773088, 140214, 4123763671040.0,
91, 146, 87822, 773061, 140331, 4128526696448.0,
92, 147, 87802, 772891, 140533, 4132771594240.0,
93, 146, 87848, 772590, 140718, 4136157446144.0,
94, 144, 87930, 772323, 140989, 4138956619776.0,
95, 145, 87956, 771958, 141319, 4141195329536.0,
96, 150, 88013, 771634, 141591, 4143019589632.0,
97, 148, 88156, 771142, 141922, 4144152969216.0,
98, 150, 88355, 770592, 142288, 4145132077056.0,
99, 149, 88544, 770106, 142622, 4145819811840.0,
100, 147, 88708, 769617, 142891, 4145919426560.0,
101, 150, 88935, 769091, 143210, 4145761746944.0,
102, 149, 89142, 768566, 143453, 4145368924160.0,
103, 150, 89406, 768190, 143662, 4144662183936.0,
104, 150, 89609, 767711, 143903, 4143732883456.0,
105, 152, 89841, 767266, 144091, 4142774222848.0,
106, 151, 90009, 766913, 144300, 4141577011200.0,
107, 153, 90235, 766528, 144412, 4140208619520.0,
108, 152, 90346, 766269, 144622, 4138776264704.0,
109, 150, 90509, 766057, 144718, 4137319137280.0,
110, 152, 90674, 765800, 144846, 4135850475520.0,
111, 151, 90760, 765618, 144861, 4134445252608.0,
112, 148, 90866, 765405, 144961, 4132958371840.0,
113, 151, 91030, 765265, 144980, 4131505307648.0,
114, 149, 91123, 765127, 144975, 4130312028160.0,
115, 150, 91150, 765153, 144995, 4129142079488.0,
116, 153, 91168, 765054, 144974, 4127868715008.0,
117, 149, 91230, 765071, 144942, 4126691033088.0,
118, 151, 91252, 765055, 144883, 4125604446208.0,
119, 146, 91238, 765101, 144865, 4124625469440.0,
120, 153, 91227, 765197, 144809, 4123883995136.0,
121, 152, 91177, 765280, 144780, 4123332182016.0,
122, 149, 91173, 765293, 144713, 4122717192192.0,
123, 152, 91209, 765426, 144641, 4122233405440.0,
124, 149, 91185, 765342, 144625, 4121947668480.0,
125, 148, 91203, 765471, 144599, 4121661145088.0,
126, 149, 91197, 765474, 144577, 4121287983104.0,
127, 151, 91167, 765566, 144585, 4121030688768.0,
128, 150, 91136, 765625, 144502, 4120888606720.0,
129, 152, 91077, 765734, 144433, 4120971968512.0,
130, 149, 91058, 765851, 144413, 4120909185024.0,
131, 152, 91011, 765892, 144344, 4121032785920.0,
132, 151, 91050, 765988, 144259, 4121367019520.0,
133, 152, 90957, 766038, 144334, 4121522733056.0,
134, 151, 90930, 766084, 144215, 4121661145088.0,
135, 148, 90841, 766139, 144218, 4121758924800.0,
136, 150, 90797, 766229, 144150, 4122011500544.0,
137, 149, 90783, 766272, 144123, 4122361331712.0,
138, 151, 90747, 766397, 144042, 4122674855936.0,
139, 150, 90762, 766423, 144032, 4122922713088.0,
140, 150, 90751, 766462, 144062, 4123203600384.0,
141, 151, 90688, 766521, 144039, 4123472166912.0,
142, 151, 90652, 766485, 144036, 4123806924800.0,
143, 149, 90708, 766476, 143992, 4124198305792.0,
144, 150, 90664, 766490, 143979, 4124370927616.0,
145, 150, 90649, 766530, 144029, 4124633202688.0,
146, 153, 90616, 766660, 143995, 4124818014208.0,
147, 150, 90584, 766672, 143981, 4125031006208.0,
148, 151, 90595, 766645, 144009, 4125304815616.0,
149, 150, 90646, 766650, 143943, 4125427367936.0,
150, 150, 90579, 766637, 143982, 4125575217152.0,
151, 152, 90581, 766680, 144020, 4125722673152.0,
152, 151, 90611, 766700, 143981, 4125908533248.0,
153, 152, 90597, 766659, 143996, 4126060183552.0,
154, 151, 90577, 766622, 144023, 4126237523968.0,
155, 149, 90582, 766574, 144117, 4126363746304.0,
156, 147, 90599, 766630, 144077, 4126342119424.0,
157, 149, 90609, 766580, 144072, 4126443438080.0,
158, 150, 90650, 766483, 144138, 4126441865216.0,
159, 151, 90601, 766474, 144136, 4126519066624.0,
160, 149, 90650, 766425, 144166, 4126499536896.0,
161, 148, 90643, 766369, 144170, 4126311186432.0,
162, 150, 90625, 766391, 144163, 4126234640384.0,
163, 153, 90649, 766377, 144096, 4126331240448.0,
164, 153, 90655, 766461, 144068, 4126267015168.0,
165, 151, 90658, 766471, 144075, 4126184833024.0,
166, 149, 90651, 766502, 144063, 4126234116096.0,
167, 150, 90664, 766517, 144056, 4126327439360.0,
168, 151, 90665, 766552, 144036, 4126248665088.0,
169, 149, 90647, 766466, 144119, 4126253383680.0,
170, 149, 90587, 766473, 144138, 4126174740480.0,
171, 151, 90614, 766412, 144157, 4126146297856.0,
172, 149, 90600, 766444, 144177, 4126151802880.0,
173, 150, 90703, 766399, 144179, 4126031872000.0,
174, 149, 90650, 766344, 144186, 4126209212416.0,
175, 150, 90661, 766385, 144191, 4126154817536.0,
176, 148, 90698, 766339, 144165, 4126051401728.0,
177, 150, 90689, 766322, 144189, 4126049435648.0,
178, 153, 90728, 766285, 144198, 4125976035328.0,
179, 150, 90731, 766365, 144171, 4125915348992.0,
180, 153, 90742, 766323, 144192, 4125722017792.0,
181, 147, 90728, 766297, 144251, 4125582557184.0,
182, 152, 90750, 766276, 144199, 4125446373376.0,
183, 150, 90713, 766315, 144142, 4125402333184.0,
184, 152, 90735, 766302, 144134, 4125486612480.0,
185, 152, 90752, 766317, 144123, 4125385949184.0,
186, 151, 90714, 766390, 144157, 4125323165696.0,
187, 152, 90694, 766333, 144116, 4125437853696.0,
188, 151, 90716, 766307, 144142, 4125471932416.0,
189, 150, 90732, 766368, 144163, 4125344006144.0,
190, 152, 90742, 766289, 144149, 4125347676160.0,
191, 152, 90735, 766335, 144130, 4125266018304.0,
192, 150, 90732, 766390, 144105, 4125265231872.0,
193, 150, 90696, 766412, 144102, 4125345972224.0,
194, 152, 90711, 766297, 144145, 4125340073984.0,
195, 150, 90707, 766325, 144161, 4125231415296.0,
196, 150, 90714, 766356, 144160, 4125383327744.0,
197, 149, 90673, 766394, 144211, 4125304815616.0,
198, 151, 90670, 766428, 144126, 4125327097856.0,
199, 150, 90674, 766436, 144132, 4125356195840.0,
200, 150, 90674, 766354, 144122, 4125480976384.0,
201, 153, 90671, 766323, 144159, 4125467213824.0,
202, 148, 90702, 766329, 144139, 4125423435776.0,
203, 150, 90704, 766314, 144134, 4125322379264.0,
204, 151, 90673, 766326, 144205, 4125310320640.0,
205, 149, 90629, 766276, 144167, 4125492117504.0,
206, 150, 90646, 766329, 144214, 4125484646400.0,
207, 152, 90624, 766405, 144183, 4125530652672.0,
208, 154, 90635, 766430, 144163, 4125520297984.0,
209, 153, 90637, 766458, 144169, 4125343219712.0,
210, 152, 90643, 766406, 144158, 4125341908992.0,
211, 152, 90752, 766407, 144156, 4125399056384.0,
212, 150, 90710, 766421, 144083, 4125513744384.0,
213, 151, 90674, 766406, 144170, 4125495918592.0,
214, 154, 90667, 766366, 144114, 4125579542528.0,
215, 152, 90740, 766339, 144146, 4125613359104.0,
216, 152, 90657, 766358, 144122, 4125553983488.0,
217, 149, 90689, 766366, 144105, 4125491200000.0,
218, 151, 90714, 766344, 144139, 4125548085248.0,
219, 149, 90668, 766384, 144143, 4125517414400.0,
220, 151, 90649, 766380, 144140, 4125535502336.0,
221, 151, 90699, 766359, 144101, 4125623582720.0,
222, 150, 90707, 766383, 144118, 4125607591936.0,
223, 151, 90701, 766446, 144107, 4125522788352.0,
224, 151, 90738, 766333, 144067, 4125466034176.0,
225, 152, 90697, 766350, 144098, 4125403512832.0,
226, 150, 90724, 766403, 144092, 4125433790464.0,
227, 151, 90706, 766316, 144153, 4125466820608.0,
228, 151, 90745, 766320, 144144, 4125501947904.0,
229, 149, 90688, 766292, 144141, 4125415702528.0,
230, 150, 90660, 766393, 144165, 4125357899776.0,
231, 150, 90696, 766388, 144178, 4125402202112.0,
232, 150, 90673, 766352, 144211, 4125469573120.0,
233, 149, 90705, 766390, 144143, 4125464723456.0,
234, 149, 90723, 766412, 144112, 4125568532480.0,
235, 152, 90665, 766413, 144160, 4125587275776.0,
236, 150, 90646, 766454, 144138, 4125656219648.0,
237, 149, 90645, 766419, 144161, 4125787422720.0,
238, 148, 90680, 766423, 144071, 4125777723392.0,
239, 153, 90690, 766445, 144058, 4125754654720.0,
240, 153, 90633, 766406, 144109, 4125664083968.0,
241, 150, 90591, 766422, 144142, 4125566828544.0,
242, 153, 90621, 766377, 144224, 4125644947456.0,
243, 151, 90711, 766386, 144174, 4125711138816.0,
244, 149, 90688, 766372, 144175, 4125736435712.0,
245, 150, 90688, 766351, 144124, 4125659496448.0,
246, 151, 90683, 766310, 144190, 4125673521152.0,
247, 151, 90724, 766318, 144148, 4125532749824.0,
248, 150, 90694, 766318, 144161, 4125480976384.0,
249, 151, 90678, 766363, 144144, 4125413867520.0,
250, 152, 90674, 766388, 144176, 4125436805120.0,
251, 151, 90698, 766406, 144143, 4125442179072.0,
252, 149, 90678, 766432, 144192, 4125507846144.0,
253, 152, 90650, 766411, 144138, 4125441261568.0,
254, 151, 90646, 766384, 144151, 4125495394304.0,
255, 152, 90689, 766353, 144185, 4125558702080.0,
256, 152, 90671, 766402, 144135, 4125531963392.0,
257, 151, 90705, 766397, 144150, 4125491462144.0,
258, 151, 90695, 766391, 144089, 4125563027456.0,
259, 149, 90665, 766402, 144133, 4125592125440.0,
260, 152, 90730, 766363, 144077, 4125596712960.0,
261, 154, 90738, 766310, 144163, 4125604708352.0,
262, 150, 90699, 766353, 144134, 4125591470080.0,
263, 152, 90677, 766336, 144191, 4125428416512.0,
264, 147, 90720, 766345, 144168, 4125470752768.0,
265, 149, 90723, 766320, 144146, 4125545463808.0,
266, 153, 90762, 766264, 144122, 4125497884672.0,
267, 151, 90764, 766361, 144153, 4125503127552.0,
268, 149, 90731, 766403, 144087, 4125344792576.0,
269, 151, 90714, 766426, 144101, 4125262479360.0,
270, 150, 90746, 766375, 144142, 4125362225152.0,
271, 151, 90717, 766315, 144154, 4125410590720.0,
272, 148, 90725, 766327, 144161, 4125302063104.0,
273, 149, 90718, 766358, 144122, 4125353050112.0,
274, 150, 90700, 766377, 144132, 4125406396416.0,
275, 150, 90727, 766412, 144080, 4125652025344.0,
276, 152, 90653, 766406, 144154, 4125726081024.0,
277, 151, 90694, 766429, 144070, 4125786636288.0,
278, 151, 90638, 766464, 144116, 4125784801280.0,
279, 152, 90674, 766410, 144103, 4125838540800.0,
280, 151, 90660, 766412, 144109, 4125756489728.0,
281, 152, 90639, 766353, 144186, 4125933436928.0,
282, 150, 90646, 766421, 144204, 4125817044992.0,
283, 149, 90660, 766306, 144159, 4125733945344.0,
284, 149, 90674, 766369, 144150, 4125781786624.0,
285, 151, 90665, 766410, 144109, 4125856628736.0,
286, 151, 90641, 766424, 144164, 4125726474240.0,
287, 149, 90621, 766444, 144217, 4125692002304.0,
288, 152, 90600, 766431, 144180, 4125755572224.0,
289, 153, 90643, 766409, 144172, 4125812457472.0,
290, 151, 90645, 766373, 144235, 4125652549632.0,
291, 150, 90688, 766395, 144159, 4125699080192.0,
292, 150, 90734, 766328, 144149, 4125631709184.0,
293, 151, 90740, 766343, 144116, 4125589897216.0,
294, 151, 90676, 766310, 144151, 4125446242304.0,
295, 152, 90735, 766435, 144099, 4125514924032.0,
296, 149, 90723, 766385, 144136, 4125545332736.0,
297, 150, 90716, 766380, 144153, 4125433790464.0,
298, 151, 90716, 766323, 144172, 4125510205440.0,
299, 152, 90713, 766313, 144178, 4125611786240.0,
300, 153, 90684, 766317, 144186, 4125478486016.0,
301, 150, 90703, 766355, 144186, 4125430120448.0,
302, 149, 90730, 766369, 144121, 4125456859136.0,
303, 151, 90744, 766273, 144196, 4125518725120.0,
304, 153, 90736, 766310, 144172, 4125377167360.0,
305, 150, 90703, 766322, 144176, 4125320937472.0,
306, 152, 90703, 766392, 144200, 4125301407744.0,
307, 150, 90694, 766361, 144173, 4125288300544.0,
308, 150, 90694, 766461, 144088, 4125412556800.0,
309, 151, 90701, 766398, 144104, 4125325787136.0,
310, 149, 90683, 766471, 144114, 4125432479744.0,
311, 150, 90700, 766374, 144148, 4125412032512.0,
312, 150, 90651, 766396, 144121, 4125358555136.0,
313, 149, 90719, 766422, 144122, 4125433921536.0,
314, 149, 90685, 766470, 144110, 4125506142208.0,
315, 150, 90706, 766420, 144094, 4125560537088.0,
316, 152, 90678, 766480, 144061, 4125722673152.0,
317, 148, 90611, 766455, 144082, 4125756358656.0,
318, 150, 90648, 766466, 144119, 4125906173952.0,
319, 153, 90669, 766430, 144164, 4125913513984.0,
320, 153, 90637, 766476, 144175, 4125885464576.0,
321, 150, 90698, 766352, 144191, 4125861347328.0,
322, 149, 90679, 766353, 144179, 4125671030784.0,
323, 148, 90671, 766366, 144115, 4125741023232.0,
324, 151, 90684, 766357, 144138, 4125690429440.0,
325, 147, 90663, 766333, 144096, 4125669064704.0,
326, 149, 90666, 766348, 144135, 4125671817216.0,
327, 149, 90653, 766325, 144172, 4125679681536.0,
328, 150, 90693, 766376, 144117, 4125531570176.0,
329, 151, 90710, 766305, 144164, 4125469179904.0,
330, 151, 90717, 766333, 144242, 4125492903936.0,
331, 147, 90714, 766331, 144242, 4125508370432.0,
332, 152, 90715, 766238, 144198, 4125412032512.0,
333, 150, 90717, 766350, 144183, 4125465640960.0,
334, 150, 90704, 766349, 144206, 4125467344896.0,
335, 147, 90679, 766394, 144144, 4125596975104.0,
336, 151, 90653, 766401, 144115, 4125459611648.0,
337, 154, 90696, 766395, 144150, 4125395648512.0,
338, 153, 90691, 766331, 144191, 4125184098304.0,
339, 152, 90696, 766342, 144023, 4125300883456.0,
340, 150, 90733, 766375, 144141, 4125391323136.0,
341, 152, 90700, 766366, 144100, 4125410721792.0,
342, 149, 90719, 766434, 144061, 4125447684096.0,
343, 152, 90625, 766397, 144155, 4125388177408.0,
344, 149, 90601, 766377, 144191, 4125514661888.0,
345, 150, 90635, 766453, 144124, 4125576265728.0,
346, 152, 90640, 766444, 144114, 4125684400128.0,
347, 147, 90656, 766406, 144159, 4125798563840.0,
348, 154, 90678, 766433, 144110, 4125862133760.0,
349, 150, 90663, 766465, 144160, 4125752688640.0,
350, 151, 90666, 766469, 144115, 4125803282432.0,
351, 150, 90680, 766406, 144137, 4125896998912.0,
352, 150, 90646, 766432, 144212, 4125891756032.0,
353, 150, 90650, 766372, 144176, 4125818880000.0,
354, 149, 90661, 766371, 144172, 4125724639232.0,
355, 152, 90659, 766393, 144168, 4125633150976.0,
356, 150, 90722, 766387, 144144, 4125677977600.0,
357, 152, 90659, 766413, 144144, 4125764747264.0,
358, 153, 90700, 766335, 144139, 4125660545024.0,
359, 151, 90710, 766372, 144133, 4125531045888.0,
360, 150, 90673, 766373, 144160, 4125665132544.0,
361, 153, 90724, 766436, 144142, 4125598416896.0,
362, 150, 90642, 766371, 144172, 4125633937408.0,
363, 149, 90685, 766416, 144111, 4125665263616.0,
364, 149, 90693, 766350, 144209, 4125790044160.0,
365, 152, 90713, 766281, 144216, 4125754392576.0,
366, 152, 90670, 766307, 144190, 4125599334400.0,
367, 151, 90728, 766353, 144161, 4125488840704.0,
368, 150, 90714, 766290, 144216, 4125424353280.0,
369, 148, 90682, 766315, 144202, 4125395255296.0,
370, 148, 90678, 766327, 144207, 4125217914880.0,
371, 149, 90674, 766341, 144220, 4125194321920.0,
372, 150, 90724, 766312, 144221, 4125107552256.0,
373, 152, 90696, 766306, 144157, 4125228531712.0,
374, 150, 90732, 766266, 144157, 4125368647680.0,
375, 150, 90743, 766383, 144146, 4125297082368.0,
376, 152, 90684, 766414, 144098, 4125326835712.0,
377, 151, 90663, 766373, 144115, 4125377298432.0,
378, 150, 90665, 766428, 144140, 4125499457536.0,
379, 152, 90663, 766430, 144144, 4125517545472.0,
380, 150, 90680, 766416, 144095, 4125525671936.0,
381, 149, 90694, 766470, 144056, 4125597630464.0,
382, 149, 90656, 766416, 144103, 4125674045440.0,
383, 151, 90678, 766441, 144103, 4125665132544.0,
384, 153, 90702, 766373, 144172, 4125735911424.0,
385, 152, 90664, 766411, 144140, 4125718478848.0,
386, 150, 90695, 766450, 144099, 4125727391744.0,
387, 151, 90687, 766428, 144157, 4125720838144.0,
388, 151, 90694, 766409, 144164, 4125726212096.0,
389, 150, 90693, 766323, 144153, 4125633413120.0,
390, 150, 90693, 766387, 144143, 4125371269120.0,
391, 149, 90645, 766441, 144143, 4125580066816.0,
392, 151, 90639, 766447, 144116, 4125542842368.0,
393, 151, 90628, 766423, 144140, 4125611655168.0,
394, 150, 90670, 766448, 144115, 4125735256064.0,
395, 152, 90700, 766427, 144089, 4125677846528.0,
396, 148, 90702, 766398, 144105, 4125750591488.0,
397, 152, 90647, 766398, 144083, 4125746790400.0,
398, 147, 90676, 766330, 144252, 4125883367424.0,
399, 151, 90686, 766347, 144227, 4125754392576.0,
400, 150, 90705, 766310, 144182, 4125759373312.0,
401, 149, 90727, 766304, 144212, 4125812981760.0,
402, 150, 90717, 766223, 144234, 4125676273664.0,
403, 149, 90689, 766312, 144142, 4125790044160.0,
404, 149, 90719, 766361, 144178, 4125432872960.0,
405, 150, 90680, 766387, 144150, 4125317922816.0,
406, 149, 90652, 766383, 144181, 4125312811008.0,
407, 150, 90691, 766420, 144105, 4125369958400.0,
408, 151, 90644, 766381, 144208, 4125365239808.0,
409, 150, 90629, 766435, 144184, 4125454630912.0,
410, 152, 90682, 766374, 144128, 4125406920704.0,
411, 154, 90673, 766436, 144144, 4125484515328.0,
412, 151, 90710, 766434, 144142, 4125358686208.0,
413, 152, 90691, 766343, 144157, 4125391847424.0,
414, 151, 90676, 766339, 144209, 4125400104960.0,
415, 147, 90706, 766330, 144205, 4125448470528.0,
416, 151, 90744, 766324, 144161, 4125537861632.0,
417, 151, 90689, 766326, 144168, 4125507846144.0,
418, 151, 90723, 766336, 144192, 4125356851200.0,
419, 152, 90656, 766372, 144170, 4125280174080.0,
420, 149, 90688, 766319, 144128, 4125395779584.0,
421, 150, 90698, 766360, 144102, 4125458694144.0,
422, 153, 90705, 766338, 144183, 4125452140544.0,
423, 153, 90690, 766392, 144149, 4125438509056.0,
424, 153, 90662, 766367, 144232, 4125418586112.0,
425, 150, 90655, 766381, 144139, 4125403643904.0,
426, 150, 90701, 766362, 144209, 4125443751936.0,
427, 151, 90716, 766339, 144215, 4125368778752.0,
428, 147, 90716, 766280, 144193, 4125438115840.0,
429, 149, 90705, 766308, 144105, 4125433397248.0,
430, 152, 90730, 766358, 144056, 4125416357888.0,
431, 150, 90731, 766385, 144087, 4125441916928.0,
432, 147, 90720, 766404, 144100, 4125499850752.0,
433, 151, 90655, 766411, 144120, 4125605232640.0,
434, 152, 90639, 766422, 144113, 4125638787072.0,
435, 150, 90649, 766443, 144142, 4125675225088.0,
436, 151, 90646, 766398, 144121, 4125636296704.0,
437, 150, 90677, 766451, 144120, 4125560930304.0,
438, 149, 90717, 766378, 144147, 4125503389696.0,
439, 152, 90660, 766385, 144106, 4125596450816.0,
440, 148, 90651, 766431, 144109, 4125591601152.0,
441, 152, 90620, 766402, 144141, 4125723066368.0,
442, 149, 90629, 766383, 144129, 4125723721728.0,
443, 149, 90692, 766400, 144147, 4125664477184.0,
444, 151, 90711, 766443, 144094, 4125642194944.0,
445, 151, 90677, 766395, 144087, 4125597368320.0,
446, 150, 90689, 766388, 144174, 4125686104064.0,
447, 151, 90658, 766368, 144169, 4125665787904.0,
448, 152, 90678, 766376, 144199, 4125556080640.0,
449, 152, 90658, 766323, 144125, 4125468000256.0,
450, 147, 90702, 766399, 144117, 4125391454208.0,
451, 153, 90686, 766428, 144193, 4125531045888.0,
452, 151, 90701, 766400, 144113, 4125478617088.0,
453, 152, 90658, 766427, 144145, 4125571022848.0,
454, 152, 90678, 766433, 144142, 4125508370432.0,
455, 151, 90687, 766410, 144110, 4125408755712.0,
456, 155, 90662, 766352, 144124, 4125636558848.0,
457, 148, 90639, 766371, 144151, 4125594877952.0,
458, 150, 90709, 766321, 144189, 4125651369984.0,
459, 153, 90739, 766230, 144196, 4125659627520.0,
460, 149, 90714, 766343, 144192, 4125624238080.0,
461, 151, 90673, 766379, 144140, 4125488971776.0,
462, 151, 90690, 766348, 144166, 4125491200000.0,
463, 152, 90716, 766352, 144171, 4125439033344.0,
464, 150, 90713, 766345, 144101, 4125453975552.0,
465, 151, 90721, 766311, 144109, 4125409673216.0,
466, 149, 90721, 766286, 144185, 4125363535872.0,
467, 149, 90738, 766290, 144159, 4125287383040.0,
468, 152, 90720, 766378, 144201, 4125312417792.0,
469, 147, 90718, 766356, 144156, 4125238493184.0,
470, 152, 90731, 766281, 144245, 4125301014528.0,
471, 150, 90710, 766387, 144178, 4125310582784.0,
472, 148, 90676, 766334, 144195, 4125399449600.0,
473, 154, 90683, 766285, 144190, 4125374676992.0,
474, 151, 90662, 766339, 144162, 4125330898944.0,
475, 150, 90667, 766330, 144164, 4125461315584.0,
476, 154, 90642, 766369, 144201, 4125403381760.0,
477, 153, 90635, 766330, 144200, 4125258153984.0,
478, 150, 90675, 766335, 144195, 4125265100800.0,
479, 150, 90667, 766366, 144198, 4125143072768.0,
480, 150, 90684, 766401, 144126, 4125288693760.0,
481, 150, 90685, 766426, 144137, 4125499064320.0,
482, 150, 90647, 766463, 144125, 4125538385920.0,
483, 148, 90686, 766403, 144094, 4125574561792.0,
484, 151, 90651, 766404, 144114, 4125601693696.0,
485, 148, 90690, 766466, 144090, 4125616373760.0,
486, 152, 90682, 766388, 144111, 4125428285440.0,
487, 150, 90703, 766435, 144113, 4125496180736.0,
488, 151, 90722, 766402, 144049, 4125557653504.0,
489, 151, 90700, 766419, 144067, 4125585571840.0,
490, 148, 90663, 766459, 144105, 4125661593600.0,
491, 150, 90702, 766479, 144071, 4125664608256.0,
492, 148, 90686, 766388, 144130, 4125599596544.0,
493, 151, 90673, 766476, 144094, 4125664215040.0,
494, 152, 90705, 766394, 144102, 4125754523648.0,
495, 154, 90732, 766480, 144111, 4125732241408.0,
496, 151, 90685, 766421, 144146, 4125813112832.0,
497, 151, 90711, 766477, 144131, 4125672865792.0,
498, 149, 90690, 766334, 144162, 4125697114112.0,
499, 152, 90650, 766403, 144168, 4125694492672.0,
500, 149, 90720, 766328, 144206, 4125744562176.0,
501, 153, 90716, 766327, 144183, 4125728964608.0,
502, 150, 90660, 766318, 144248, 4125505748992.0,
503, 149, 90673, 766308, 144313, 4125311238144.0,
504, 150, 90685, 766308, 144182, 4125285154816.0,
505, 152, 90688, 766332, 144212, 4125343875072.0,
506, 149, 90693, 766333, 144218, 4125251338240.0,
507, 151, 90713, 766308, 144225, 4125234036736.0,
508, 151, 90658, 766301, 144220, 4125051846656.0,
509, 150, 90720, 766313, 144206, 4124994830336.0,
510, 150, 90722, 766366, 144113, 4125213851648.0,
511, 149, 90764, 766359, 144127, 4125326442496.0,
512, 150, 90721, 766341, 144126, 4125276766208.0,
513, 149, 90684, 766447, 144156, 4125364977664.0,
514, 150, 90672, 766429, 144128, 4125418717184.0,
515, 149, 90648, 766340, 144204, 4125322510336.0,
516, 151, 90687, 766398, 144209, 4125257236480.0,
517, 150, 90704, 766377, 144192, 4125333127168.0,
518, 151, 90704, 766417, 144128, 4125438771200.0,
519, 151, 90715, 766374, 144169, 4125367468032.0,
520, 151, 90716, 766482, 144109, 4125346758656.0,
521, 150, 90708, 766403, 144150, 4125433659392.0,
522, 150, 90698, 766400, 144172, 4125422125056.0,
523, 152, 90662, 766431, 144153, 4125428285440.0,
524, 152, 90675, 766488, 144122, 4125376905216.0,
525, 148, 90676, 766467, 144154, 4125544415232.0,
526, 151, 90688, 766488, 144142, 4125684924416.0,
527, 150, 90688, 766413, 144125, 4125812850688.0,
528, 150, 90664, 766503, 144068, 4125802496000.0,
529, 151, 90669, 766441, 144036, 4125730537472.0,
530, 151, 90714, 766441, 144083, 4125604839424.0,
531, 151, 90706, 766378, 144123, 4125511778304.0,
532, 150, 90702, 766361, 144134, 4125567352832.0,
533, 153, 90698, 766385, 144105, 4125534584832.0,
534, 147, 90719, 766410, 144145, 4125746003968.0,
535, 153, 90711, 766411, 144141, 4125781524480.0,
536, 154, 90733, 766320, 144181, 4125755310080.0,
537, 148, 90710, 766346, 144198, 4125747576832.0,
538, 150, 90696, 766320, 144185, 4125787422720.0,
539, 149, 90744, 766380, 144194, 4125642588160.0,
540, 151, 90723, 766376, 144160, 4125607198720.0,
541, 152, 90713, 766337, 144192, 4125544546304.0,
542, 150, 90694, 766317, 144182, 4125530521600.0,
543, 149, 90746, 766231, 144215, 4125479010304.0,
544, 149, 90755, 766323, 144155, 4125307174912.0,
545, 153, 90782, 766269, 144174, 4125192880128.0,
546, 148, 90742, 766323, 144145, 4125125378048.0,
547, 151, 90701, 766317, 144197, 4125187375104.0,
548, 148, 90697, 766403, 144117, 4125161684992.0,
549, 153, 90693, 766408, 144097, 4125172170752.0,
550, 152, 90653, 766464, 144105, 4125263003648.0,
551, 152, 90680, 766432, 144093, 4125287383040.0,
552, 151, 90674, 766458, 144094, 4125492772864.0,
553, 149, 90632, 766506, 144159, 4125479796736.0,
554, 152, 90629, 766401, 144138, 4125530390528.0,
555, 148, 90663, 766416, 144182, 4125416751104.0,
556, 151, 90631, 766385, 144149, 4125409542144.0,
557, 152, 90682, 766413, 144146, 4125498408960.0,
558, 149, 90652, 766429, 144137, 4125564207104.0,
559, 150, 90704, 766370, 144191, 4125494607872.0,
560, 150, 90676, 766302, 144209, 4125524754432.0,
561, 151, 90646, 766357, 144161, 4125606805504.0,
562, 150, 90740, 766403, 144104, 4125598941184.0,
563, 150, 90686, 766406, 144148, 4125574692864.0,
564, 151, 90724, 766401, 144063, 4125690822656.0,
565, 149, 90706, 766422, 144057, 4125631184896.0,
566, 152, 90726, 766460, 144029, 4125549789184.0,
567, 151, 90688, 766435, 144103, 4125661069312.0,
568, 148, 90712, 766471, 144026, 4125701701632.0,
569, 151, 90613, 766405, 144158, 4125783228416.0,
570, 150, 90666, 766428, 144176, 4125736173568.0,
571, 150, 90693, 766389, 144119, 4125779427328.0,
572, 152, 90687, 766266, 144204, 4125771169792.0,
573, 151, 90765, 766264, 144183, 4125753475072.0,
574, 150, 90735, 766263, 144192, 4125672603648.0,
575, 149, 90767, 766260, 144230, 4125567877120.0,
576, 152, 90704, 766261, 144242, 4125374152704.0,
577, 150, 90693, 766299, 144223, 4125332209664.0,
578, 149, 90718, 766360, 144219, 4125308485632.0,
579, 150, 90726, 766408, 144180, 4125394468864.0,
580, 151, 90707, 766354, 144139, 4125380706304.0,
581, 151, 90645, 766408, 144127, 4125412950016.0,
582, 150, 90664, 766433, 144123, 4125352132608.0,
583, 152, 90650, 766437, 144106, 4125370613760.0,
584, 152, 90682, 766437, 144146, 4125422256128.0,
585, 151, 90644, 766423, 144106, 4125436411904.0,
586, 154, 90690, 766330, 144186, 4125522526208.0,
587, 151, 90675, 766339, 144210, 4125509156864.0,
588, 150, 90691, 766349, 144160, 4125335617536.0,
589, 151, 90697, 766324, 144178, 4125346496512.0,
590, 152, 90665, 766404, 144142, 4125434970112.0,
591, 152, 90714, 766391, 144131, 4125442572288.0,
592, 149, 90708, 766326, 144119, 4125408886784.0,
593, 150, 90702, 766370, 144052, 4125389488128.0,
594, 152, 90636, 766409, 144067, 4125436936192.0,
595, 147, 90668, 766438, 144089, 4125334568960.0,
596, 150, 90661, 766443, 144073, 4125469310976.0,
597, 151, 90650, 766480, 144133, 4125705502720.0,
598, 152, 90697, 766450, 144081, 4125734862848.0,
599, 149, 90634, 766436, 144177, 4125719134208.0,
600, 150, 90639, 766440, 144122, 4125759766528.0,
601, 151, 90698, 766354, 144136, 4125693050880.0,
602, 150, 90676, 766426, 144171, 4125699211264.0,
603, 153, 90662, 766372, 144135, 4125758717952.0,
604, 151, 90699, 766335, 144222, 4125786898432.0,
605, 152, 90680, 766323, 144150, 4125716119552.0,
606, 152, 90738, 766313, 144113, 4125516365824.0,
607, 150, 90750, 766311, 144122, 4125304946688.0,
608, 151, 90721, 766315, 144146, 4125441916928.0,
609, 150, 90714, 766358, 144149, 4125439950848.0,
610, 153, 90671, 766330, 144153, 4125318184960.0,
611, 149, 90653, 766326, 144198, 4125372841984.0,
612, 150, 90632, 766325, 144122, 4125329195008.0,
613, 153, 90718, 766316, 144146, 4125309140992.0,
614, 151, 90698, 766347, 144155, 4125296295936.0,
615, 150, 90753, 766406, 144157, 4125360783360.0,
616, 152, 90631, 766443, 144151, 4125383458816.0,
617, 153, 90666, 766425, 144124, 4125337976832.0,
618, 149, 90641, 766429, 144148, 4125404692480.0,
619, 152, 90636, 766458, 144131, 4125430775808.0,
620, 152, 90672, 766413, 144127, 4125481369600.0,
621, 150, 90683, 766344, 144116, 4125614538752.0,
622, 148, 90663, 766392, 144174, 4125683613696.0,
623, 151, 90710, 766373, 144187, 4125695016960.0,
624, 150, 90698, 766433, 144149, 4125654515712.0,
625, 153, 90671, 766369, 144135, 4125702750208.0,
626, 151, 90715, 766393, 144120, 4125527769088.0,
627, 153, 90707, 766432, 144145, 4125420814336.0,
628, 150, 90700, 766397, 144127, 4125618733056.0,
629, 151, 90720, 766393, 144148, 4125636427776.0,
630, 151, 90716, 766313, 144209, 4125543104512.0,
631, 152, 90720, 766390, 144146, 4125603921920.0,
632, 151, 90715, 766353, 144148, 4125538385920.0,
633, 148, 90698, 766338, 144111, 4125438115840.0,
634, 148, 90727, 766438, 144070, 4125527113728.0,
635, 149, 90750, 766450, 144017, 4125650452480.0,
636, 150, 90719, 766479, 144076, 4125691346944.0,
637, 151, 90651, 766411, 144119, 4125654646784.0,
638, 150, 90645, 766416, 144160, 4125641277440.0,
639, 152, 90628, 766354, 144177, 4125569449984.0,
640, 152, 90666, 766401, 144219, 4125661593600.0,
641, 151, 90653, 766377, 144139, 4125694230528.0,
642, 151, 90724, 766361, 144186, 4125718478848.0,
643, 149, 90666, 766341, 144121, 4125685186560.0,
644, 149, 90757, 766309, 144163, 4125698162688.0,
645, 153, 90728, 766327, 144166, 4125509287936.0,
646, 150, 90688, 766384, 144119, 4125501161472.0,
647, 150, 90712, 766393, 144141, 4125475471360.0,
648, 152, 90667, 766308, 144189, 4125461053440.0,
649, 152, 90680, 766387, 144183, 4125463281664.0,
650, 152, 90682, 766374, 144182, 4125545857024.0,
651, 151, 90671, 766324, 144220, 4125494214656.0,
652, 152, 90678, 766344, 144110, 4125395517440.0,
653, 150, 90705, 766317, 144134, 4125608116224.0,
654, 147, 90718, 766322, 144143, 4125539565568.0,
655, 151, 90698, 766346, 144117, 4125571678208.0,
656, 150, 90705, 766371, 144103, 4125396697088.0,
657, 151, 90679, 766322, 144193, 4125512695808.0,
658, 150, 90674, 766396, 144115, 4125501947904.0,
659, 149, 90655, 766411, 144159, 4125429071872.0,
660, 153, 90654, 766440, 144192, 4125379133440.0,
661, 151, 90650, 766477, 144151, 4125463150592.0,
662, 150, 90636, 766460, 144160, 4125497622528.0,
663, 151, 90658, 766317, 144176, 4125556998144.0,
664, 151, 90668, 766337, 144155, 4125719658496.0,
665, 153, 90705, 766333, 144204, 4125575086080.0,
666, 149, 90694, 766289, 144186, 4125598810112.0,
667, 148, 90696, 766389, 144165, 4125440737280.0,
668, 151, 90710, 766384, 144125, 4125295640576.0,
669, 149, 90736, 766399, 144093, 4125330898944.0,
670, 150, 90699, 766385, 144130, 4125403250688.0,
671, 150, 90653, 766423, 144154, 4125362356224.0,
672, 152, 90683, 766394, 144167, 4125373497344.0,
673, 150, 90701, 766442, 144200, 4125365108736.0,
674, 150, 90683, 766414, 144140, 4125366550528.0,
675, 151, 90753, 766395, 144087, 4125411115008.0,
676, 152, 90721, 766344, 144160, 4125336797184.0,
677, 150, 90718, 766365, 144116, 4125483728896.0,
678, 149, 90698, 766376, 144162, 4125624369152.0,
679, 150, 90698, 766345, 144124, 4125671161856.0,
680, 147, 90705, 766357, 144135, 4125659365376.0,
681, 150, 90714, 766399, 144120, 4125679026176.0,
682, 149, 90727, 766396, 144161, 4125475602432.0,
683, 150, 90733, 766396, 144124, 4125464068096.0,
684, 152, 90664, 766352, 144072, 4125489627136.0,
685, 152, 90643, 766468, 144105, 4125535371264.0,
686, 152, 90676, 766351, 144088, 4125483859968.0,
687, 152, 90644, 766380, 144144, 4125486219264.0,
688, 149, 90656, 766393, 144080, 4125545725952.0,
689, 150, 90726, 766355, 144099, 4125536813056.0,
690, 151, 90700, 766334, 144178, 4125473505280.0,
691, 150, 90706, 766311, 144153, 4125484777472.0,
692, 149, 90700, 766413, 144147, 4125568008192.0,
693, 149, 90692, 766402, 144167, 4125528686592.0,
694, 152, 90619, 766391, 144154, 4125494345728.0,
695, 151, 90656, 766342, 144216, 4125441130496.0,
696, 149, 90669, 766328, 144189, 4125547429888.0,
697, 150, 90665, 766360, 144242, 4125477306368.0,
698, 149, 90715, 766331, 144175, 4125488447488.0,
699, 149, 90688, 766348, 144084, 4125524492288.0,
700, 149, 90674, 766371, 144091, 4125500243968.0,
701, 152, 90694, 766348, 144121, 4125475864576.0,
702, 150, 90658, 766389, 144148, 4125470097408.0,
703, 149, 90683, 766359, 144153, 4125621616640.0,
704, 151, 90684, 766369, 144200, 4125574955008.0,
705, 150, 90646, 766438, 144138, 4125501947904.0,
706, 150, 90679, 766443, 144127, 4125456728064.0,
707, 153, 90590, 766430, 144176, 4125576921088.0,
708, 151, 90622, 766391, 144173, 4125660807168.0,
709, 150, 90636, 766403, 144173, 4125491855360.0,
710, 147, 90680, 766410, 144105, 4125595140096.0,
711, 152, 90676, 766336, 144163, 4125586227200.0,
712, 149, 90697, 766340, 144194, 4125485039616.0,
713, 151, 90690, 766346, 144143, 4125404168192.0,
714, 150, 90699, 766320, 144181, 4125381754880.0,
715, 151, 90738, 766377, 144089, 4125283975168.0,
716, 151, 90766, 766404, 144081, 4125380050944.0,
717, 150, 90723, 766399, 144095, 4125318971392.0,
718, 149, 90728, 766329, 144136, 4125360259072.0,
719, 151, 90730, 766316, 144177, 4125395517440.0,
