0, 1001365, 0, 0, 0, 0.0,
1, 991352, 10011, 2, 0, 0.0,
2, 980833, 10519, 10013, 0, 5343720448.0,
3, 972220, 19090, 10054, 0, 10186586112.0,
4, 965153, 25836, 10379, 0, 14627089408.0,
5, 958950, 30971, 11451, 2, 18980508672.0,
6, 953179, 34562, 13635, 13, 23763264512.0,
7, 947037, 37193, 17029, 55, 29572395008.0,
8, 940264, 39509, 21447, 163, 36917547008.0,
9, 932753, 41713, 26462, 389, 46076569600.0,
10, 924615, 44173, 31813, 778, 57128208384.0,
11, 915907, 46793, 37240, 1354, 69957955584.0,
12, 906776, 49701, 42773, 2141, 84406816768.0,
13, 897311, 52561, 48379, 3102, 100428300288.0,
14, 887454, 55480, 54146, 4258, 117900103680.0,
15, 877329, 58384, 60112, 5589, 136825626624.0,
16, 866878, 61158, 66264, 7127, 157072564224.0,
17, 855923, 63857, 72684, 8914, 178626863104.0,
18, 844631, 66673, 79189, 10983, 201549815808.0,
19, 833042, 69150, 85745, 13394, 225575469056.0,
20, 821266, 71673, 92248, 16163, 250893729792.0,
21, 809059, 74107, 98825, 19363, 276952956928.0,
22, 796555, 76455, 105372, 22952, 304076275712.0,
23, 783950, 78791, 111717, 26963, 331818450944.0,
24, 771050, 80963, 118131, 31365, 360275984384.0,
25, 757863, 83159, 124363, 36173, 389307531264.0,
26, 744477, 85020, 130561, 41330, 418816704512.0,
27, 731003, 86819, 136732, 46816, 448838483968.0,
28, 717549, 88622, 142780, 52570, 478932549632.0,
29, 703461, 90267, 148760, 58718, 509209083904.0,
30, 689789, 91836, 154589, 65115, 539520876544.0,
31, 675884, 93324, 160404, 71799, 570156711936.0,
32, 661681, 94538, 166077, 78799, 600659656704.0,
33, 647604, 95823, 171670, 86120, 631124393984.0,
34, 633816, 96867, 177099, 93623, 661415559168.0,
35, 619591, 97718, 182360, 101392, 691586007040.0,
36, 605565, 98514, 187601, 109372, 721670504448.0,
37, 591681, 99193, 192595, 117653, 751485648896.0,
38, 577870, 99851, 197510, 126030, 781041958912.0,
39, 563925, 100016, 202289, 134721, 810229104640.0,
40, 550287, 100533, 206841, 143486, 838913130496.0,
41, 536678, 100618, 211233, 152480, 867034234880.0,
42, 523102, 100847, 215544, 161729, 894997528576.0,
43, 509726, 100972, 219594, 170907, 922232782848.0,
44, 496421, 100582, 223457, 180393, 948746944512.0,
45, 483354, 100484, 227168, 189866, 974793310208.0,
46, 470528, 99988, 230812, 199381, 1000140701696.0,
47, 458181, 99570, 234200, 209012, 1024764477440.0,
48, 445772, 98969, 237486, 218701, 1048440799232.0,
49, 433810, 98152, 240517, 228494, 1071597060096.0,
50, 422305, 97606, 243363, 238322, 1094406373376.0,
51, 410927, 96678, 245999, 248114, 1116344549376.0,
52, 399403, 95719, 248576, 257814, 1137350410240.0,
53, 388016, 94842, 250889, 267600, 1157717557248.0,
54, 377066, 93633, 252988, 277376, 1177124208640.0,
55, 366592, 92395, 254965, 287081, 1195603132416.0,
56, 356567, 91227, 256787, 296712, 1212829335552.0,
57, 346487, 89871, 258513, 306321, 1229608714240.0,
58, 336879, 88555, 259981, 315863, 1245806198784.0,
59, 327745, 87175, 261420, 325283, 1260730580992.0,
60, 318866, 85654, 262586, 334575, 1274914734080.0,
61, 309805, 84213, 263619, 343736, 1288590786560.0,
62, 301563, 82659, 264355, 352850, 1301179924480.0,
63, 293626, 81131, 265033, 361761, 1313158987776.0,
64, 285910, 79357, 265592, 370500, 1324191973376.0,
65, 278268, 77773, 265996, 379216, 1334412443648.0,
66, 271342, 76117, 266257, 387621, 1343744180224.0,
67, 264242, 74499, 266452, 396115, 1352174534656.0,
68, 257911, 72815, 266374, 404292, 1359552512000.0,
69, 251437, 71169, 266300, 412338, 1366684467200.0,
70, 245742, 69356, 266160, 420107, 1372953968640.0,
71, 240146, 67719, 265821, 427819, 1377993293824.0,
72, 234972, 65962, 265519, 435258, 1382799179776.0,
73, 229973, 64313, 265014, 442587, 1386820730880.0,
74, 225256, 62568, 264364, 449663, 1389856161792.0,
75, 220677, 60916, 263722, 456509, 1392426483712.0,
76, 216508, 59242, 262960, 463207, 1394343870464.0,
77, 212463, 57474, 262051, 469608, 1395518865408.0,
78, 209002, 55890, 261145, 475802, 1396151156736.0,
79, 205948, 54181, 260061, 481812, 1396305297408.0,
80, 202662, 52592, 259009, 487451, 1395775700992.0,
81, 199781, 50920, 257966, 493058, 1394672074752.0,
82, 196957, 49400, 256776, 498275, 1393140629504.0,
83, 194761, 47942, 255553, 503472, 1391173632000.0,
84, 192630, 46376, 254261, 508302, 1388402638848.0,
85, 190762, 44848, 252957, 512935, 1385416228864.0,
86, 189019, 43444, 251728, 517335, 1382278365184.0,
87, 187508, 42034, 250406, 521670, 1378563391488.0,
88, 186021, 40776, 249028, 525902, 1374429118464.0,
89, 184911, 39411, 247725, 529590, 1370084999168.0,
90, 183739, 38162, 246353, 533139, 1365377286144.0,
91, 182740, 36884, 244938, 536558, 1360555474944.0,
92, 182476, 35582, 243524, 539761, 1355480367104.0,
93, 181867, 34475, 242139, 542868, 1350109757440.0,
94, 181356, 33311, 240769, 545743, 1344441352192.0,
95, 181296, 32168, 239493, 548387, 1338521223168.0,
96, 181292, 31085, 238054, 550743, 1332854784000.0,
97, 181234, 30079, 236680, 553035, 1327150268416.0,
98, 181440, 29045, 235230, 555153, 1321073967104.0,
99, 181826, 28144, 233795, 557103, 1314618802176.0,
100, 182520, 27165, 232477, 558959, 1307887403008.0,
101, 182884, 26369, 231153, 560360, 1301684944896.0,
102, 183714, 25545, 229872, 561972, 1295283847168.0,
103, 184273, 24695, 228701, 563253, 1288699510784.0,
104, 185074, 23930, 227478, 564533, 1282470379520.0,
105, 186117, 23110, 226218, 565421, 1276124921856.0,
106, 187268, 22452, 225118, 566349, 1269458403328.0,
107, 188158, 21705, 223999, 567213, 1262888222720.0,
108, 189304, 21071, 222843, 567872, 1256163770368.0,
109, 190644, 20452, 221701, 568362, 1249671905280.0,
110, 191881, 19878, 220742, 568807, 1243393949696.0,
111, 193045, 19313, 219683, 569081, 1237025161216.0,
112, 194518, 18771, 218679, 569289, 1230862352384.0,
113, 195789, 18257, 217661, 569417, 1224885993472.0,
114, 197223, 17746, 216738, 569494, 1218649325568.0,
115, 198945, 17292, 215908, 569398, 1212660711424.0,
116, 200617, 16836, 214900, 569316, 1206694182912.0,
117, 202085, 16412, 214040, 569099, 1200895492096.0,
118, 203724, 15999, 213240, 568524, 1195096342528.0,
119, 205358, 15652, 212422, 568042, 1189730516992.0,
120, 206947, 15263, 211563, 567574, 1184558940160.0,
121, 208559, 14903, 210931, 567094, 1179351711744.0,
122, 210363, 14629, 210205, 566341, 1174429761536.0,
123, 211805, 14418, 209480, 565709, 1169260478464.0,
124, 213308, 14123, 208988, 565033, 1164350521344.0,
125, 215002, 13852, 208290, 564210, 1159657553920.0,
126, 216581, 13592, 207754, 563432, 1155284992000.0,
127, 218302, 13355, 207102, 562581, 1150960861184.0,
128, 220079, 13182, 206556, 561713, 1146827571200.0,
129, 221682, 12925, 205955, 560759, 1142811983872.0,
130, 223382, 12724, 205462, 559859, 1138882248704.0,
131, 224940, 12536, 204857, 558786, 1135005925376.0,
132, 226607, 12381, 204395, 557785, 1131280400384.0,
133, 228177, 12216, 203882, 556777, 1127433371648.0,
134, 229790, 12115, 203542, 555836, 1124041687040.0,
135, 231516, 11940, 203188, 554813, 1120642662400.0,
136, 232983, 11780, 202756, 553639, 1117368549376.0,
137, 234561, 11714, 202363, 552522, 1114236059648.0,
138, 236115, 11618, 202082, 551500, 1111033053184.0,
139, 237557, 11519, 201668, 550538, 1108277657600.0,
140, 239344, 11395, 201450, 549401, 1105530978304.0,
141, 240891, 11281, 201072, 548394, 1102831353856.0,
142, 242296, 11179, 200721, 547162, 1100328599552.0,
143, 244024, 11114, 200433, 545850, 1097764798464.0,
144, 245295, 11056, 200129, 544921, 1095366934528.0,
145, 246454, 11012, 200023, 543802, 1093048532992.0,
146, 247878, 10936, 199782, 542775, 1090973335552.0,
147, 249448, 10875, 199567, 541630, 1088892239872.0,
148, 250836, 10823, 199173, 540503, 1086818713600.0,
149, 252117, 10765, 198998, 539506, 1084881338368.0,
150, 253415, 10784, 198788, 538212, 1082949894144.0,
151, 254724, 10710, 198593, 537145, 1081088180224.0,
152, 255976, 10655, 198561, 536042, 1079438049280.0,
153, 257222, 10642, 198436, 535090, 1078138568704.0,
154, 258380, 10580, 198219, 534052, 1076668137472.0,
155, 259777, 10536, 198107, 533024, 1075140689920.0,
156, 260988, 10523, 197957, 531910, 1073449107456.0,
157, 262124, 10480, 197797, 531076, 1071999811584.0,
158, 263204, 10467, 197676, 529997, 1070750007296.0,
159, 264246, 10440, 197652, 529058, 1069770047488.0,
160, 265341, 10392, 197464, 528043, 1068860047360.0,
161, 266824, 10359, 197383, 527018, 1067765628928.0,
162, 267841, 10356, 197269, 526000, 1066976509952.0,
163, 268790, 10354, 197022, 525115, 1065807872000.0,
164, 269934, 10338, 196835, 524196, 1064689827840.0,
165, 270648, 10298, 196847, 523145, 1063724744704.0,
166, 271914, 10313, 196821, 522336, 1063018037248.0,
167, 273107, 10296, 196678, 521334, 1062304415744.0,
168, 274221, 10291, 196549, 520447, 1061376753664.0,
169, 275172, 10290, 196448, 519597, 1060787093504.0,
170, 276129, 10267, 196413, 518602, 1059674226688.0,
171, 276976, 10253, 196195, 517887, 1058772942848.0,
172, 278250, 10210, 196091, 516818, 1058156445696.0,
173, 279018, 10208, 195989, 515986, 1057556627456.0,
174, 279982, 10203, 195967, 515117, 1056871645184.0,
175, 280890, 10210, 195748, 514410, 1056150683648.0,
176, 281880, 10209, 195620, 513688, 1055565414400.0,
177, 283066, 10159, 195610, 512840, 1054955765760.0,
178, 283709, 10150, 195435, 511918, 1054410735616.0,
179, 284332, 10158, 195520, 511259, 1053748428800.0,
180, 285162, 10148, 195510, 510508, 1053007511552.0,
181, 285873, 10146, 195398, 509865, 1052467789824.0,
182, 286784, 10149, 195283, 509086, 1052142305280.0,
183, 287799, 10153, 195166, 508148, 1051444969472.0,
184, 288430, 10126, 195255, 507491, 1051137900544.0,
185, 289092, 10142, 195178, 506814, 1050695434240.0,
186, 290346, 10123, 195020, 506002, 1050372636672.0,
187, 290954, 10191, 194975, 505351, 1049757679616.0,
188, 291561, 10148, 194896, 504600, 1049383567360.0,
189, 292107, 10142, 194955, 504045, 1049082101760.0,
190, 292915, 10084, 194808, 503387, 1048720605184.0,
191, 293439, 10139, 194724, 502665, 1048259559424.0,
192, 294115, 10125, 194633, 502211, 1047719215104.0,
193, 294897, 10122, 194586, 501553, 1047295590400.0,
194, 295768, 10131, 194504, 501056, 1046941499392.0,
195, 296407, 10096, 194433, 500348, 1046502178816.0,
196, 297113, 10114, 194443, 499871, 1045974679552.0,
197, 297732, 10099, 194369, 499300, 1045472378880.0,
198, 298120, 10081, 194360, 498820, 1045191294976.0,
199, 298729, 10121, 194368, 498245, 1044608581632.0,
200, 299219, 10121, 194327, 497699, 1044317732864.0,
201, 299782, 10104, 194266, 497261, 1044157169664.0,
202, 300533, 10075, 194254, 496741, 1043879952384.0,
203, 301214, 10078, 194239, 496085, 1043636387840.0,
204, 301640, 10054, 194239, 495568, 1043599589376.0,
205, 302104, 10083, 194185, 495138, 1043517997056.0,
206, 302978, 10066, 194098, 494454, 1043401441280.0,
207, 303341, 10093, 193956, 493968, 1043268698112.0,
208, 303876, 10079, 193955, 493420, 1042898911232.0,
209, 304301, 10053, 193960, 492976, 1042567823360.0,
210, 304689, 10042, 193884, 492633, 1042149801984.0,
211, 305170, 10073, 193902, 492308, 1041676238848.0,
212, 305390, 10049, 193885, 491750, 1041591730176.0,
213, 306233, 10081, 193828, 491200, 1041433427968.0,
214, 306878, 10065, 193765, 490731, 1041262706688.0,
215, 307548, 10045, 193720, 490379, 1041023041536.0,
216, 307959, 10010, 193498, 489778, 1040635625472.0,
217, 308245, 10035, 193508, 489493, 1040153772032.0,
218, 308485, 10022, 193650, 489159, 1039959195648.0,
219, 309143, 10014, 193528, 488627, 1039882485760.0,
220, 309644, 10018, 193363, 488333, 1039734669312.0,
221, 309976, 10030, 193404, 487890, 1039308324864.0,
222, 310411, 10022, 193293, 487656, 1039002337280.0,
223, 310836, 10034, 193314, 487209, 1038578679808.0,
224, 311051, 10071, 193335, 486927, 1038534475776.0,
225, 311379, 10063, 193286, 486796, 1038477230080.0,
226, 311456, 10092, 193266, 486492, 1038228881408.0,
227, 312072, 10015, 193256, 485932, 1038061338624.0,
228, 312390, 9994, 193189, 485563, 1038126284800.0,
229, 313036, 9999, 193157, 485151, 1037789364224.0,
230, 313235, 10015, 193056, 484933, 1037203439616.0,
231, 313706, 10008, 193080, 484417, 1036885229568.0,
232, 314260, 9994, 193113, 484142, 1036707987456.0,
233, 314546, 10024, 193045, 483921, 1036770705408.0,
234, 314774, 10013, 193000, 483664, 1036455936000.0,
235, 315006, 10028, 192863, 483468, 1036276170752.0,
236, 315222, 10006, 192822, 483029, 1036154044416.0,
237, 315630, 10011, 192856, 482766, 1036129501184.0,
238, 315842, 10014, 192963, 482619, 1035993939968.0,
239, 316058, 10040, 193014, 482387, 1035802836992.0,
240, 316211, 10026, 192850, 482252, 1035874959360.0,
241, 316457, 10005, 192840, 481945, 1035639685120.0,
242, 316888, 10057, 192822, 481669, 1035421646848.0,
243, 317129, 10055, 192891, 481380, 1035338973184.0,
244, 317189, 10048, 192908, 481153, 1035152228352.0,
245, 317642, 10007, 192926, 480896, 1034615193600.0,
246, 317984, 10000, 192849, 480741, 1034413473792.0,
247, 318174, 10036, 192833, 480473, 1034409082880.0,
248, 318425, 10019, 192816, 480165, 1034598318080.0,
249, 318694, 9998, 192884, 479902, 1034575740928.0,
250, 319113, 10018, 192748, 479624, 1034550706176.0,
251, 319528, 9975, 192744, 479520, 1034257039360.0,
252, 319596, 10000, 192696, 479293, 1033932898304.0,
253, 319678, 9995, 192459, 479095, 1033554001920.0,
254, 320010, 10037, 192536, 478981, 1033188048896.0,
255, 320211, 9993, 192542, 478642, 1033127198720.0,
256, 320562, 9938, 192438, 478372, 1033095217152.0,
257, 320807, 9925, 192342, 478168, 1033105965056.0,
258, 321399, 9933, 192268, 477825, 1032724381696.0,
259, 321530, 9934, 192159, 477722, 1032472657920.0,
260, 321737, 9959, 192140, 477466, 1032316321792.0,
261, 322236, 9984, 191990, 477111, 1032262877184.0,
262, 322359, 9972, 192070, 476988, 1032022065152.0,
263, 322826, 9974, 192043, 476792, 1031947059200.0,
264, 322797, 9998, 192028, 476603, 1031697629184.0,
265, 322903, 9977, 191990, 476386, 1031126155264.0,
266, 323166, 9974, 192006, 476213, 1030902317056.0,
267, 323473, 9980, 192017, 476058, 1030707347456.0,
268, 323637, 9970, 192084, 475907, 1030485049344.0,
269, 323917, 9952, 192081, 475674, 1030562414592.0,
270, 324074, 9984, 192052, 475516, 1030542163968.0,
271, 323761, 9982, 192011, 475463, 1030358269952.0,
272, 324133, 10013, 191980, 475339, 1030345949184.0,
273, 324302, 9989, 192019, 475075, 1030365020160.0,
274, 324877, 9956, 191900, 474791, 1030097338368.0,
275, 325075, 9951, 191861, 474633, 1029982650368.0,
276, 325260, 9953, 191912, 474396, 1029875990528.0,
277, 325540, 9972, 191927, 474104, 1029926682624.0,
278, 325656, 9960, 191919, 473982, 1029812846592.0,
279, 325911, 9959, 191826, 473902, 1029590155264.0,
280, 325830, 9957, 191833, 473746, 1029256314880.0,
281, 326313, 9987, 191739, 473611, 1029046665216.0,
282, 326611, 9955, 191673, 473416, 1028825546752.0,
283, 326570, 9962, 191680, 473158, 1028569268224.0,
284, 326703, 9968, 191673, 473101, 1028363026432.0,
285, 326661, 9978, 191658, 473096, 1028246765568.0,
286, 326920, 9964, 191605, 472929, 1028150067200.0,
287, 327129, 9907, 191501, 472839, 1028092690432.0,
288, 327184, 9925, 191536, 472569, 1028072210432.0,
289, 327276, 9941, 191618, 472595, 1028140859392.0,
290, 327169, 9968, 191661, 472623, 1027891560448.0,
291, 327343, 9951, 191644, 472569, 1027819438080.0,
292, 327527, 9955, 191502, 472404, 1027679223808.0,
293, 327581, 9950, 191469, 472182, 1027736829952.0,
294, 327864, 9933, 191478, 472001, 1027645374464.0,
295, 328021, 9949, 191506, 472018, 1027448078336.0,
296, 327882, 9970, 191371, 471774, 1027191177216.0,
297, 328184, 9945, 191405, 471687, 1026961014784.0,
298, 328418, 9960, 191361, 471633, 1026901147648.0,
299, 328464, 9936, 191430, 471737, 1027006038016.0,
300, 328527, 9941, 191391, 471441, 1026841640960.0,
301, 328688, 9935, 191407, 471333, 1026666659840.0,
302, 328440, 9955, 191465, 471428, 1026479783936.0,
303, 328470, 9965, 191481, 471367, 1026445770752.0,
304, 328884, 9944, 191345, 471188, 1026293956608.0,
305, 328777, 9925, 191310, 471150, 1026158723072.0,
306, 329234, 9924, 191204, 470951, 1026222620672.0,
307, 329071, 9908, 191315, 470862, 1026101182464.0,
308, 329378, 9910, 191402, 470658, 1026195914752.0,
309, 329748, 9898, 191343, 470398, 1026255814656.0,
310, 329970, 9936, 191268, 470299, 1026334130176.0,
311, 329875, 9920, 191332, 470288, 1026338258944.0,
312, 329959, 9948, 191282, 470246, 1026235596800.0,
313, 330021, 9968, 191279, 470064, 1026169602048.0,
314, 330053, 9962, 191341, 470065, 1026068676608.0,
315, 329872, 9973, 191351, 470100, 1025845985280.0,
316, 330254, 9955, 191177, 469948, 1025832714240.0,
317, 330312, 9939, 191267, 469892, 1025690632192.0,
318, 330244, 9939, 191301, 469869, 1025572601856.0,
319, 330157, 9955, 191321, 469963, 1025611038720.0,
320, 330370, 9923, 191210, 469865, 1025694498816.0,
321, 330260, 9930, 191115, 469687, 1025789886464.0,
322, 330405, 9924, 191219, 469582, 1025540292608.0,
323, 330727, 9903, 191127, 469501, 1025237155840.0,
324, 330517, 9925, 191043, 469420, 1025125515264.0,
325, 330631, 9944, 191169, 469547, 1025210449920.0,
326, 330853, 9916, 191084, 469410, 1025113718784.0,
327, 331171, 9917, 191056, 469226, 1025223950336.0,
328, 331445, 9907, 190975, 469052, 1025284145152.0,
329, 331578, 9910, 191007, 469140, 1025291223040.0,
330, 331629, 9910, 190977, 468931, 1024943423488.0,
331, 331765, 9922, 190957, 468833, 1024966623232.0,
332, 331925, 9902, 190984, 468709, 1024846659584.0,
333, 332076, 9909, 190936, 468552, 1024694648832.0,
334, 332071, 9914, 190827, 468479, 1024629080064.0,
335, 332198, 9920, 190807, 468364, 1024665026560.0,
336, 332471, 9892, 190742, 468274, 1024666435584.0,
337, 332576, 9890, 190783, 468145, 1024531824640.0,
338, 332172, 9905, 190878, 468310, 1024161316864.0,
339, 332359, 9907, 190889, 468236, 1023908708352.0,
340, 332844, 9887, 190693, 468160, 1023747227648.0,
341, 332749, 9913, 190709, 468058, 1023920603136.0,
342, 332634, 9912, 190752, 467867, 1023640993792.0,
343, 332705, 9928, 190838, 467861, 1023319703552.0,
344, 332489, 9927, 190858, 467697, 1023259639808.0,
345, 332788, 9944, 190725, 467812, 1022908170240.0,
346, 332888, 9895, 190793, 467690, 1022945656832.0,
347, 332973, 9923, 190794, 467559, 1023056314368.0,
348, 332806, 9943, 190769, 467685, 1023121424384.0,
349, 333208, 9910, 190679, 467726, 1023021023232.0,
350, 333236, 9912, 190626, 467573, 1022896439296.0,
351, 333720, 9901, 190699, 467444, 1022839062528.0,
352, 333857, 9913, 190549, 467129, 1022801641472.0,
353, 333908, 9909, 190654, 467161, 1022575837184.0,
354, 333704, 9901, 190704, 467233, 1022478778368.0,
355, 333888, 9876, 190597, 467102, 1022316052480.0,
356, 334044, 9869, 190561, 466942, 1022168530944.0,
357, 333948, 9879, 190538, 466856, 1022104535040.0,
358, 333909, 9864, 190596, 466917, 1021998039040.0,
359, 333879, 9883, 190673, 466841, 1022013636608.0,
360, 333969, 9894, 190552, 466913, 1022064066560.0,
361, 334016, 9875, 190508, 466841, 1022062755840.0,
362, 333962, 9884, 190517, 466890, 1022037688320.0,
363, 334375, 9867, 190518, 466698, 1022087790592.0,
364, 334442, 9877, 190494, 466514, 1021943971840.0,
365, 334502, 9876, 190486, 466487, 1021996367872.0,
366, 334531, 9871, 190449, 466563, 1021974413312.0,
367, 334649, 9900, 190380, 466463, 1021767745536.0,
368, 334533, 9910, 190527, 466502, 1021837377536.0,
369, 334773, 9912, 190448, 466416, 1021844586496.0,
370, 334630, 9894, 190564, 466526, 1021998301184.0,
371, 334440, 9904, 190504, 466592, 1021894164480.0,
372, 334140, 9944, 190638, 466530, 1021761290240.0,
373, 334464, 9899, 190544, 466512, 1021847797760.0,
374, 334557, 9923, 190467, 466384, 1021808934912.0,
375, 334882, 9884, 190420, 466285, 1021706797056.0,
376, 334675, 9889, 190514, 466203, 1021478502400.0,
377, 335047, 9876, 190438, 466107, 1021366796288.0,
378, 334955, 9862, 190345, 466262, 1021524967424.0,
379, 334995, 9845, 190291, 466283, 1021220388864.0,
380, 334828, 9889, 190359, 466166, 1020856139776.0,
381, 335018, 9846, 190303, 466130, 1020965257216.0,
382, 335232, 9869, 190168, 466033, 1020718252032.0,
383, 335018, 9880, 190274, 466109, 1020674965504.0,
384, 335220, 9860, 190299, 465943, 1021039869952.0,
385, 335672, 9856, 190271, 465846, 1021139189760.0,
386, 335766, 9831, 189987, 465752, 1020794994688.0,
387, 335741, 9823, 190085, 465629, 1020416655360.0,
388, 335587, 9846, 190126, 465515, 1020441919488.0,
389, 335999, 9845, 190087, 465456, 1020193341440.0,
390, 336130, 9865, 190019, 465434, 1019894530048.0,
391, 335901, 9865, 190041, 465362, 1019906949120.0,
392, 336138, 9865, 190058, 465346, 1019715420160.0,
393, 335821, 9874, 190067, 465456, 1019449278464.0,
394, 335929, 9867, 190013, 465459, 1019310538752.0,
395, 336071, 9880, 190087, 465408, 1019372765184.0,
396, 335825, 9883, 190153, 465552, 1019602337792.0,
397, 335664, 9891, 190080, 465476, 1019391737856.0,
398, 335954, 9904, 190098, 465514, 1019543060480.0,
399, 336257, 9888, 190211, 465238, 1019473559552.0,
400, 336085, 9853, 190135, 465314, 1019496923136.0,
401, 336294, 9874, 190187, 465138, 1019583496192.0,
402, 336384, 9877, 190041, 464997, 1019658076160.0,
403, 336615, 9856, 189990, 464866, 1019619803136.0,
404, 336351, 9886, 189973, 465240, 1019407204352.0,
405, 336434, 9890, 189976, 465069, 1019284291584.0,
406, 336478, 9891, 189979, 464858, 1019052064768.0,
407, 336632, 9875, 189980, 464884, 1018997374976.0,
408, 336580, 9891, 189870, 464943, 1018721763328.0,
409, 336612, 9886, 189924, 464803, 1018620280832.0,
410, 336643, 9855, 189949, 464707, 1018391429120.0,
411, 337007, 9870, 190103, 464689, 1018393395200.0,
412, 337081, 9857, 190009, 464563, 1018560806912.0,
413, 336752, 9861, 189956, 464563, 1018392215552.0,
414, 336774, 9858, 190133, 464719, 1018617233408.0,
415, 336846, 9863, 190041, 464634, 1018611892224.0,
416, 336700, 9866, 189933, 464716, 1018460078080.0,
417, 336572, 9892, 189890, 464634, 1018622410752.0,
418, 337101, 9862, 189909, 464540, 1018610450432.0,
419, 336760, 9837, 189869, 464591, 1018543210496.0,
420, 336891, 9862, 189870, 464589, 1018685784064.0,
421, 336936, 9840, 189804, 464435, 1018859683840.0,
422, 337099, 9848, 189856, 464384, 1018646626304.0,
423, 337270, 9833, 189817, 464343, 1018384220160.0,
424, 337140, 9886, 189799, 464435, 1018458800128.0,
425, 337313, 9858, 189785, 464466, 1018460405760.0,
426, 337393, 9844, 189678, 464346, 1018356367360.0,
427, 337398, 9843, 189701, 464496, 1018263928832.0,
428, 337461, 9856, 189770, 464414, 1018357907456.0,
429, 337631, 9875, 189720, 464317, 1018160840704.0,
430, 337583, 9853, 189741, 464226, 1018041794560.0,
431, 337360, 9878, 189788, 464339, 1018121584640.0,
432, 337242, 9874, 189787, 464297, 1017976160256.0,
433, 337510, 9859, 189865, 464272, 1017816743936.0,
434, 337648, 9855, 189747, 464311, 1017630130176.0,
435, 337818, 9846, 189650, 464142, 1017619251200.0,
436, 338012, 9843, 189681, 463929, 1017674432512.0,
437, 337988, 9857, 189718, 463953, 1017880444928.0,
438, 338044, 9848, 189680, 463897, 1017891454976.0,
439, 338357, 9848, 189617, 463783, 1017653067776.0,
440, 338201, 9825, 189650, 463807, 1017560498176.0,
441, 337858, 9858, 189737, 463902, 1017346129920.0,
442, 337798, 9863, 189738, 463891, 1017004654592.0,
443, 338002, 9887, 189755, 463928, 1016857624576.0,
444, 337980, 9854, 189759, 463841, 1016800935936.0,
445, 338333, 9851, 189651, 463705, 1016922963968.0,
446, 337988, 9869, 189713, 463850, 1016794284032.0,
447, 338234, 9828, 189599, 463661, 1016996921344.0,
448, 337871, 9844, 189635, 463850, 1017165053952.0,
449, 338025, 9887, 189559, 463652, 1017366511616.0,
450, 338413, 9841, 189495, 463549, 1017330860032.0,
451, 338288, 9837, 189490, 463599, 1017282396160.0,
452, 338325, 9836, 189442, 463730, 1017254641664.0,
453, 338309, 9837, 189475, 463581, 1017146114048.0,
454, 338367, 9819, 189387, 463796, 1017044467712.0,
455, 338230, 9840, 189478, 463692, 1016785403904.0,
456, 338363, 9838, 189480, 463576, 1016703778816.0,
457, 338857, 9827, 189409, 463464, 1016457527296.0,
458, 338746, 9819, 189332, 463714, 1016324390912.0,
459, 338735, 9854, 189487, 463560, 1016273666048.0,
460, 338235, 9861, 189634, 463681, 1016223006720.0,
461, 338468, 9850, 189669, 463463, 1016286609408.0,
462, 338646, 9877, 189563, 463308, 1016153440256.0,
463, 338469, 9857, 189495, 463471, 1016056414208.0,
464, 338699, 9879, 189420, 463425, 1016011030528.0,
465, 338609, 9870, 189297, 463417, 1016158519296.0,
466, 338975, 9866, 189259, 463127, 1016067293184.0,
467, 338627, 9875, 189336, 463291, 1015787913216.0,
468, 338912, 9868, 189437, 463165, 1015558569984.0,
469, 338746, 9814, 189429, 463306, 1015577182208.0,
470, 338885, 9828, 189396, 463191, 1015433822208.0,
471, 339046, 9826, 189437, 463232, 1015514562560.0,
472, 339235, 9838, 189323, 463051, 1015585603584.0,
473, 338977, 9836, 189431, 463222, 1015672700928.0,
474, 338927, 9842, 189422, 463303, 1015663394816.0,
475, 338784, 9832, 189429, 463272, 1015553228800.0,
476, 339031, 9854, 189425, 463120, 1015674798080.0,
477, 339087, 9871, 189303, 463195, 1015503585280.0,
478, 338993, 9830, 189413, 463092, 1015350591488.0,
479, 339222, 9844, 189351, 463031, 1015444537344.0,
480, 338851, 9825, 189459, 463026, 1014989422592.0,
481, 339080, 9856, 189520, 462970, 1015102636032.0,
482, 339235, 9835, 189389, 462959, 1015154180096.0,
483, 339349, 9860, 189455, 462933, 1015198318592.0,
484, 339018, 9833, 189578, 463068, 1015355113472.0,
485, 339030, 9846, 189456, 463078, 1015649107968.0,
486, 339025, 9813, 189366, 463080, 1015504535552.0,
487, 339279, 9806, 189210, 463085, 1015519707136.0,
488, 339069, 9831, 189185, 463077, 1015477731328.0,
489, 339174, 9827, 189320, 463084, 1015539040256.0,
490, 339173, 9853, 189390, 463016, 1015209951232.0,
491, 339229, 9832, 189410, 463082, 1015112171520.0,
492, 339410, 9832, 189316, 463029, 1015123378176.0,
493, 339789, 9811, 189233, 462904, 1015243014144.0,
494, 339753, 9821, 189144, 462568, 1015102439424.0,
495, 339791, 9840, 189147, 462672, 1015049158656.0,
496, 339860, 9860, 189124, 462602, 1014742351872.0,
497, 339911, 9820, 189188, 462617, 1014659547136.0,
498, 339790, 9870, 189156, 462608, 1014819782656.0,
499, 339405, 9855, 189271, 462619, 1014183886848.0,
500, 339418, 9853, 189248, 462606, 1014376824832.0,
501, 339478, 9840, 189288, 462653, 1014703915008.0,
502, 339734, 9809, 189285, 462585, 1014576742400.0,
503, 339645, 9794, 189072, 462617, 1014524608512.0,
504, 339587, 9804, 189170, 462649, 1014637789184.0,
505, 339582, 9810, 189211, 462455, 1014416408576.0,
506, 340070, 9819, 189035, 462427, 1014301229056.0,
507, 339812, 9817, 189118, 462461, 1014261940224.0,
508, 339645, 9847, 189227, 462480, 1014321381376.0,
509, 339674, 9876, 189281, 462658, 1014575955968.0,
510, 339501, 9860, 189281, 462539, 1014645391360.0,
511, 339692, 9831, 189193, 462578, 1014768730112.0,
512, 339559, 9849, 189264, 462549, 1014792552448.0,
513, 339801, 9815, 189298, 462412, 1014733438976.0,
514, 339428, 9827, 189358, 462566, 1014874832896.0,
515, 339454, 9846, 189384, 462742, 1014963372032.0,
516, 339752, 9810, 189190, 462567, 1014967861248.0,
517, 339714, 9825, 189201, 462419, 1015004037120.0,
518, 339729, 9825, 189098, 462514, 1015081205760.0,
519, 339885, 9796, 189105, 462503, 1014880501760.0,
520, 340126, 9819, 189069, 462296, 1014674063360.0,
521, 340236, 9822, 189111, 462334, 1014521135104.0,
522, 340286, 9831, 189017, 462254, 1014399139840.0,
523, 340147, 9824, 189151, 462303, 1014188179456.0,
524, 340496, 9809, 189202, 462189, 1014146072576.0,
525, 340460, 9838, 189213, 462074, 1014162849792.0,
526, 340397, 9821, 189194, 462253, 1013976727552.0,
527, 340538, 9837, 189153, 462177, 1013957722112.0,
528, 340225, 9813, 189118, 462285, 1013949726720.0,
529, 340275, 9794, 189132, 462243, 1014151446528.0,
530, 340433, 9795, 188945, 461982, 1013961326592.0,
531, 340417, 9817, 188933, 462144, 1013780152320.0,
532, 340417, 9823, 188868, 462068, 1013681946624.0,
533, 340348, 9801, 188956, 462099, 1013652848640.0,
534, 340530, 9788, 189053, 462151, 1013583904768.0,
535, 340461, 9788, 189047, 462150, 1013482651648.0,
536, 340668, 9772, 188953, 462071, 1013670019072.0,
537, 340973, 9771, 189026, 461674, 1013511290880.0,
538, 340587, 9797, 188950, 461937, 1013461516288.0,
539, 340626, 9801, 188999, 461985, 1013503197184.0,
540, 340529, 9832, 188965, 462039, 1013549334528.0,
541, 340629, 9836, 188868, 462004, 1013562998784.0,
542, 340616, 9824, 189004, 461842, 1013573713920.0,
543, 340537, 9869, 188977, 461849, 1013452374016.0,
544, 340757, 9850, 188943, 461809, 1013524725760.0,
545, 340619, 9838, 188892, 461959, 1013581053952.0,
546, 340604, 9841, 189031, 461902, 1013460893696.0,
547, 340506, 9848, 188980, 461971, 1013446737920.0,
548, 340725, 9833, 188941, 462039, 1013531279360.0,
549, 340795, 9815, 188902, 461969, 1013197111296.0,
550, 340684, 9817, 188958, 461949, 1013144748032.0,
551, 340806, 9784, 188946, 461919, 1013037301760.0,
552, 340890, 9823, 189000, 461922, 1013002633216.0,
553, 340923, 9806, 188938, 461826, 1012995424256.0,
554, 340803, 9847, 189006, 461782, 1012930904064.0,
555, 340749, 9820, 188981, 461755, 1012950827008.0,
556, 340767, 9832, 188984, 461798, 1012741767168.0,
557, 340580, 9837, 188963, 461848, 1012960264192.0,
558, 340830, 9778, 188882, 461696, 1012756774912.0,
559, 340801, 9808, 188883, 461839, 1012757626880.0,
560, 340650, 9824, 188971, 461886, 1012907704320.0,
561, 340762, 9817, 188957, 461922, 1013126266880.0,
562, 340888, 9794, 188937, 461739, 1013426192384.0,
563, 341178, 9782, 188876, 461716, 1013273591808.0,
564, 340767, 9811, 188954, 461815, 1013118959616.0,
565, 341081, 9791, 188842, 461695, 1012990705664.0,
566, 341153, 9774, 188907, 461542, 1012805664768.0,
567, 340894, 9809, 188976, 461809, 1012753498112.0,
568, 341023, 9784, 188921, 461791, 1012885028864.0,
569, 341298, 9808, 188761, 461498, 1012874575872.0,
570, 341182, 9776, 188755, 461597, 1013044248576.0,
571, 341207, 9813, 188753, 461541, 1012956856320.0,
572, 341306, 9800, 188705, 461612, 1012878475264.0,
573, 341148, 9791, 188713, 461521, 1012868907008.0,
574, 341155, 9823, 188736, 461421, 1012758315008.0,
575, 341142, 9828, 188821, 461562, 1012504526848.0,
576, 341108, 9813, 188805, 461568, 1012387479552.0,
577, 341438, 9805, 188721, 461395, 1012278362112.0,
578, 341361, 9793, 188809, 461381, 1012117143552.0,
579, 341453, 9821, 188823, 461414, 1012352483328.0,
580, 341440, 9803, 188797, 461355, 1012179206144.0,
581, 341686, 9791, 188723, 461221, 1012019789824.0,
582, 341471, 9791, 188777, 461461, 1011830816768.0,
583, 341525, 9799, 188737, 461232, 1011955466240.0,
584, 341698, 9806, 188740, 461229, 1012121141248.0,
585, 341592, 9785, 188858, 461184, 1012025753600.0,
586, 341594, 9830, 188846, 461171, 1012167835648.0,
587, 341812, 9775, 188809, 461070, 1012217020416.0,
588, 341845, 9772, 188793, 461087, 1012134871040.0,
589, 341724, 9799, 188679, 461202, 1012389249024.0,
590, 341789, 9800, 188785, 461146, 1012350255104.0,
591, 341723, 9815, 188668, 461085, 1012381614080.0,
592, 341723, 9822, 188714, 461134, 1012469563392.0,
593, 341988, 9776, 188593, 461027, 1012335935488.0,
594, 342133, 9761, 188496, 460966, 1012256374784.0,
595, 342300, 9790, 188585, 460850, 1012007075840.0,
596, 341932, 9766, 188498, 460973, 1011825541120.0,
597, 342248, 9806, 188474, 460987, 1011790053376.0,
598, 341847, 9802, 188487, 460954, 1011656425472.0,
599, 342230, 9799, 188496, 460906, 1011968442368.0,
600, 342356, 9799, 188456, 460837, 1011756040192.0,
601, 342296, 9798, 188406, 460856, 1011579420672.0,
602, 342300, 9807, 188399, 460841, 1011515162624.0,
603, 341999, 9807, 188589, 460947, 1011371474944.0,
604, 342163, 9826, 188502, 460832, 1011114246144.0,
605, 342128, 9787, 188662, 460964, 1011305119744.0,
606, 342049, 9781, 188579, 460741, 1011158745088.0,
607, 342228, 9784, 188505, 460619, 1011036782592.0,
608, 342170, 9824, 188703, 460630, 1010966953984.0,
609, 342165, 9796, 188686, 460614, 1011141967872.0,
610, 342421, 9794, 188681, 460530, 1011216220160.0,
611, 342314, 9815, 188668, 460504, 1011482591232.0,
612, 342358, 9768, 188482, 460440, 1011381600256.0,
613, 342202, 9805, 188477, 460526, 1011184730112.0,
614, 342080, 9800, 188643, 460785, 1011218972672.0,
615, 342303, 9828, 188672, 460703, 1011268157440.0,
616, 341905, 9839, 188624, 460777, 1011454771200.0,
617, 342074, 9785, 188682, 460599, 1011718881280.0,
618, 342037, 9814, 188815, 460692, 1011671957504.0,
619, 341964, 9806, 188800, 460743, 1011505102848.0,
620, 342111, 9781, 188717, 460683, 1011606913024.0,
621, 342152, 9778, 188601, 460643, 1011300040704.0,
622, 342316, 9777, 188616, 460751, 1011471646720.0,
623, 342477, 9748, 188613, 460517, 1011523125248.0,
624, 342587, 9771, 188550, 460520, 1011285262336.0,
625, 342375, 9784, 188622, 460638, 1011198263296.0,
626, 342412, 9799, 188637, 460628, 1011359645696.0,
627, 342404, 9787, 188620, 460647, 1011081805824.0,
628, 342440, 9813, 188600, 460669, 1010997624832.0,
629, 342356, 9813, 188642, 460688, 1011257278464.0,
630, 342480, 9793, 188508, 460711, 1011003293696.0,
631, 342562, 9782, 188454, 460830, 1010914525184.0,
632, 342432, 9788, 188534, 460621, 1011149996032.0,
633, 342477, 9780, 188565, 460647, 1011167133696.0,
634, 342438, 9796, 188641, 460970, 1011153895424.0,
635, 342451, 9803, 188615, 460668, 1011108610048.0,
636, 342584, 9782, 188603, 460641, 1011112050688.0,
637, 342157, 9766, 188607, 460816, 1010974031872.0,
638, 342080, 9778, 188599, 460781, 1010976194560.0,
639, 342157, 9788, 188542, 460743, 1011010273280.0,
640, 342218, 9773, 188548, 460624, 1011122864128.0,
641, 342450, 9778, 188515, 460842, 1011248300032.0,
642, 342640, 9766, 188557, 460638, 1011232276480.0,
643, 342832, 9786, 188557, 460690, 1011218677760.0,
644, 342610, 9788, 188611, 460636, 1010953781248.0,
645, 342695, 9782, 188532, 460552, 1010776866816.0,
646, 342605, 9786, 188507, 460478, 1010827886592.0,
647, 342600, 9790, 188507, 460522, 1010883592192.0,
648, 342580, 9792, 188478, 460477, 1010923438080.0,
649, 342669, 9810, 188445, 460440, 1010627870720.0,
650, 342740, 9794, 188465, 460451, 1010363531264.0,
651, 342620, 9809, 188435, 460435, 1010388172800.0,
652, 342990, 9790, 188478, 460308, 1010371952640.0,
653, 342781, 9806, 188547, 460239, 1010205982720.0,
654, 342926, 9794, 188504, 460184, 1010325422080.0,
655, 343054, 9766, 188440, 460143, 1010606211072.0,
656, 342910, 9782, 188545, 460219, 1010619318272.0,
657, 343050, 9772, 188533, 460408, 1010773065728.0,
658, 342926, 9767, 188455, 460258, 1010702221312.0,
659, 343118, 9762, 188322, 460193, 1010493423616.0,
660, 343152, 9768, 188306, 460237, 1010735808512.0,
661, 343080, 9764, 188341, 460200, 1010619613184.0,
662, 342852, 9804, 188446, 460339, 1010445516800.0,
663, 342770, 9799, 188464, 460255, 1010370772992.0,
664, 342835, 9779, 188563, 460246, 1010530222080.0,
665, 342620, 9754, 188376, 460229, 1010434932736.0,
666, 342752, 9764, 188445, 460277, 1010513018880.0,
667, 342789, 9797, 188479, 460241, 1010686001152.0,
668, 342959, 9776, 188365, 460229, 1010775916544.0,
669, 342932, 9775, 188420, 460138, 1010572951552.0,
670, 343236, 9766, 188338, 460100, 1010508496896.0,
671, 342986, 9777, 188342, 460190, 1010495160320.0,
672, 343417, 9769, 188290, 460016, 1010414026752.0,
673, 343138, 9798, 188402, 460284, 1010411601920.0,
674, 343260, 9782, 188342, 460128, 1010367758336.0,
675, 343224, 9782, 188418, 460251, 1010287968256.0,
676, 343037, 9768, 188511, 460212, 1010423857152.0,
677, 343058, 9787, 188390, 460244, 1010421563392.0,
678, 343100, 9805, 188369, 460274, 1010360778752.0,
679, 342878, 9786, 188322, 460363, 1010336432128.0,
680, 342925, 9802, 188344, 460387, 1010372870144.0,
681, 343108, 9797, 188255, 460249, 1010075402240.0,
682, 343074, 9765, 188253, 460261, 1009882234880.0,
683, 343212, 9764, 188237, 460365, 1009669701632.0,
684, 343003, 9771, 188131, 460343, 1009618092032.0,
685, 343174, 9778, 188215, 460176, 1009545412608.0,
686, 343456, 9799, 188232, 460131, 1009658331136.0,
687, 343424, 9754, 188191, 460111, 1009594236928.0,
688, 343255, 9750, 188227, 459986, 1009393074176.0,
689, 343405, 9753, 188174, 460079, 1009294147584.0,
690, 343280, 9766, 188259, 460157, 1009154555904.0,
691, 343319, 9783, 188365, 460034, 1009062248448.0,
692, 343226, 9795, 188356, 460079, 1009267343360.0,
693, 343194, 9791, 188430, 459976, 1009468375040.0,
694, 342988, 9791, 188423, 460218, 1009643487232.0,
695, 343202, 9785, 188333, 460053, 1009549377536.0,
696, 343447, 9763, 188267, 459912, 1009522278400.0,
697, 343553, 9774, 188221, 459840, 1009599021056.0,
698, 343480, 9782, 188293, 459780, 1009563238400.0,
699, 343515, 9785, 188377, 459880, 1009449598976.0,
700, 343171, 9773, 188328, 459959, 1009500717056.0,
701, 343316, 9753, 188218, 460024, 1009506549760.0,
702, 343363, 9787, 188224, 459934, 1009402839040.0,
703, 343295, 9770, 188250, 459895, 1009323769856.0,
704, 343454, 9781, 188215, 459827, 1009327833088.0,
705, 343473, 9828, 188154, 459921, 1009243521024.0,
706, 343667, 9782, 188065, 459872, 1009301979136.0,
707, 343642, 9785, 188138, 460011, 1009272061952.0,
708, 343768, 9764, 188241, 459816, 1009142562816.0,
709, 344057, 9777, 188265, 459579, 1009292902400.0,
710, 343958, 9751, 188123, 459528, 1009153605632.0,
711, 343424, 9776, 188317, 459761, 1009024958464.0,
712, 343514, 9773, 188223, 459881, 1009033773056.0,
713, 343766, 9776, 188134, 459635, 1009013358592.0,
714, 343779, 9783, 188113, 459783, 1008974954496.0,
715, 343677, 9763, 188194, 459584, 1009044029440.0,
716, 343708, 9767, 188230, 459485, 1008976691200.0,
717, 343744, 9769, 188191, 459722, 1009007296512.0,
718, 343803, 9779, 188223, 459648, 1009114972160.0,
719, 343753, 9780, 188339, 459518, 1009284448256.0,
