0, 1001365, 0, 0, 0, 0.0,
1, 991352, 10011, 2, 0, 0.0,
2, 956, 990227, 10181, 0, 5356946176.0,
3, 0, 983762, 17599, 0, 11520744960.0,
4, 0, 943554, 57810, 0, 28650194944.0,
5, 0, 850595, 150769, 1, 79707779072.0,
6, 1, 712486, 288865, 11, 188713222144.0,
7, 0, 555485, 445821, 49, 367311486976.0,
8, 34, 405974, 595180, 165, 611162685440.0,
9, 1, 280616, 720250, 471, 904456634368.0,
10, 3, 185130, 814948, 1219, 1227181785088.0,
11, 6, 117920, 880548, 2895, 1560892211200.0,
12, 14, 73950, 921119, 6288, 1887701696512.0,
13, 27, 47903, 940989, 12434, 2203933868032.0,
14, 45, 35510, 943478, 22324, 2485220540416.0,
15, 73, 33911, 930724, 36648, 2736716251136.0,
16, 114, 41398, 904524, 55328, 2943764398080.0,
17, 164, 56802, 866827, 77570, 3143861403648.0,
18, 211, 79008, 820426, 101699, 3274620796928.0,
19, 259, 106674, 768839, 125563, 3390567088128.0,
20, 305, 138039, 716090, 146905, 3424881737728.0,
21, 341, 170718, 666580, 163709, 3444920549376.0,
22, 364, 202346, 623985, 174683, 3445059092480.0,
23, 371, 230734, 591138, 179080, 3429854740480.0,
24, 367, 253875, 569975, 177078, 3408920313856.0,
25, 358, 270161, 561172, 169588, 3381995110400.0,
26, 328, 279154, 564193, 157693, 3347076874240.0,
27, 299, 280648, 577515, 142801, 3313072078848.0,
28, 262, 275372, 599448, 126369, 3292830498816.0,
29, 229, 264099, 627408, 109650, 3292381839360.0,
30, 194, 248203, 659385, 93578, 3313517723648.0,
31, 164, 229169, 693123, 78898, 3351818272768.0,
32, 137, 208198, 726880, 66165, 3393641512960.0,
33, 117, 186553, 759120, 55607, 3433446899712.0,
34, 96, 165377, 788709, 47198, 3504760946688.0,
35, 85, 145456, 814917, 40929, 3610594902016.0,
36, 76, 127494, 837207, 36596, 3675838611456.0,
37, 72, 111760, 855553, 33988, 3745656340480.0,
38, 69, 98542, 869891, 32889, 3869525803008.0,
39, 68, 87919, 880361, 33012, 3935425134592.0,
40, 70, 79737, 887402, 34179, 3990366191616.0,
41, 73, 73873, 891218, 36172, 4105498787840.0,
42, 80, 70183, 892337, 38765, 4179778994176.0,
43, 86, 68450, 890976, 41863, 4208579706880.0,
44, 94, 68431, 887525, 45275, 4246907650048.0,
45, 102, 69781, 882548, 48919, 4317182296064.0,
46, 110, 72407, 876276, 52565, 4385108787200.0,
47, 119, 75923, 869015, 56268, 4420983062528.0,
48, 121, 80263, 861089, 59891, 4439292510208.0,
49, 131, 85104, 852773, 63355, 4449163542528.0,
50, 138, 90286, 844351, 66601, 4454631866368.0,
51, 145, 95681, 835852, 69661, 4457237053440.0,
52, 148, 101175, 827649, 72375, 4457510993920.0,
53, 156, 106601, 819811, 74809, 4455590526976.0,
54, 162, 111881, 812400, 76889, 4451617210368.0,
55, 164, 116867, 805600, 78685, 4445824352256.0,
56, 167, 121459, 799495, 80144, 4437665906688.0,
57, 171, 125745, 794126, 81293, 4426482057216.0,
58, 169, 129641, 789472, 82116, 4411522547712.0,
59, 172, 133030, 785514, 82678, 4392066875392.0,
60, 172, 136002, 782285, 82860, 4367927214080.0,
61, 174, 138528, 779800, 82862, 4341385396224.0,
62, 170, 140440, 778062, 82668, 4314790887424.0,
63, 172, 142039, 776941, 82294, 4290744942592.0,
64, 170, 143076, 776450, 81695, 4270517125120.0,
65, 169, 143709, 776515, 81012, 4254760435712.0,
66, 167, 143925, 777079, 80191, 4242745327616.0,
67, 167, 143814, 777957, 79400, 4233873588224.0,
68, 161, 143490, 779275, 78466, 4227335192576.0,
69, 160, 142768, 780801, 77625, 4222520786944.0,
70, 157, 141954, 782474, 76776, 4219103215616.0,
71, 159, 140965, 784364, 75845, 4216789663744.0,
72, 154, 139820, 786407, 74994, 4215393746944.0,
73, 154, 138506, 788468, 74197, 4214704963584.0,
74, 150, 137236, 790537, 73420, 4214771548160.0,
75, 152, 135847, 792603, 72738, 4215488905216.0,
76, 151, 134399, 794669, 72065, 4216922046464.0,
77, 148, 133053, 796554, 71596, 4218864009216.0,
78, 148, 131774, 798400, 71118, 4221273374720.0,
79, 145, 130506, 800020, 70732, 4224202047488.0,
80, 148, 129373, 801455, 70429, 4227575447552.0,
81, 148, 128215, 802855, 70161, 4231328825344.0,
82, 148, 127290, 803944, 69981, 4235672551424.0,
83, 147, 126424, 804922, 69831, 4240348938240.0,
84, 147, 125665, 805746, 69770, 4245334523904.0,
85, 144, 124981, 806421, 69748, 4250572685312.0,
86, 146, 124445, 806923, 69790, 4255892111360.0,
87, 147, 124020, 807283, 69888, 4261290442752.0,
88, 146, 123665, 807573, 69981, 4266587062272.0,
89, 147, 123431, 807636, 70129, 4271908454400.0,
90, 144, 123309, 807614, 70295, 4276993130496.0,
91, 146, 123222, 807520, 70474, 4281698877440.0,
92, 147, 123213, 807393, 70633, 4285819912192.0,
93, 148, 123292, 807167, 70772, 4289395818496.0,
94, 146, 123443, 806796, 71014, 4292584931328.0,
95, 150, 123611, 806430, 71203, 4295114620928.0,
96, 148, 123836, 806021, 71403, 4297138634752.0,
97, 149, 124106, 805526, 71575, 4298514366464.0,
98, 150, 124391, 805113, 71728, 4299508154368.0,
99, 148, 124627, 804704, 71866, 4300044632064.0,
100, 150, 124963, 804251, 72029, 4300118294528.0,
101, 146, 125233, 803803, 72147, 4299699126272.0,
102, 151, 125472, 803461, 72267, 4299094097920.0,
103, 151, 125769, 803036, 72398, 4298094673920.0,
104, 150, 126041, 802710, 72468, 4297099968512.0,
105, 149, 126366, 802337, 72557, 4295663943680.0,
106, 152, 126626, 802003, 72644, 4294266847232.0,
107, 149, 126872, 801699, 72688, 4292735926272.0,
108, 149, 127055, 801430, 72724, 4291167780864.0,
109, 153, 127290, 801181, 72753, 4289497399296.0,
110, 149, 127387, 801082, 72720, 4287946817536.0,
111, 152, 127570, 800948, 72788, 4286261362688.0,
112, 155, 127652, 800799, 72749, 4284886417408.0,
113, 154, 127816, 800630, 72779, 4283523661824.0,
114, 152, 127921, 800516, 72762, 4282149502976.0,
115, 149, 127989, 800516, 72774, 4280785567744.0,
116, 149, 128075, 800425, 72689, 4279569219584.0,
117, 153, 128080, 800379, 72719, 4278331375616.0,
118, 152, 128150, 800367, 72722, 4277237579776.0,
119, 150, 128157, 800398, 72658, 4276376698880.0,
120, 151, 128141, 800400, 72625, 4275628146688.0,
121, 152, 128157, 800464, 72560, 4275003457536.0,
122, 151, 128116, 800480, 72591, 4274387943424.0,
123, 151, 128119, 800538, 72568, 4273875320832.0,
124, 152, 128111, 800616, 72511, 4273537941504.0,
125, 152, 128043, 800720, 72470, 4273153114112.0,
126, 153, 127981, 800773, 72490, 4272920068096.0,
127, 150, 127948, 800859, 72432, 4272663691264.0,
128, 148, 127865, 800930, 72464, 4272577445888.0,
129, 149, 127788, 801067, 72369, 4272724639744.0,
130, 148, 127734, 801122, 72380, 4272753082368.0,
131, 152, 127647, 801139, 72383, 4272757538816.0,
132, 151, 127658, 801263, 72301, 4272914825216.0,
133, 149, 127623, 801269, 72281, 4273189683200.0,
134, 152, 127594, 801337, 72239, 4273332420608.0,
135, 151, 127512, 801416, 72270, 4273494556672.0,
136, 152, 127471, 801465, 72260, 4273782259712.0,
137, 149, 127403, 801519, 72278, 4274097094656.0,
138, 150, 127368, 801580, 72211, 4274364088320.0,
139, 152, 127383, 801647, 72223, 4274783911936.0,
140, 150, 127340, 801701, 72213, 4275062177792.0,
141, 151, 127283, 801739, 72199, 4275445694464.0,
142, 151, 127231, 801756, 72197, 4275630243840.0,
143, 151, 127265, 801700, 72218, 4275892256768.0,
144, 150, 127237, 801792, 72191, 4276119666688.0,
145, 152, 127262, 801806, 72218, 4276356513792.0,
146, 151, 127242, 801781, 72255, 4276552335360.0,
147, 151, 127245, 801775, 72237, 4276707786752.0,
148, 149, 127248, 801753, 72218, 4276888666112.0,
149, 147, 127240, 801723, 72254, 4277117255680.0,
150, 151, 127227, 801813, 72250, 4277200486400.0,
151, 152, 127189, 801858, 72206, 4277313601536.0,
152, 149, 127179, 801908, 72164, 4277579808768.0,
153, 149, 127141, 801817, 72239, 4277762392064.0,
154, 152, 127151, 801748, 72272, 4277882978304.0,
155, 152, 127177, 801723, 72300, 4277943271424.0,
156, 150, 127148, 801724, 72282, 4277816131584.0,
157, 149, 127194, 801728, 72260, 4277907881984.0,
158, 150, 127174, 801797, 72303, 4277948776448.0,
159, 151, 127136, 801711, 72327, 4277985345536.0,
160, 152, 127178, 801748, 72333, 4278057566208.0,
161, 150, 127196, 801719, 72312, 4278050357248.0,
162, 148, 127200, 801661, 72332, 4278167404544.0,
163, 152, 127195, 801613, 72380, 4278097543168.0,
164, 149, 127256, 801589, 72337, 4278137389056.0,
165, 146, 127361, 801575, 72310, 4278095183872.0,
166, 149, 127280, 801628, 72314, 4277879046144.0,
167, 148, 127335, 801587, 72317, 4277691088896.0,
168, 152, 127382, 801525, 72257, 4277703278592.0,
169, 151, 127366, 801580, 72262, 4277717696512.0,
170, 150, 127382, 801584, 72285, 4277665792000.0,
171, 150, 127346, 801537, 72228, 4277522268160.0,
172, 152, 127340, 801552, 72258, 4277551890432.0,
173, 154, 127320, 801586, 72288, 4277436678144.0,
174, 150, 127327, 801623, 72269, 4277459746816.0,
175, 151, 127306, 801547, 72308, 4277436678144.0,
176, 147, 127358, 801511, 72306, 4277454897152.0,
177, 150, 127319, 801583, 72297, 4277377695744.0,
178, 152, 127306, 801574, 72329, 4277310324736.0,
179, 150, 127314, 801564, 72333, 4277201272832.0,
180, 152, 127325, 801588, 72315, 4277144649728.0,
181, 153, 127257, 801570, 72358, 4277047525376.0,
182, 151, 127317, 801567, 72308, 4277031534592.0,
183, 150, 127347, 801566, 72300, 4277031272448.0,
184, 150, 127336, 801580, 72297, 4277011873792.0,
185, 148, 127371, 801522, 72315, 4277045428224.0,
186, 150, 127332, 801565, 72296, 4277060108288.0,
187, 153, 127287, 801634, 72301, 4277063909376.0,
188, 153, 127323, 801604, 72307, 4277044641792.0,
189, 150, 127316, 801577, 72331, 4277106114560.0,
190, 148, 127354, 801605, 72288, 4277131673600.0,
191, 151, 127318, 801541, 72335, 4277241643008.0,
192, 150, 127339, 801589, 72327, 4277099560960.0,
193, 151, 127286, 801566, 72366, 4276970192896.0,
194, 152, 127335, 801533, 72343, 4276953808896.0,
195, 148, 127340, 801559, 72352, 4277075836928.0,
196, 153, 127349, 801543, 72324, 4277030354944.0,
197, 150, 127360, 801530, 72336, 4277128921088.0,
198, 153, 127323, 801561, 72329, 4277173878784.0,
199, 149, 127367, 801598, 72268, 4277231288320.0,
200, 151, 127270, 801560, 72303, 4277317926912.0,
201, 150, 127345, 801553, 72301, 4277353971712.0,
202, 148, 127343, 801587, 72314, 4277337587712.0,
203, 151, 127332, 801652, 72355, 4277320679424.0,
204, 151, 127358, 801584, 72283, 4277171257344.0,
205, 151, 127385, 801536, 72287, 4277167587328.0,
206, 154, 127338, 801576, 72307, 4277074132992.0,
207, 152, 127372, 801571, 72261, 4276971110400.0,
208, 155, 127333, 801610, 72260, 4277166276608.0,
209, 152, 127283, 801554, 72331, 4277188820992.0,
210, 150, 127344, 801549, 72352, 4277123284992.0,
211, 151, 127316, 801460, 72389, 4276972421120.0,
212, 151, 127334, 801508, 72345, 4276948434944.0,
213, 147, 127401, 801532, 72317, 4276894302208.0,
214, 153, 127351, 801559, 72254, 4276802420736.0,
215, 152, 127363, 801573, 72278, 4276813561856.0,
216, 151, 127310, 801628, 72286, 4276764540928.0,
217, 152, 127307, 801640, 72311, 4276909506560.0,
218, 151, 127327, 801629, 72282, 4277134426112.0,
219, 151, 127344, 801531, 72325, 4277315567616.0,
220, 150, 127312, 801605, 72349, 4277295644672.0,
221, 150, 127331, 801543, 72276, 4277352660992.0,
222, 152, 127298, 801613, 72361, 4277221588992.0,
223, 150, 127312, 801629, 72288, 4277182005248.0,
224, 148, 127302, 801704, 72301, 4277187641344.0,
225, 149, 127259, 801658, 72276, 4277176631296.0,
226, 153, 127287, 801611, 72305, 4277124202496.0,
227, 150, 127292, 801605, 72302, 4277170733056.0,
228, 150, 127312, 801642, 72283, 4277346762752.0,
229, 153, 127305, 801611, 72288, 4277005320192.0,
230, 150, 127287, 801589, 72301, 4277047394304.0,
231, 150, 127289, 801619, 72307, 4277239283712.0,
232, 152, 127273, 801713, 72281, 4277161689088.0,
233, 148, 127289, 801658, 72294, 4277303115776.0,
234, 150, 127282, 801646, 72320, 4277455159296.0,
235, 152, 127244, 801658, 72342, 4277337718784.0,
236, 151, 127318, 801586, 72322, 4277275328512.0,
237, 150, 127326, 801622, 72314, 4277242953728.0,
238, 149, 127316, 801627, 72303, 4277148188672.0,
239, 149, 127347, 801543, 72331, 4277283192832.0,
240, 153, 127378, 801544, 72315, 4277372190720.0,
241, 149, 127336, 801585, 72300, 4277363408896.0,
242, 152, 127364, 801589, 72257, 4277185806336.0,
243, 149, 127345, 801640, 72280, 4277317664768.0,
244, 152, 127392, 801561, 72286, 4277145042944.0,
245, 149, 127348, 801567, 72292, 4277207957504.0,
246, 148, 127347, 801593, 72266, 4277147271168.0,
247, 152, 127293, 801605, 72287, 4277336932352.0,
248, 152, 127296, 801588, 72369, 4277283454976.0,
249, 153, 127317, 801559, 72332, 4277396045824.0,
250, 149, 127343, 801599, 72302, 4277402075136.0,
251, 150, 127370, 801549, 72298, 4277133508608.0,
252, 151, 127373, 801565, 72290, 4277299052544.0,
253, 152, 127317, 801575, 72334, 4277206646784.0,
254, 152, 127341, 801552, 72403, 4277182398464.0,
255, 150, 127334, 801513, 72356, 4277143207936.0,
256, 150, 127374, 801527, 72355, 4277223817216.0,
257, 151, 127375, 801493, 72363, 4277122629632.0,
258, 150, 127358, 801530, 72317, 4276926676992.0,
259, 151, 127346, 801572, 72305, 4276885651456.0,
260, 154, 127298, 801581, 72271, 4276986052608.0,
261, 149, 127277, 801665, 72277, 4276927332352.0,
262, 151, 127239, 801623, 72288, 4276955250688.0,
263, 153, 127278, 801606, 72271, 4277245181952.0,
264, 151, 127276, 801633, 72281, 4277274804224.0,
265, 149, 127275, 801622, 72315, 4277283586048.0,
266, 151, 127302, 801634, 72328, 4277404696576.0,
267, 151, 127305, 801568, 72376, 4277236662272.0,
268, 152, 127321, 801564, 72307, 4277107556352.0,
269, 150, 127282, 801595, 72279, 4277128658944.0,
270, 151, 127332, 801642, 72274, 4277337849856.0,
271, 152, 127289, 801655, 72293, 4277295382528.0,
272, 149, 127271, 801640, 72271, 4277317271552.0,
273, 149, 127278, 801655, 72297, 4277255536640.0,
274, 149, 127259, 801585, 72328, 4277444411392.0,
275, 152, 127317, 801586, 72405, 4277406793728.0,
276, 151, 127342, 801553, 72321, 4277238104064.0,
277, 151, 127259, 801599, 72326, 4277163261952.0,
278, 149, 127300, 801585, 72306, 4277276377088.0,
279, 150, 127330, 801551, 72281, 4277169946624.0,
280, 148, 127350, 801616, 72301, 4277205204992.0,
281, 153, 127373, 801563, 72280, 4277213331456.0,
282, 150, 127355, 801602, 72294, 4277134163968.0,
283, 150, 127323, 801600, 72263, 4277167456256.0,
284, 151, 127324, 801604, 72315, 4277130362880.0,
285, 152, 127278, 801580, 72335, 4277120925696.0,
286, 151, 127256, 801580, 72337, 4277330116608.0,
287, 154, 127317, 801577, 72310, 4277426585600.0,
288, 150, 127315, 801574, 72295, 4277485830144.0,
289, 149, 127297, 801627, 72290, 4277394210816.0,
290, 150, 127255, 801687, 72344, 4277230501888.0,
291, 151, 127286, 801577, 72310, 4277156577280.0,
292, 151, 127243, 801641, 72344, 4277181743104.0,
293, 151, 127264, 801650, 72279, 4277347155968.0,
294, 150, 127272, 801619, 72326, 4277268119552.0,
295, 149, 127309, 801601, 72311, 4277275590656.0,
296, 150, 127325, 801558, 72339, 4277292761088.0,
297, 148, 127344, 801548, 72338, 4277198389248.0,
298, 152, 127336, 801553, 72338, 4277147533312.0,
299, 154, 127326, 801561, 72296, 4277171519488.0,
300, 149, 127348, 801534, 72370, 4277070725120.0,
301, 152, 127446, 801549, 72336, 4277000339456.0,
302, 151, 127363, 801529, 72270, 4276999159808.0,
303, 150, 127384, 801601, 72253, 4277077671936.0,
304, 152, 127330, 801590, 72281, 4277043462144.0,
305, 147, 127353, 801571, 72303, 4277098381312.0,
306, 150, 127285, 801576, 72304, 4277222113280.0,
307, 151, 127313, 801590, 72331, 4277286993920.0,
308, 151, 127338, 801539, 72317, 4277345189888.0,
309, 152, 127377, 801589, 72312, 4277410201600.0,
310, 151, 127303, 801576, 72252, 4277201797120.0,
311, 150, 127340, 801582, 72285, 4277062729728.0,
312, 151, 127259, 801617, 72235, 4277136785408.0,
313, 152, 127246, 801611, 72271, 4277223686144.0,
314, 149, 127297, 801602, 72302, 4277221326848.0,
315, 150, 127335, 801548, 72272, 4277250686976.0,
316, 148, 127348, 801550, 72267, 4277182005248.0,
317, 152, 127322, 801601, 72247, 4277035859968.0,
318, 150, 127318, 801616, 72302, 4277133508608.0,
319, 151, 127252, 801645, 72333, 4277325398016.0,
320, 150, 127255, 801668, 72298, 4277398274048.0,
321, 150, 127258, 801599, 72320, 4277360918528.0,
322, 150, 127287, 801615, 72285, 4277368389632.0,
323, 151, 127355, 801578, 72321, 4277338374144.0,
324, 151, 127319, 801584, 72318, 4277307572224.0,
325, 149, 127285, 801613, 72253, 4277308882944.0,
326, 152, 127282, 801674, 72261, 4277434187776.0,
327, 151, 127313, 801639, 72244, 4277310455808.0,
328, 150, 127348, 801621, 72289, 4277229191168.0,
329, 151, 127321, 801607, 72336, 4277291843584.0,
330, 151, 127280, 801569, 72350, 4277223292928.0,
331, 148, 127288, 801612, 72330, 4277219753984.0,
332, 151, 127255, 801588, 72349, 4277437464576.0,
333, 151, 127287, 801540, 72339, 4277332213760.0,
334, 152, 127383, 801486, 72366, 4277438644224.0,
335, 148, 127393, 801541, 72342, 4277288173568.0,
336, 153, 127388, 801542, 72316, 4277310849024.0,
337, 150, 127374, 801553, 72296, 4277259862016.0,
338, 152, 127374, 801562, 72314, 4277245313024.0,
339, 151, 127341, 801566, 72285, 4277201141760.0,
340, 148, 127323, 801593, 72313, 4277291712512.0,
341, 149, 127277, 801603, 72276, 4277307834368.0,
342, 148, 127309, 801574, 72349, 4277333655552.0,
343, 152, 127390, 801593, 72319, 4277293285376.0,
344, 151, 127309, 801609, 72313, 4277290926080.0,
345, 150, 127335, 801509, 72292, 4277204156416.0,
346, 148, 127331, 801564, 72323, 4277081997312.0,
347, 148, 127369, 801573, 72297, 4277091041280.0,
348, 150, 127347, 801587, 72259, 4277210578944.0,
349, 148, 127368, 801650, 72287, 4277097988096.0,
350, 150, 127284, 801664, 72264, 4277178859520.0,
351, 152, 127304, 801631, 72231, 4277249376256.0,
352, 150, 127291, 801623, 72326, 4277281488896.0,
353, 151, 127301, 801631, 72274, 4277213069312.0,
354, 152, 127257, 801691, 72293, 4277193539584.0,
355, 148, 127267, 801639, 72285, 4277341257728.0,
356, 154, 127283, 801653, 72283, 4277444804608.0,
357, 151, 127291, 801642, 72290, 4277588721664.0,
358, 151, 127349, 801666, 72241, 4277417410560.0,
359, 152, 127306, 801657, 72308, 4277462368256.0,
360, 147, 127355, 801586, 72316, 4277312946176.0,
361, 149, 127327, 801621, 72296, 4277360263168.0,
362, 151, 127307, 801576, 72270, 4277218967552.0,
363, 149, 127356, 801585, 72309, 4277169815552.0,
364, 149, 127293, 801585, 72333, 4277192359936.0,
365, 150, 127298, 801618, 72303, 4277221326848.0,
366, 148, 127315, 801592, 72277, 4277275328512.0,
367, 148, 127254, 801570, 72368, 4277376909312.0,
368, 148, 127331, 801581, 72315, 4277239676928.0,
369, 151, 127325, 801576, 72311, 4277259075584.0,
370, 150, 127307, 801609, 72314, 4277194457088.0,
371, 149, 127322, 801549, 72333, 4277076361216.0,
372, 151, 127383, 801493, 72387, 4277079244800.0,
373, 149, 127367, 801485, 72380, 4277046476800.0,
374, 152, 127377, 801477, 72339, 4277041102848.0,
375, 150, 127384, 801481, 72353, 4276942798848.0,
376, 149, 127359, 801488, 72339, 4276996800512.0,
377, 150, 127343, 801588, 72340, 4277060894720.0,
378, 152, 127355, 801589, 72308, 4277062729728.0,
379, 149, 127344, 801606, 72335, 4277170208768.0,
380, 151, 127283, 801658, 72285, 4277138358272.0,
381, 153, 127293, 801645, 72281, 4277112537088.0,
382, 151, 127333, 801618, 72266, 4277108998144.0,
383, 151, 127291, 801627, 72258, 4277077147648.0,
384, 151, 127318, 801653, 72248, 4277156052992.0,
385, 150, 127282, 801583, 72296, 4277214642176.0,
386, 151, 127357, 801535, 72317, 4277108342784.0,
387, 151, 127405, 801563, 72289, 4277183447040.0,
388, 152, 127387, 801474, 72257, 4277060108288.0,
389, 150, 127348, 801581, 72255, 4277080162304.0,
390, 148, 127387, 801557, 72289, 4277152251904.0,
391, 153, 127338, 801588, 72292, 4277117517824.0,
392, 151, 127357, 801549, 72278, 4277112668160.0,
393, 150, 127289, 801633, 72306, 4277157101568.0,
394, 148, 127311, 801537, 72318, 4277231419392.0,
395, 151, 127319, 801556, 72316, 4277275328512.0,
396, 151, 127285, 801628, 72283, 4277251342336.0,
397, 150, 127230, 801605, 72335, 4277166407680.0,
398, 151, 127261, 801677, 72320, 4277272969216.0,
399, 152, 127302, 801591, 72317, 4277289877504.0,
400, 148, 127321, 801582, 72334, 4277232599040.0,
401, 151, 127282, 801617, 72272, 4277119877120.0,
402, 151, 127329, 801644, 72290, 4277087764480.0,
403, 146, 127346, 801614, 72345, 4277148844032.0,
404, 150, 127346, 801576, 72306, 4277255405568.0,
405, 151, 127301, 801563, 72330, 4277368520704.0,
406, 150, 127287, 801626, 72311, 4277325004800.0,
407, 150, 127290, 801609, 72369, 4277386346496.0,
408, 148, 127323, 801639, 72250, 4277344141312.0,
409, 149, 127300, 801686, 72233, 4277387001856.0,
410, 152, 127319, 801585, 72262, 4277305344000.0,
411, 150, 127315, 801658, 72287, 4277248851968.0,
412, 147, 127324, 801552, 72288, 4277325791232.0,
413, 151, 127407, 801515, 72301, 4277277818880.0,
414, 151, 127362, 801502, 72279, 4277154349056.0,
415, 152, 127362, 801537, 72300, 4277048573952.0,
416, 147, 127294, 801534, 72295, 4277072691200.0,
417, 150, 127284, 801639, 72326, 4277131018240.0,
418, 149, 127218, 801668, 72334, 4277323169792.0,
419, 151, 127225, 801700, 72287, 4277286207488.0,
420, 152, 127257, 801671, 72334, 4277277949952.0,
421, 152, 127279, 801646, 72287, 4277316747264.0,
422, 152, 127326, 801611, 72307, 4277390147584.0,
423, 150, 127305, 801605, 72343, 4277379399680.0,
424, 151, 127347, 801547, 72320, 4277479931904.0,
425, 150, 127326, 801504, 72357, 4277369044992.0,
426, 149, 127346, 801529, 72327, 4277150285824.0,
427, 151, 127379, 801581, 72302, 4277092745216.0,
428, 150, 127350, 801599, 72262, 4277043462144.0,
429, 151, 127358, 801561, 72290, 4277049884672.0,
430, 149, 127351, 801524, 72314, 4276931919872.0,
431, 151, 127291, 801542, 72325, 4276966916096.0,
432, 151, 127313, 801566, 72263, 4276886700032.0,
433, 153, 127339, 801570, 72312, 4276923006976.0,
434, 151, 127352, 801573, 72296, 4276913700864.0,
435, 150, 127328, 801543, 72322, 4276901511168.0,
436, 150, 127343, 801536, 72278, 4276872675328.0,
437, 150, 127342, 801595, 72300, 4276785774592.0,
438, 154, 127292, 801616, 72321, 4276848427008.0,
439, 149, 127316, 801607, 72312, 4276980678656.0,
440, 150, 127313, 801614, 72267, 4276927332352.0,
441, 152, 127333, 801615, 72279, 4277142290432.0,
442, 150, 127294, 801651, 72275, 4277195898880.0,
443, 150, 127310, 801648, 72273, 4277193670656.0,
444, 150, 127303, 801654, 72263, 4277293416448.0,
445, 149, 127309, 801663, 72241, 4277447032832.0,
446, 150, 127244, 801698, 72274, 4277524496384.0,
447, 149, 127297, 801627, 72315, 4277538783232.0,
448, 150, 127287, 801658, 72307, 4277461712896.0,
449, 149, 127263, 801617, 72351, 4277392113664.0,
450, 150, 127320, 801569, 72298, 4277437988864.0,
451, 151, 127312, 801584, 72328, 4277409677312.0,
452, 146, 127312, 801568, 72335, 4277360918528.0,
453, 149, 127381, 801511, 72398, 4277313077248.0,
454, 150, 127396, 801497, 72330, 4277313601536.0,
455, 150, 127390, 801460, 72362, 4277173092352.0,
456, 152, 127385, 801475, 72356, 4276828766208.0,
457, 148, 127392, 801558, 72286, 4276873068544.0,
458, 152, 127364, 801548, 72284, 4276882636800.0,
459, 146, 127367, 801563, 72281, 4277019213824.0,
460, 153, 127370, 801585, 72309, 4277031010304.0,
461, 151, 127322, 801656, 72255, 4277096677376.0,
462, 149, 127304, 801629, 72282, 4277154086912.0,
463, 154, 127248, 801632, 72308, 4277167456256.0,
464, 150, 127264, 801607, 72329, 4277154349056.0,
465, 151, 127356, 801569, 72301, 4277106376704.0,
466, 150, 127302, 801651, 72278, 4277072822272.0,
467, 150, 127326, 801585, 72281, 4277092614144.0,
468, 152, 127296, 801636, 72281, 4277103099904.0,
469, 150, 127267, 801662, 72328, 4277004402688.0,
470, 150, 127299, 801653, 72222, 4277036515328.0,
471, 150, 127278, 801615, 72291, 4277182398464.0,
472, 150, 127330, 801608, 72329, 4277426454528.0,
473, 150, 127312, 801648, 72293, 4277455814656.0,
474, 153, 127285, 801584, 72312, 4277399584768.0,
475, 151, 127280, 801593, 72336, 4277425799168.0,
476, 151, 127240, 801607, 72356, 4277515714560.0,
477, 152, 127309, 801615, 72312, 4277467217920.0,
478, 148, 127260, 801611, 72276, 4277387788288.0,
479, 149, 127299, 801630, 72322, 4277304819712.0,
480, 152, 127361, 801534, 72341, 4277384904704.0,
481, 150, 127343, 801575, 72349, 4277345189888.0,
482, 149, 127314, 801564, 72343, 4277359345664.0,
483, 150, 127332, 801560, 72330, 4277306130432.0,
484, 150, 127336, 801507, 72366, 4277146484736.0,
485, 154, 127385, 801465, 72320, 4277125775360.0,
486, 151, 127359, 801585, 72263, 4276916453376.0,
487, 148, 127373, 801530, 72291, 4276904525824.0,
488, 152, 127348, 801551, 72277, 4277021704192.0,
489, 152, 127394, 801531, 72275, 4276802027520.0,
490, 151, 127334, 801504, 72349, 4276827193344.0,
491, 149, 127361, 801495, 72325, 4276878442496.0,
492, 151, 127350, 801510, 72306, 4276858257408.0,
493, 150, 127355, 801562, 72269, 4276720762880.0,
494, 151, 127348, 801567, 72273, 4276906229760.0,
495, 152, 127366, 801593, 72267, 4276977795072.0,
496, 150, 127329, 801585, 72282, 4277013053440.0,
497, 149, 127308, 801673, 72227, 4277000863744.0,
498, 149, 127300, 801722, 72239, 4277107687424.0,
499, 151, 127258, 801666, 72257, 4277210578944.0,
500, 150, 127297, 801697, 72295, 4277297086464.0,
501, 151, 127254, 801752, 72278, 4277496971264.0,
502, 153, 127231, 801684, 72318, 4277473771520.0,
503, 152, 127223, 801661, 72340, 4277614542848.0,
504, 154, 127210, 801631, 72351, 4277738012672.0,
505, 150, 127282, 801647, 72303, 4277670117376.0,
506, 149, 127270, 801579, 72342, 4277677719552.0,
507, 153, 127306, 801599, 72292, 4277521743872.0,
508, 148, 127293, 801572, 72301, 4277529739264.0,
509, 150, 127327, 801567, 72321, 4277527117824.0,
510, 151, 127318, 801608, 72286, 4277493301248.0,
511, 148, 127293, 801658, 72295, 4277439954944.0,
512, 150, 127281, 801637, 72257, 4277376778240.0,
513, 151, 127313, 801672, 72260, 4277442052096.0,
514, 150, 127293, 801694, 72237, 4277434712064.0,
515, 151, 127290, 801681, 72282, 4277450571776.0,
516, 151, 127303, 801620, 72316, 4277426716672.0,
517, 149, 127324, 801547, 72294, 4277432221696.0,
518, 150, 127306, 801547, 72391, 4277455945728.0,
519, 151, 127334, 801496, 72334, 4277408497664.0,
520, 150, 127371, 801436, 72368, 4277317009408.0,
521, 150, 127318, 801419, 72400, 4277284503552.0,
522, 149, 127309, 801520, 72361, 4277084487680.0,
523, 150, 127405, 801499, 72282, 4276999553024.0,
524, 152, 127375, 801528, 72267, 4277101395968.0,
525, 149, 127333, 801581, 72301, 4277039529984.0,
526, 149, 127378, 801510, 72285, 4276948697088.0,
527, 150, 127381, 801589, 72305, 4276907671552.0,
528, 152, 127335, 801544, 72333, 4276843053056.0,
529, 147, 127383, 801588, 72287, 4276817887232.0,
530, 147, 127309, 801669, 72242, 4276855373824.0,
531, 151, 127314, 801680, 72267, 4276977664000.0,
532, 152, 127243, 801600, 72348, 4277010169856.0,
533, 152, 127276, 801618, 72301, 4277114765312.0,
534, 152, 127306, 801584, 72304, 4277150416896.0,
535, 152, 127303, 801542, 72304, 4277287256064.0,
536, 153, 127343, 801580, 72247, 4277375205376.0,
537, 150, 127326, 801611, 72294, 4277218443264.0,
538, 152, 127323, 801687, 72265, 4277252915200.0,
539, 151, 127261, 801708, 72238, 4277469708288.0,
540, 152, 127260, 801715, 72274, 4277510864896.0,
541, 153, 127226, 801702, 72311, 4277514665984.0,
542, 151, 127251, 801659, 72372, 4277558444032.0,
543, 152, 127276, 801583, 72335, 4277431959552.0,
544, 151, 127323, 801675, 72298, 4277445459968.0,
545, 150, 127303, 801576, 72325, 4277596979200.0,
546, 149, 127289, 801597, 72339, 4277475737600.0,
547, 154, 127331, 801556, 72315, 4277348990976.0,
548, 152, 127311, 801587, 72343, 4277398667264.0,
549, 151, 127294, 801608, 72314, 4277440217088.0,
550, 148, 127273, 801646, 72330, 4277396439040.0,
551, 148, 127299, 801609, 72279, 4277401944064.0,
552, 151, 127339, 801628, 72292, 4277384642560.0,
553, 151, 127361, 801569, 72318, 4277331165184.0,
554, 147, 127326, 801576, 72304, 4277345058816.0,
555, 152, 127348, 801528, 72333, 4277334441984.0,
556, 151, 127322, 801590, 72305, 4277383462912.0,
557, 152, 127313, 801577, 72293, 4277209137152.0,
558, 151, 127305, 801584, 72309, 4277216870400.0,
559, 149, 127279, 801631, 72361, 4277175582720.0,
560, 151, 127305, 801645, 72297, 4277145698304.0,
561, 149, 127292, 801590, 72326, 4277036646400.0,
562, 149, 127339, 801584, 72328, 4277206646784.0,
563, 153, 127306, 801597, 72304, 4277038874624.0,
564, 152, 127323, 801610, 72307, 4277081341952.0,
565, 150, 127324, 801576, 72307, 4277259599872.0,
566, 149, 127333, 801575, 72295, 4277125382144.0,
567, 153, 127364, 801530, 72330, 4277077540864.0,
568, 147, 127377, 801568, 72298, 4277048442880.0,
569, 151, 127366, 801556, 72318, 4277123678208.0,
570, 150, 127288, 801561, 72338, 4277098512384.0,
571, 150, 127313, 801592, 72233, 4277149499392.0,
572, 153, 127391, 801550, 72282, 4277142028288.0,
573, 151, 127381, 801551, 72312, 4277062860800.0,
574, 151, 127309, 801561, 72313, 4277027471360.0,
575, 150, 127358, 801496, 72321, 4276964032512.0,
576, 151, 127352, 801542, 72269, 4276816314368.0,
577, 149, 127337, 801551, 72285, 4276907540480.0,
578, 151, 127266, 801615, 72297, 4277033762816.0,
579, 149, 127347, 801624, 72277, 4277113061376.0,
580, 150, 127229, 801693, 72256, 4277133508608.0,
581, 151, 127210, 801685, 72340, 4277163917312.0,
582, 148, 127254, 801629, 72319, 4277251735552.0,
583, 150, 127252, 801640, 72309, 4277184233472.0,
584, 151, 127342, 801610, 72287, 4277082652672.0,
585, 151, 127304, 801634, 72290, 4277068103680.0,
586, 151, 127309, 801688, 72234, 4277086584832.0,
587, 151, 127266, 801666, 72273, 4277171519488.0,
588, 149, 127292, 801616, 72305, 4277287256064.0,
589, 150, 127301, 801580, 72332, 4277330640896.0,
590, 151, 127368, 801565, 72270, 4277502869504.0,
591, 152, 127334, 801510, 72305, 4277354496000.0,
592, 152, 127333, 801546, 72304, 4277328150528.0,
593, 150, 127333, 801543, 72315, 4277220409344.0,
594, 152, 127283, 801548, 72334, 4277138751488.0,
595, 150, 127296, 801582, 72330, 4277290532864.0,
596, 150, 127265, 801556, 72318, 4277354627072.0,
597, 150, 127275, 801615, 72365, 4277276114944.0,
598, 152, 127270, 801636, 72341, 4277303246848.0,
599, 150, 127291, 801554, 72349, 4277347811328.0,
600, 150, 127316, 801603, 72302, 4277337849856.0,
601, 151, 127306, 801631, 72287, 4277287256064.0,
602, 152, 127304, 801610, 72278, 4277311897600.0,
603, 152, 127347, 801691, 72254, 4277439299584.0,
604, 149, 127292, 801655, 72288, 4277402861568.0,
605, 149, 127317, 801635, 72273, 4277279260672.0,
606, 152, 127313, 801632, 72282, 4277185675264.0,
607, 148, 127323, 801568, 72293, 4277119614976.0,
608, 151, 127304, 801539, 72331, 4277232336896.0,
609, 149, 127326, 801505, 72316, 4277218574336.0,
610, 150, 127374, 801529, 72269, 4277162082304.0,
611, 151, 127376, 801564, 72318, 4277039136768.0,
612, 148, 127348, 801574, 72313, 4276979367936.0,
613, 151, 127306, 801580, 72318, 4277003878400.0,
614, 149, 127273, 801666, 72306, 4277056962560.0,
615, 153, 127273, 801693, 72301, 4277179645952.0,
616, 153, 127245, 801677, 72273, 4277267988480.0,
617, 147, 127268, 801687, 72326, 4277271396352.0,
618, 148, 127310, 801640, 72273, 4277267595264.0,
619, 149, 127303, 801597, 72298, 4277287649280.0,
620, 150, 127334, 801557, 72290, 4277216215040.0,
621, 149, 127349, 801563, 72287, 4277158412288.0,
622, 151, 127320, 801548, 72308, 4277120270336.0,
623, 150, 127355, 801585, 72321, 4277193670656.0,
624, 150, 127360, 801560, 72295, 4276968095744.0,
625, 147, 127357, 801564, 72322, 4276946731008.0,
626, 148, 127359, 801573, 72292, 4276982644736.0,
627, 150, 127361, 801557, 72290, 4276958789632.0,
628, 153, 127311, 801566, 72314, 4276972945408.0,
629, 151, 127248, 801657, 72284, 4276964950016.0,
630, 150, 127248, 801627, 72273, 4277073739776.0,
631, 150, 127293, 801632, 72286, 4277075443712.0,
632, 147, 127280, 801633, 72303, 4277167325184.0,
633, 149, 127296, 801691, 72273, 4277412823040.0,
634, 150, 127258, 801671, 72285, 4277521219584.0,
635, 153, 127299, 801682, 72288, 4277506277376.0,
636, 149, 127291, 801625, 72310, 4277507850240.0,
637, 152, 127294, 801608, 72292, 4277545074688.0,
638, 150, 127283, 801571, 72302, 4277394604032.0,
639, 152, 127268, 801596, 72346, 4277339553792.0,
640, 148, 127366, 801531, 72320, 4277216608256.0,
641, 154, 127325, 801601, 72303, 4277321859072.0,
642, 150, 127313, 801540, 72307, 4277386739712.0,
643, 150, 127301, 801586, 72333, 4277186985984.0,
644, 151, 127290, 801636, 72349, 4277196029952.0,
645, 153, 127315, 801672, 72285, 4277235351552.0,
646, 150, 127277, 801622, 72313, 4277070725120.0,
647, 151, 127283, 801622, 72326, 4277105590272.0,
648, 152, 127306, 801560, 72332, 4277128003584.0,
649, 153, 127317, 801541, 72328, 4277186854912.0,
650, 150, 127363, 801480, 72328, 4277175320576.0,
651, 152, 127377, 801544, 72305, 4277264318464.0,
652, 148, 127341, 801493, 72320, 4277075050496.0,
653, 152, 127368, 801523, 72291, 4277045821440.0,
654, 154, 127326, 801632, 72281, 4277026029568.0,
655, 151, 127319, 801645, 72260, 4277107687424.0,
656, 149, 127292, 801653, 72273, 4277019738112.0,
657, 152, 127312, 801654, 72292, 4276943716352.0,
658, 153, 127337, 801599, 72268, 4277120008192.0,
659, 152, 127319, 801614, 72297, 4277293547520.0,
660, 149, 127307, 801605, 72272, 4277236793344.0,
661, 149, 127292, 801653, 72290, 4277285027840.0,
662, 151, 127325, 801609, 72286, 4277195505664.0,
663, 151, 127323, 801660, 72290, 4277264449536.0,
664, 151, 127316, 801625, 72292, 4277318189056.0,
665, 150, 127349, 801603, 72276, 4277384773632.0,
666, 149, 127339, 801567, 72299, 4277403254784.0,
667, 153, 127355, 801617, 72289, 4277367734272.0,
668, 151, 127396, 801559, 72334, 4277175713792.0,
669, 151, 127340, 801545, 72341, 4277288697856.0,
670, 151, 127387, 801571, 72349, 4277298266112.0,
671, 154, 127336, 801584, 72338, 4277295644672.0,
672, 149, 127334, 801567, 72342, 4277192884224.0,
673, 151, 127357, 801543, 72325, 4277136916480.0,
674, 150, 127312, 801550, 72303, 4277243346944.0,
675, 151, 127296, 801625, 72295, 4277379268608.0,
676, 152, 127322, 801613, 72312, 4277175975936.0,
677, 151, 127284, 801658, 72245, 4277066530816.0,
678, 151, 127342, 801638, 72246, 4276986183680.0,
679, 153, 127308, 801569, 72308, 4277017640960.0,
680, 149, 127277, 801631, 72360, 4277176500224.0,
681, 149, 127335, 801553, 72348, 4277146484736.0,
682, 151, 127320, 801520, 72349, 4277220802560.0,
683, 151, 127323, 801528, 72350, 4276996407296.0,
684, 149, 127317, 801577, 72305, 4276966391808.0,
685, 149, 127295, 801610, 72266, 4276980678656.0,
686, 150, 127337, 801646, 72299, 4277120532480.0,
687, 151, 127259, 801649, 72289, 4277101789184.0,
688, 150, 127251, 801591, 72290, 4277237055488.0,
689, 150, 127302, 801578, 72280, 4277232599040.0,
690, 148, 127317, 801579, 72285, 4277461712896.0,
691, 148, 127362, 801584, 72260, 4277467873280.0,
692, 149, 127416, 801562, 72263, 4277363408896.0,
693, 150, 127376, 801546, 72264, 4277149106176.0,
694, 151, 127306, 801594, 72249, 4277188296704.0,
695, 151, 127308, 801593, 72301, 4277294333952.0,
696, 151, 127305, 801584, 72307, 4277194588160.0,
697, 151, 127332, 801542, 72281, 4277204549632.0,
698, 151, 127352, 801547, 72308, 4277115944960.0,
699, 149, 127341, 801541, 72319, 4277162868736.0,
700, 152, 127308, 801586, 72331, 4277248065536.0,
701, 152, 127349, 801514, 72332, 4277262483456.0,
702, 151, 127372, 801606, 72295, 4277244919808.0,
703, 150, 127348, 801592, 72306, 4277296824320.0,
704, 146, 127302, 801604, 72314, 4277341782016.0,
705, 152, 127364, 801607, 72256, 4277231288320.0,
706, 148, 127332, 801651, 72245, 4277193801728.0,
707, 154, 127361, 801641, 72255, 4277238235136.0,
708, 151, 127336, 801590, 72264, 4277138751488.0,
709, 149, 127269, 801627, 72298, 4277248589824.0,
710, 151, 127301, 801630, 72272, 4277277163520.0,
711, 150, 127315, 801596, 72261, 4277395914752.0,
712, 153, 127291, 801576, 72350, 4277503131648.0,
713, 150, 127330, 801549, 72316, 4277581381632.0,
714, 148, 127285, 801605, 72340, 4277542060032.0,
715, 153, 127355, 801538, 72323, 4277363671040.0,
716, 150, 127282, 801574, 72366, 4277345452032.0,
717, 151, 127291, 801579, 72305, 4277275197440.0,
718, 151, 127313, 801633, 72317, 4277171912704.0,
719, 150, 127272, 801588, 72319, 4277234040832.0,
