0, 1001365, 0, 0, 0, 0.0,
1, 991352, 10011, 2, 0, 0.0,
2, 980890, 10461, 10013, 0, 5343571200.0,
3, 972314, 18995, 10053, 0, 10186604032.0,
4, 965198, 25795, 10376, 0, 14623669760.0,
5, 958985, 30951, 11442, 2, 18971636736.0,
6, 953063, 34637, 13618, 12, 23746464768.0,
7, 946911, 37338, 17002, 53, 29547512832.0,
8, 940182, 39612, 21393, 160, 36872179712.0,
9, 932749, 41756, 26434, 380, 46003107840.0,
10, 924562, 44226, 31782, 758, 57022455808.0,
11, 916055, 46803, 37255, 1305, 69860691968.0,
12, 906944, 49653, 42792, 2036, 84351942656.0,
13, 897470, 52577, 48395, 2925, 100383891456.0,
14, 887760, 55518, 54126, 3968, 117881495552.0,
15, 877478, 58543, 60145, 5164, 136782815232.0,
16, 867245, 61241, 66414, 6531, 157045440512.0,
17, 856581, 64029, 72841, 8083, 178723176448.0,
18, 845328, 66676, 79363, 9891, 201755598848.0,
19, 833986, 69480, 86027, 11973, 225981440000.0,
20, 822348, 71997, 92703, 14404, 251343945728.0,
21, 810390, 74683, 99342, 17121, 277654945792.0,
22, 798101, 77146, 105976, 20191, 304986013696.0,
23, 785596, 79486, 112601, 23574, 333135134720.0,
24, 773089, 81841, 119210, 27255, 361968533504.0,
25, 760445, 83915, 125739, 31235, 391553662976.0,
26, 747421, 86228, 132350, 35455, 421721047040.0,
27, 734596, 88113, 138861, 39889, 452150493184.0,
28, 721313, 90152, 145463, 44538, 483226845184.0,
29, 708020, 91893, 151909, 49406, 514662088704.0,
30, 694626, 93674, 158508, 54433, 546526937088.0,
31, 681340, 95342, 165020, 59612, 578865823744.0,
32, 667979, 96980, 171591, 64938, 611208790016.0,
33, 654576, 98324, 178070, 70450, 643726278656.0,
34, 640925, 99550, 184632, 76045, 676744593408.0,
35, 627642, 100659, 191108, 81855, 709633998848.0,
36, 614399, 101857, 197485, 87691, 743011745792.0,
37, 600889, 102685, 203976, 93606, 776255799296.0,
38, 587956, 103603, 210435, 99676, 809641672704.0,
39, 574530, 104282, 216790, 105818, 843347132416.0,
40, 561325, 105108, 223061, 111984, 876967788544.0,
41, 548183, 105562, 229409, 118217, 910736195584.0,
42, 535277, 106047, 235661, 124501, 944494706688.0,
43, 522147, 106294, 241911, 130835, 978308956160.0,
44, 509668, 106347, 248041, 137137, 1012071006208.0,
45, 496983, 106365, 254177, 143606, 1045427781632.0,
46, 484840, 106082, 260222, 149973, 1078870704128.0,
47, 472815, 105957, 266074, 156347, 1112062164992.0,
48, 460847, 105729, 272052, 162659, 1145159680000.0,
49, 449179, 105479, 277693, 169088, 1177885736960.0,
50, 437281, 104977, 283523, 175324, 1210597703680.0,
51, 425998, 104495, 289224, 181643, 1243265957888.0,
52, 414807, 103842, 294961, 187959, 1275597422592.0,
53, 403703, 103075, 300468, 194065, 1307513913344.0,
54, 392776, 102241, 306012, 200338, 1339099971584.0,
55, 381975, 101354, 311426, 206453, 1370515636224.0,
56, 371716, 100349, 316552, 212497, 1401679839232.0,
57, 361617, 99310, 321781, 218467, 1432520556544.0,
58, 351785, 98280, 326802, 224397, 1463453745152.0,
59, 342055, 97265, 331670, 230313, 1493898493952.0,
60, 332925, 95830, 336378, 236098, 1523723599872.0,
61, 323915, 94529, 341062, 241759, 1553195073536.0,
62, 315161, 93079, 345452, 247405, 1581881491456.0,
63, 306565, 91809, 349819, 252838, 1610277191680.0,
64, 298655, 90465, 353908, 258228, 1638160138240.0,
65, 290626, 89002, 358104, 263748, 1665093664768.0,
66, 282994, 87683, 361945, 269071, 1691466399744.0,
67, 275712, 86084, 365673, 274190, 1717413412864.0,
68, 268484, 84675, 369213, 279341, 1742945779712.0,
69, 261808, 83052, 372781, 284156, 1767745126400.0,
70, 255187, 81540, 376216, 288839, 1791879020544.0,
71, 248739, 79967, 379353, 293549, 1814572498944.0,
72, 242573, 78554, 382257, 298136, 1837333741568.0,
73, 236541, 76883, 385138, 302667, 1859518857216.0,
74, 231181, 75360, 387983, 307018, 1880744001536.0,
75, 225632, 73742, 390613, 311274, 1901282721792.0,
76, 220616, 72437, 393152, 315371, 1921319960576.0,
77, 215430, 71000, 395551, 319422, 1940554055680.0,
78, 210756, 69397, 397923, 323276, 1958935724032.0,
79, 206586, 67919, 400022, 327084, 1976864538624.0,
80, 202148, 66429, 402044, 330751, 1993754279936.0,
81, 198317, 64956, 404159, 334288, 2010320601088.0,
82, 194298, 63713, 405842, 337809, 2026615013376.0,
83, 190561, 62339, 407780, 341039, 2041796493312.0,
84, 187111, 60819, 409566, 344147, 2057020112896.0,
85, 183694, 59715, 410895, 347161, 2071128702976.0,
86, 180537, 58362, 412397, 350101, 2084923113472.0,
87, 177720, 56927, 413958, 352792, 2098275942400.0,
88, 175075, 55675, 415108, 355437, 2110710611968.0,
89, 172501, 54474, 416328, 358085, 2122796105728.0,
90, 170167, 53211, 417424, 360519, 2134165553152.0,
91, 167974, 52050, 418366, 362946, 2144602226688.0,
92, 165943, 50865, 419359, 365151, 2154352017408.0,
93, 163798, 49821, 420361, 367234, 2163871776768.0,
94, 162169, 48724, 421035, 369355, 2172824715264.0,
95, 160388, 47756, 422079, 371182, 2181373624320.0,
96, 159011, 46762, 422755, 373119, 2190041415680.0,
97, 157150, 45838, 423545, 374878, 2198115581952.0,
98, 155729, 45015, 424305, 376657, 2205224927232.0,
99, 154531, 44153, 424834, 378056, 2211873816576.0,
100, 153324, 43229, 425168, 379455, 2219010031616.0,
101, 152135, 42409, 425939, 380704, 2225433083904.0,
102, 151154, 41612, 426370, 382009, 2231212179456.0,
103, 150113, 40916, 426787, 383315, 2236994551808.0,
104, 149207, 40224, 427416, 384463, 2242247786496.0,
105, 148340, 39628, 427893, 385482, 2247175831552.0,
106, 147613, 38900, 428360, 386563, 2251997184000.0,
107, 147038, 38323, 428666, 387574, 2256588505088.0,
108, 146321, 37741, 428921, 388388, 2260722909184.0,
109, 145581, 37119, 429322, 389266, 2264979996672.0,
110, 145267, 36515, 429611, 389950, 2268688941056.0,
111, 144720, 35963, 429766, 390707, 2272303775744.0,
112, 144425, 35562, 430015, 391294, 2275634053120.0,
113, 143997, 35048, 430256, 391897, 2278840074240.0,
114, 143805, 34596, 430628, 392464, 2281639116800.0,
115, 143497, 34228, 430691, 393141, 2284107333632.0,
116, 143416, 33767, 430761, 393520, 2286537801728.0,
117, 143026, 33354, 431082, 394155, 2288529309696.0,
118, 142647, 33071, 431328, 394490, 2291030687744.0,
119, 142391, 32612, 431479, 394845, 2293270839296.0,
120, 142277, 32288, 431580, 395081, 2295286988800.0,
121, 142169, 31967, 431790, 395517, 2297034571776.0,
122, 142326, 31677, 431714, 395728, 2298545700864.0,
123, 141590, 31489, 431855, 396119, 2300158017536.0,
124, 141411, 31242, 432143, 396419, 2301916086272.0,
125, 141457, 31001, 432200, 396601, 2303315148800.0,
126, 141729, 30695, 431989, 396771, 2304777519104.0,
127, 141735, 30526, 432084, 396983, 2305640890368.0,
128, 141449, 30333, 432195, 397193, 2306706374656.0,
129, 141730, 30170, 432152, 397360, 2307825598464.0,
130, 141666, 30003, 432207, 397403, 2308560781312.0,
131, 141968, 29803, 432176, 397537, 2309435555840.0,
132, 142286, 29553, 432222, 397596, 2310242697216.0,
133, 141718, 29484, 432318, 397782, 2310814040064.0,
134, 141742, 29377, 432255, 397931, 2311370833920.0,
135, 141933, 29280, 432147, 398052, 2311535984640.0,
136, 141849, 29191, 432250, 398117, 2312234205184.0,
137, 142121, 28996, 432195, 398143, 2313000714240.0,
138, 141855, 28914, 432370, 398105, 2313507962880.0,
139, 141907, 28854, 432551, 398174, 2313649782784.0,
140, 141845, 28752, 432534, 398172, 2313877979136.0,
141, 141971, 28701, 432649, 398130, 2314426384384.0,
142, 142048, 28617, 432650, 398100, 2315324096512.0,
143, 142183, 28567, 432513, 398011, 2315572871168.0,
144, 142229, 28456, 432653, 398138, 2315811684352.0,
145, 142407, 28318, 432505, 398092, 2316107513856.0,
146, 142639, 28305, 432600, 398174, 2316435849216.0,
147, 142282, 28243, 432495, 398040, 2316463374336.0,
148, 142641, 28187, 432570, 397953, 2316691701760.0,
149, 142768, 28215, 432578, 398007, 2317294239744.0,
150, 143003, 28133, 432445, 397984, 2317849722880.0,
151, 142532, 28070, 432611, 398002, 2318063370240.0,
152, 142660, 28075, 432638, 397961, 2317917487104.0,
153, 142688, 28144, 432606, 397961, 2318134542336.0,
154, 142755, 28054, 432672, 397922, 2318398914560.0,
155, 143034, 27949, 432551, 397892, 2318223540224.0,
156, 143435, 27909, 432485, 397795, 2318349238272.0,
157, 142940, 27987, 432680, 397796, 2318256439296.0,
158, 142950, 27925, 432560, 397761, 2318733803520.0,
159, 142916, 27872, 432827, 397701, 2318635892736.0,
160, 142858, 27951, 432757, 397803, 2318598930432.0,
161, 142946, 27892, 432777, 397780, 2318549647360.0,
162, 143216, 27856, 432645, 397614, 2318755823616.0,
163, 143439, 27891, 432718, 397639, 2318796455936.0,
164, 142972, 27905, 432773, 397617, 2318587920384.0,
165, 142949, 27859, 432736, 397604, 2318643494912.0,
166, 143387, 27795, 432667, 397586, 2319027273728.0,
167, 143154, 27800, 432714, 397506, 2319393095680.0,
168, 143172, 27754, 432798, 397450, 2319385493504.0,
169, 143278, 27786, 432662, 397568, 2319690366976.0,
170, 143442, 27670, 432650, 397423, 2319539372032.0,
171, 143700, 27714, 432628, 397342, 2319323365376.0,
172, 143694, 27735, 432650, 397352, 2319085600768.0,
173, 143537, 27754, 432616, 397375, 2319081537536.0,
174, 143423, 27764, 432760, 397478, 2319224537088.0,
175, 143518, 27721, 432643, 397494, 2319268184064.0,
176, 143413, 27707, 432591, 397334, 2319293349888.0,
177, 143920, 27721, 432511, 397334, 2318802878464.0,
178, 143952, 27651, 432536, 397339, 2318707064832.0,
179, 143850, 27689, 432546, 397375, 2318864220160.0,
180, 143899, 27664, 432597, 397208, 2318698807296.0,
181, 143992, 27709, 432457, 397260, 2319153889280.0,
182, 143876, 27664, 432482, 397314, 2319073673216.0,
183, 143958, 27704, 432531, 397210, 2318990180352.0,
184, 144183, 27688, 432336, 397165, 2318900133888.0,
185, 144062, 27631, 432464, 397158, 2319323496448.0,
186, 143825, 27597, 432449, 397152, 2319198715904.0,
187, 144004, 27635, 432580, 397098, 2318903279616.0,
188, 144195, 27689, 432429, 397107, 2318629339136.0,
189, 144551, 27634, 432392, 397050, 2318660009984.0,
190, 144412, 27719, 432394, 397053, 2318668005376.0,
191, 144426, 27671, 432460, 396934, 2318909440000.0,
192, 144299, 27728, 432528, 396997, 2318858321920.0,
193, 144191, 27670, 432671, 396737, 2318775353344.0,
194, 143827, 27707, 432840, 396889, 2318862123008.0,
195, 144182, 27763, 432596, 396951, 2318781382656.0,
196, 144017, 27793, 432660, 396949, 2318968946688.0,
197, 144017, 27826, 432778, 396853, 2319004073984.0,
198, 144215, 27696, 432800, 396969, 2318973796352.0,
199, 144395, 27597, 432731, 396945, 2318989524992.0,
200, 144274, 27570, 432574, 396910, 2318868807680.0,
201, 144553, 27582, 432602, 396852, 2319200550912.0,
202, 144698, 27612, 432582, 396878, 2318872215552.0,
203, 144551, 27687, 432608, 397024, 2318932377600.0,
204, 144320, 27665, 432504, 396840, 2318737080320.0,
205, 144460, 27629, 432414, 396767, 2318391836672.0,
206, 144381, 27687, 432485, 396690, 2318158659584.0,
207, 144210, 27747, 432517, 396877, 2318486732800.0,
208, 144037, 27651, 432483, 396957, 2318813888512.0,
209, 144134, 27643, 432705, 396982, 2318815854592.0,
210, 144121, 27687, 432630, 396914, 2318725021696.0,
211, 144535, 27617, 432517, 396924, 2318811791360.0,
212, 144474, 27597, 432521, 396901, 2318952693760.0,
213, 144298, 27651, 432423, 396853, 2318824898560.0,
214, 144448, 27680, 432530, 396891, 2318870118400.0,
215, 144499, 27639, 432263, 396768, 2318655684608.0,
216, 144552, 27632, 432404, 396807, 2318603386880.0,
217, 144431, 27725, 432318, 396846, 2318588444672.0,
218, 144284, 27672, 432447, 396995, 2318333247488.0,
219, 144193, 27743, 432620, 396972, 2318108590080.0,
220, 144291, 27661, 432436, 396884, 2318213185536.0,
221, 144443, 27651, 432576, 396914, 2318456455168.0,
222, 144530, 27654, 432450, 396818, 2318496956416.0,
223, 144567, 27669, 432624, 396774, 2318189723648.0,
224, 144477, 27612, 432436, 396726, 2318372044800.0,
225, 144637, 27654, 432405, 396723, 2318388166656.0,
226, 144534, 27638, 432534, 396669, 2318309654528.0,
227, 144297, 27698, 432469, 396711, 2318325776384.0,
228, 144269, 27716, 432650, 396740, 2318319878144.0,
229, 144442, 27689, 432471, 396754, 2318391312384.0,
230, 144346, 27622, 432463, 396723, 2318144372736.0,
231, 144242, 27664, 432297, 396820, 2317988790272.0,
232, 144493, 27731, 432539, 396788, 2318380433408.0,
233, 144489, 27573, 432609, 396759, 2318628159488.0,
234, 144840, 27606, 432372, 396717, 2318328135680.0,
235, 144655, 27629, 432556, 396630, 2318350548992.0,
236, 144546, 27681, 432574, 396700, 2318610464768.0,
237, 144779, 27663, 432401, 396753, 2318597881856.0,
238, 144839, 27619, 432245, 396786, 2318200733696.0,
239, 144675, 27643, 432427, 396662, 2318264303616.0,
240, 144838, 27676, 432225, 396582, 2318197325824.0,
241, 144685, 27646, 432237, 396557, 2318130348032.0,
242, 144575, 27637, 432231, 396453, 2318218821632.0,
243, 144680, 27724, 432231, 396525, 2317988265984.0,
244, 144843, 27643, 432408, 396488, 2318250278912.0,
245, 144618, 27647, 432291, 396551, 2317625982976.0,
246, 144519, 27650, 432462, 396699, 2317456900096.0,
247, 144475, 27698, 432367, 396582, 2317781041152.0,
248, 144175, 27731, 432570, 396645, 2317921288192.0,
249, 144276, 27730, 432736, 396636, 2318014480384.0,
250, 144433, 27672, 432588, 396594, 2318094303232.0,
251, 144704, 27705, 432486, 396570, 2318294450176.0,
252, 144305, 27656, 432639, 396601, 2318514126848.0,
253, 144457, 27603, 432606, 396613, 2318469824512.0,
254, 144457, 27670, 432521, 396686, 2318428405760.0,
255, 144349, 27642, 432643, 396735, 2318224326656.0,
256, 144389, 27683, 432464, 396798, 2318425260032.0,
257, 144824, 27622, 432504, 396670, 2318760148992.0,
258, 144694, 27619, 432616, 396613, 2318837874688.0,
259, 144828, 27624, 432368, 396624, 2318711521280.0,
260, 145032, 27587, 432317, 396620, 2318443347968.0,
261, 144678, 27636, 432467, 396584, 2318490533888.0,
262, 144895, 27648, 432363, 396471, 2318365229056.0,
263, 144543, 27656, 432575, 396537, 2318143062016.0,
264, 144645, 27681, 432477, 396563, 2318032568320.0,
265, 144494, 27689, 432407, 396688, 2318054195200.0,
266, 144463, 27671, 432440, 396684, 2318127988736.0,
267, 144262, 27786, 432576, 396811, 2318087618560.0,
268, 144412, 27715, 432503, 396790, 2317973323776.0,
269, 144271, 27698, 432650, 396864, 2317969653760.0,
270, 144597, 27714, 432544, 396862, 2317959823360.0,
271, 144538, 27705, 432317, 396763, 2318206238720.0,
272, 144577, 27668, 432267, 396750, 2317976469504.0,
273, 144851, 27617, 432184, 396612, 2317992853504.0,
274, 144757, 27634, 432315, 396485, 2317879214080.0,
275, 144732, 27620, 432338, 396583, 2317943308288.0,
276, 144721, 27637, 432405, 396611, 2317640007680.0,
277, 144935, 27680, 432414, 396508, 2317763608576.0,
278, 144679, 27647, 432278, 396636, 2317777895424.0,
279, 144661, 27684, 432226, 396560, 2317852868608.0,
280, 144868, 27710, 432238, 396524, 2317965590528.0,
281, 144617, 27676, 432376, 396549, 2317957070848.0,
282, 144465, 27750, 432415, 396604, 2317845659648.0,
283, 144393, 27711, 432312, 396692, 2317833732096.0,
284, 144454, 27723, 432450, 396717, 2318026145792.0,
285, 144839, 27650, 432214, 396703, 2317774749696.0,
286, 144714, 27646, 432416, 396712, 2317645643776.0,
287, 144782, 27621, 432332, 396630, 2317568704512.0,
288, 144420, 27684, 432521, 396529, 2318000848896.0,
289, 144472, 27771, 432546, 396664, 2318532608000.0,
290, 144866, 27678, 432514, 396549, 2318418444288.0,
291, 144727, 27653, 432623, 396598, 2318480441344.0,
292, 144647, 27624, 432521, 396609, 2318497349632.0,
293, 144811, 27582, 432342, 396772, 2318274527232.0,
294, 144587, 27728, 432502, 396742, 2318026801152.0,
295, 144622, 27669, 432489, 396745, 2318280294400.0,
296, 144589, 27667, 432599, 396773, 2318422900736.0,
297, 144433, 27672, 432600, 396645, 2318440988672.0,
298, 144521, 27653, 432527, 396645, 2318385545216.0,
299, 144478, 27651, 432465, 396641, 2318216593408.0,
300, 144356, 27715, 432470, 396698, 2318292221952.0,
301, 144852, 27623, 432464, 396589, 2318170062848.0,
302, 144671, 27593, 432342, 396556, 2318165213184.0,
303, 144529, 27589, 432350, 396506, 2318244380672.0,
304, 144590, 27691, 432295, 396656, 2318324334592.0,
305, 144865, 27613, 432204, 396581, 2318316601344.0,
306, 144795, 27582, 432200, 396569, 2318346616832.0,
307, 144878, 27650, 432312, 396574, 2318048690176.0,
308, 144583, 27671, 432443, 396700, 2317907001344.0,
309, 144595, 27685, 432427, 396609, 2317877379072.0,
310, 144735, 27632, 432489, 396543, 2317713408000.0,
311, 144585, 27683, 432605, 396569, 2317776977920.0,
312, 144547, 27702, 432636, 396614, 2317682868224.0,
313, 144467, 27702, 432651, 396613, 2317422821376.0,
314, 144503, 27674, 432691, 396636, 2317899530240.0,
315, 144547, 27713, 432560, 396691, 2318159446016.0,
316, 144821, 27673, 432524, 396659, 2318190903296.0,
317, 144367, 27678, 432734, 396663, 2317994819584.0,
318, 144402, 27670, 432673, 396599, 2318166786048.0,
319, 144546, 27672, 432559, 396696, 2318494072832.0,
320, 144668, 27586, 432497, 396704, 2318567866368.0,
321, 144806, 27619, 432613, 396519, 2318178189312.0,
322, 144516, 27639, 432595, 396523, 2318321188864.0,
323, 144452, 27673, 432522, 396585, 2318232190976.0,
324, 144477, 27695, 432621, 396649, 2318018019328.0,
325, 144537, 27609, 432524, 396650, 2318084210688.0,
326, 144437, 27662, 432435, 396682, 2318061797376.0,
327, 144178, 27748, 432532, 396746, 2318314897408.0,
328, 144455, 27647, 432521, 396652, 2318576254976.0,
329, 144676, 27675, 432511, 396686, 2318670888960.0,
330, 144646, 27657, 432387, 396560, 2318609154048.0,
331, 144679, 27674, 432311, 396614, 2318760411136.0,
332, 144449, 27661, 432490, 396648, 2318809300992.0,
333, 144546, 27670, 432539, 396683, 2318832893952.0,
334, 144458, 27690, 432679, 396697, 2318936309760.0,
335, 144531, 27720, 432472, 396660, 2318729740288.0,
336, 144656, 27713, 432420, 396706, 2318602862592.0,
337, 144339, 27730, 432601, 396643, 2318013300736.0,
338, 144437, 27755, 432693, 396683, 2317887340544.0,
339, 144391, 27701, 432622, 396673, 2317633716224.0,
340, 144544, 27683, 432579, 396624, 2317804503040.0,
341, 144673, 27643, 432424, 396679, 2317891534848.0,
342, 144826, 27615, 432323, 396590, 2318040432640.0,
343, 144643, 27619, 432510, 396672, 2318078181376.0,
344, 144612, 27637, 432344, 396650, 2318242152448.0,
345, 144872, 27579, 432221, 396580, 2318222884864.0,
346, 144682, 27597, 432424, 396633, 2318124449792.0,
347, 144637, 27596, 432202, 396546, 2317827833856.0,
348, 144946, 27635, 432245, 396570, 2317811056640.0,
349, 144544, 27667, 432254, 396689, 2317806993408.0,
350, 144645, 27691, 432406, 396632, 2317668319232.0,
351, 144789, 27668, 432260, 396687, 2317632274432.0,
352, 144589, 27701, 432297, 396802, 2317376552960.0,
353, 144627, 27763, 432421, 396708, 2317247840256.0,
354, 144579, 27743, 432358, 396682, 2317468434432.0,
355, 144478, 27689, 432357, 396651, 2317663862784.0,
356, 144254, 27722, 432589, 396767, 2318021820416.0,
357, 144560, 27688, 432411, 396759, 2317978959872.0,
358, 144579, 27657, 432480, 396683, 2318150664192.0,
359, 144582, 27617, 432339, 396702, 2318321975296.0,
360, 144661, 27629, 432228, 396588, 2318052098048.0,
361, 144685, 27659, 432226, 396595, 2318060617728.0,
362, 144790, 27699, 432290, 396639, 2317737525248.0,
363, 144903, 27650, 432287, 396658, 2317635682304.0,
364, 144798, 27612, 432310, 396626, 2317685620736.0,
365, 144817, 27635, 432443, 396552, 2317735428096.0,
366, 144738, 27620, 432471, 396493, 2318233108480.0,
367, 144651, 27713, 432360, 396471, 2317776846848.0,
368, 144710, 27710, 432399, 396458, 2317934657536.0,
369, 144784, 27673, 432362, 396439, 2318070185984.0,
370, 144917, 27650, 432449, 396403, 2317862830080.0,
371, 144926, 27638, 432311, 396473, 2317825212416.0,
372, 144959, 27704, 432243, 396500, 2317953400832.0,
373, 144553, 27734, 432424, 396474, 2318072938496.0,
374, 144463, 27748, 432660, 396536, 2317961134080.0,
375, 144703, 27686, 432491, 396528, 2317952614400.0,
376, 144534, 27626, 432359, 396543, 2318102691840.0,
377, 144735, 27710, 432467, 396482, 2318339801088.0,
378, 144710, 27644, 432523, 396463, 2318407565312.0,
379, 144591, 27665, 432598, 396553, 2318365360128.0,
380, 144767, 27673, 432569, 396508, 2318413594624.0,
381, 144504, 27641, 432643, 396468, 2318500888576.0,
382, 144662, 27546, 432414, 396511, 2318568259584.0,
383, 144607, 27569, 432498, 396511, 2318466809856.0,
384, 144584, 27587, 432545, 396627, 2318344650752.0,
385, 144902, 27523, 432373, 396556, 2318180810752.0,
386, 144975, 27523, 432366, 396579, 2317992984576.0,
387, 144973, 27533, 432290, 396603, 2317988134912.0,
388, 144858, 27638, 432204, 396492, 2318131658752.0,
389, 145079, 27624, 432218, 396542, 2317824294912.0,
390, 144824, 27650, 432247, 396429, 2317683916800.0,
391, 145025, 27620, 432218, 396474, 2317598457856.0,
392, 145388, 27607, 432262, 396482, 2317500022784.0,
393, 144790, 27712, 432314, 396538, 2316968263680.0,
394, 144833, 27729, 432414, 396417, 2316888047616.0,
395, 144872, 27748, 432414, 396450, 2317192527872.0,
396, 144804, 27723, 432407, 396517, 2317213892608.0,
397, 144714, 27745, 432429, 396486, 2317192396800.0,
398, 144653, 27648, 432581, 396506, 2317260947456.0,
399, 144556, 27612, 432632, 396625, 2317196460032.0,
400, 144611, 27594, 432666, 396562, 2317490585600.0,
401, 144397, 27663, 432566, 396580, 2317538557952.0,
402, 144391, 27679, 432594, 396566, 2317434880000.0,
403, 144601, 27748, 432441, 396577, 2317658488832.0,
404, 144734, 27684, 432444, 396567, 2317934133248.0,
405, 144612, 27726, 432614, 396474, 2318234550272.0,
406, 144252, 27666, 432682, 396481, 2318239137792.0,
407, 144645, 27616, 432637, 396487, 2318605746176.0,
408, 144376, 27662, 432783, 396557, 2318643494912.0,
409, 144545, 27663, 432648, 396537, 2318730526720.0,
410, 144473, 27667, 432616, 396610, 2318666956800.0,
411, 144549, 27680, 432681, 396580, 2318752415744.0,
412, 144543, 27623, 432441, 396562, 2318760673280.0,
413, 144861, 27599, 432369, 396603, 2318594342912.0,
414, 144887, 27605, 432274, 396473, 2318292877312.0,
415, 144630, 27605, 432307, 396569, 2318440857600.0,
416, 144693, 27631, 432121, 396450, 2318492106752.0,
417, 144867, 27604, 432216, 396543, 2318367064064.0,
418, 144501, 27667, 432556, 396586, 2318120255488.0,
419, 144775, 27609, 432383, 396627, 2318267318272.0,
420, 144828, 27614, 432290, 396644, 2318265745408.0,
421, 144850, 27663, 432294, 396524, 2318159183872.0,
422, 144742, 27645, 432350, 396592, 2317900447744.0,
423, 144615, 27693, 432285, 396574, 2318032699392.0,
424, 144782, 27707, 432324, 396562, 2318036762624.0,
425, 144805, 27704, 432307, 396601, 2317760724992.0,
426, 144767, 27614, 432449, 396665, 2317646036992.0,
427, 144668, 27710, 432295, 396583, 2317881049088.0,
428, 144823, 27665, 432268, 396638, 2317824163840.0,
429, 144772, 27659, 432315, 396622, 2317557694464.0,
430, 144786, 27688, 432241, 396562, 2317377601536.0,
431, 144384, 27733, 432430, 396553, 2317381926912.0,
432, 144358, 27773, 432674, 396503, 2317557432320.0,
433, 144583, 27748, 432550, 396394, 2317722845184.0,
434, 144618, 27752, 432688, 396386, 2317573816320.0,
435, 144764, 27717, 432659, 396521, 2317558218752.0,
436, 144667, 27647, 432552, 396649, 2317712752640.0,
437, 144896, 27578, 432563, 396573, 2318028374016.0,
438, 144680, 27607, 432543, 396588, 2317983547392.0,
439, 144645, 27664, 432532, 396588, 2318266138624.0,
440, 144496, 27638, 432578, 396551, 2318095351808.0,
441, 144704, 27641, 432415, 396515, 2318113177600.0,
442, 144781, 27582, 432462, 396422, 2318245298176.0,
443, 144794, 27597, 432488, 396457, 2318150926336.0,
444, 144581, 27600, 432430, 396456, 2318319353856.0,
445, 144426, 27665, 432552, 396485, 2318178844672.0,
446, 144582, 27644, 432407, 396518, 2318518321152.0,
447, 144410, 27643, 432536, 396507, 2318559215616.0,
448, 144601, 27698, 432684, 396575, 2318396030976.0,
449, 144528, 27799, 432638, 396554, 2318310703104.0,
450, 144515, 27676, 432607, 396472, 2318651490304.0,
451, 144592, 27667, 432713, 396621, 2318757134336.0,
452, 144609, 27687, 432538, 396676, 2318717026304.0,
453, 144653, 27684, 432464, 396680, 2318524219392.0,
454, 144448, 27694, 432509, 396691, 2318022213632.0,
455, 144654, 27652, 432376, 396769, 2317882753024.0,
456, 144920, 27603, 432191, 396634, 2318499184640.0,
457, 144965, 27586, 432091, 396613, 2318388822016.0,
458, 145005, 27584, 432179, 396494, 2318148829184.0,
459, 145194, 27633, 432046, 396592, 2317989183488.0,
460, 144961, 27636, 432325, 396598, 2317776453632.0,
461, 144907, 27663, 432349, 396498, 2317658619904.0,
462, 145265, 27638, 432187, 396462, 2317573685248.0,
463, 144996, 27645, 432400, 396580, 2317590855680.0,
464, 144829, 27730, 432401, 396627, 2317818920960.0,
465, 144490, 27752, 432543, 396606, 2317670154240.0,
466, 144421, 27812, 432409, 396616, 2317383892992.0,
467, 144528, 27716, 432435, 396447, 2317428064256.0,
468, 144713, 27694, 432495, 396447, 2317490454528.0,
469, 144947, 27707, 432432, 396436, 2317361741824.0,
470, 144758, 27707, 432376, 396440, 2317820493824.0,
471, 144814, 27646, 432410, 396319, 2317952745472.0,
472, 144869, 27675, 432573, 396409, 2317973716992.0,
473, 144983, 27648, 432539, 396337, 2317695320064.0,
474, 145021, 27686, 432472, 396449, 2317677756416.0,
475, 144690, 27714, 432484, 396448, 2317630308352.0,
476, 144877, 27754, 432439, 396486, 2317859684352.0,
477, 144800, 27658, 432444, 396456, 2318102167552.0,
478, 144608, 27694, 432645, 396581, 2318378860544.0,
479, 144540, 27646, 432605, 396628, 2318445576192.0,
480, 144505, 27670, 432751, 396599, 2318520942592.0,
481, 144475, 27588, 432763, 396544, 2318515830784.0,
482, 144525, 27659, 432609, 396767, 2318585561088.0,
483, 144769, 27647, 432656, 396696, 2318773780480.0,
484, 144742, 27641, 432686, 396668, 2318366932992.0,
485, 144168, 27639, 432684, 396713, 2318482276352.0,
486, 144480, 27617, 432541, 396669, 2318713749504.0,
487, 144337, 27702, 432584, 396737, 2319006433280.0,
488, 144450, 27614, 432457, 396722, 2319027929088.0,
489, 144334, 27624, 432627, 396776, 2318904590336.0,
490, 144412, 27654, 432581, 396748, 2319054405632.0,
491, 144440, 27656, 432597, 396777, 2319176695808.0,
492, 144457, 27690, 432719, 396761, 2319239086080.0,
493, 144342, 27628, 432680, 396866, 2319015084032.0,
494, 144346, 27671, 432572, 396805, 2319002632192.0,
495, 144409, 27625, 432526, 396798, 2318967504896.0,
496, 144187, 27694, 432537, 396754, 2318923202560.0,
497, 144490, 27646, 432497, 396735, 2318466285568.0,
498, 144481, 27688, 432467, 396673, 2318504558592.0,
499, 144623, 27674, 432469, 396686, 2318823718912.0,
500, 144872, 27620, 432399, 396641, 2318644936704.0,
501, 144963, 27627, 432412, 396541, 2318496038912.0,
502, 145007, 27597, 432223, 396575, 2318215938048.0,
503, 145063, 27578, 432206, 396507, 2317993639936.0,
504, 144875, 27653, 432241, 396526, 2318069530624.0,
505, 145050, 27643, 432308, 396526, 2317673955328.0,
506, 144800, 27693, 432342, 396510, 2317859160064.0,
507, 145025, 27711, 432170, 396532, 2317812105216.0,
508, 144729, 27700, 432199, 396522, 2317427408896.0,
509, 144869, 27679, 432222, 396543, 2317227393024.0,
510, 144711, 27765, 432473, 396456, 2317291618304.0,
511, 144912, 27730, 432462, 396466, 2317352435712.0,
512, 144828, 27698, 432398, 396591, 2317676576768.0,
513, 144749, 27612, 432352, 396657, 2317940293632.0,
514, 144473, 27697, 432551, 396511, 2317540392960.0,
515, 144775, 27693, 432400, 396512, 2317519683584.0,
516, 144635, 27654, 432303, 396527, 2317601472512.0,
517, 144494, 27689, 432533, 396483, 2317552713728.0,
518, 144655, 27674, 432429, 396425, 2317385334784.0,
519, 144761, 27692, 432517, 396471, 2317576175616.0,
520, 144501, 27739, 432570, 396619, 2317671071744.0,
521, 144463, 27642, 432500, 396531, 2317536985088.0,
522, 144798, 27545, 432403, 396469, 2317748011008.0,
523, 144453, 27693, 432569, 396611, 2318055899136.0,
524, 144670, 27615, 432623, 396587, 2318220918784.0,
525, 144757, 27664, 432513, 396592, 2318537326592.0,
526, 144316, 27733, 432704, 396741, 2318655029248.0,
527, 144530, 27693, 432574, 396659, 2318640349184.0,
528, 144585, 27600, 432417, 396545, 2318362083328.0,
529, 144458, 27655, 432413, 396508, 2318113439744.0,
530, 144784, 27640, 432403, 396558, 2318319091712.0,
531, 144591, 27651, 432463, 396642, 2318243332096.0,
532, 144457, 27674, 432539, 396602, 2318198505472.0,
533, 144372, 27705, 432624, 396586, 2318318305280.0,
534, 144517, 27673, 432414, 396628, 2318103740416.0,
535, 144617, 27637, 432436, 396580, 2317836877824.0,
536, 144566, 27658, 432471, 396556, 2317667008512.0,
537, 144586, 27653, 432334, 396685, 2317851688960.0,
538, 144672, 27610, 432343, 396774, 2317880000512.0,
539, 144543, 27706, 432463, 396815, 2317854572544.0,
540, 144456, 27691, 432344, 396807, 2318128250880.0,
541, 144505, 27691, 432382, 396794, 2318192345088.0,
542, 144253, 27765, 432609, 396748, 2318082113536.0,
543, 144013, 27678, 432915, 396705, 2317880000512.0,
544, 144133, 27704, 432747, 396756, 2318094172160.0,
545, 144453, 27664, 432616, 396719, 2317863616512.0,
546, 144726, 27638, 432492, 396627, 2317981843456.0,
547, 144449, 27663, 432592, 396644, 2318223147008.0,
548, 144638, 27622, 432528, 396647, 2318358282240.0,
549, 144742, 27628, 432412, 396601, 2318528806912.0,
550, 144748, 27578, 432436, 396669, 2318547288064.0,
551, 144865, 27616, 432401, 396672, 2318612692992.0,
552, 145022, 27568, 432303, 396721, 2318355791872.0,
553, 145038, 27578, 432230, 396649, 2317735428096.0,
554, 144898, 27606, 432399, 396624, 2317471449088.0,
555, 144665, 27641, 432226, 396601, 2317549305856.0,
556, 144761, 27606, 432211, 396571, 2317577617408.0,
557, 144586, 27728, 432371, 396676, 2317739622400.0,
558, 144534, 27719, 432279, 396717, 2317558480896.0,
559, 144813, 27683, 432189, 396595, 2317666615296.0,
560, 145040, 27600, 432127, 396688, 2317919977472.0,
561, 144943, 27672, 432235, 396713, 2317819707392.0,
562, 144771, 27648, 432367, 396658, 2317615235072.0,
563, 145191, 27614, 432141, 396605, 2317427277824.0,
564, 144828, 27645, 432260, 396588, 2317518241792.0,
565, 144786, 27648, 432253, 396634, 2317709213696.0,
566, 144983, 27669, 432377, 396594, 2317641842688.0,
567, 144908, 27686, 432342, 396473, 2317551796224.0,
568, 145102, 27622, 432336, 396515, 2317214416896.0,
569, 145165, 27592, 432292, 396424, 2317411680256.0,
570, 145002, 27602, 432046, 396429, 2317113360384.0,
571, 144687, 27735, 432287, 396450, 2316933791744.0,
572, 144916, 27677, 432463, 396454, 2316951879680.0,
573, 144989, 27679, 432480, 396490, 2317015318528.0,
574, 145115, 27597, 432339, 396346, 2316955811840.0,
575, 145040, 27662, 432415, 396388, 2317068009472.0,
576, 144933, 27678, 432418, 396207, 2317150846976.0,
577, 144884, 27693, 432557, 396214, 2317177192448.0,
578, 144964, 27676, 432457, 396362, 2317533577216.0,
579, 144603, 27697, 432558, 396461, 2317676969984.0,
580, 144852, 27769, 432476, 396447, 2317908705280.0,
581, 144609, 27690, 432608, 396395, 2318029422592.0,
582, 144798, 27627, 432329, 396307, 2317935575040.0,
583, 144837, 27677, 432526, 396353, 2318034403328.0,
584, 144764, 27651, 432469, 396414, 2318035451904.0,
585, 144529, 27703, 432395, 396424, 2317869383680.0,
586, 144553, 27683, 432601, 396454, 2318221443072.0,
587, 144515, 27677, 432627, 396504, 2317929676800.0,
588, 144629, 27704, 432540, 396627, 2318093647872.0,
589, 144495, 27693, 432625, 396545, 2318203879424.0,
590, 144520, 27624, 432739, 396560, 2318118420480.0,
591, 144483, 27580, 432425, 396524, 2318019985408.0,
592, 144737, 27613, 432402, 396650, 2317921812480.0,
593, 144691, 27685, 432498, 396574, 2318112129024.0,
594, 144476, 27693, 432589, 396634, 2318069268480.0,
595, 144810, 27604, 432351, 396536, 2317998358528.0,
596, 144698, 27640, 432399, 396523, 2317705936896.0,
597, 144633, 27623, 432364, 396464, 2317616283648.0,
598, 145013, 27595, 432104, 396483, 2317468434432.0,
599, 144890, 27579, 432285, 396551, 2317565558784.0,
600, 144790, 27634, 432236, 396592, 2317767802880.0,
601, 144598, 27661, 432169, 396656, 2317612089344.0,
602, 144413, 27709, 432430, 396657, 2317515751424.0,
603, 144742, 27657, 432444, 396667, 2317513261056.0,
604, 144105, 27782, 432726, 396692, 2317781434368.0,
605, 144243, 27693, 432668, 396705, 2317926924288.0,
606, 144106, 27742, 432833, 396732, 2318121304064.0,
607, 144170, 27754, 432888, 396865, 2318467334144.0,
608, 144032, 27760, 432850, 396800, 2318927659008.0,
609, 144133, 27722, 432750, 396797, 2319195701248.0,
610, 144335, 27680, 432609, 396742, 2319168569344.0,
611, 144281, 27658, 432769, 396876, 2319307898880.0,
612, 144163, 27628, 432663, 396726, 2319058993152.0,
613, 144508, 27599, 432556, 396706, 2319305801728.0,
614, 144272, 27607, 432558, 396728, 2319479603200.0,
615, 144575, 27538, 432597, 396774, 2319089139712.0,
616, 144615, 27557, 432583, 396627, 2319092940800.0,
617, 144355, 27605, 432568, 396682, 2318776664064.0,
618, 144481, 27566, 432659, 396669, 2318596702208.0,
619, 144402, 27614, 432644, 396675, 2318427488256.0,
620, 144434, 27722, 432488, 396755, 2318643625984.0,
621, 144343, 27695, 432596, 396671, 2318632747008.0,
622, 144199, 27668, 432616, 396749, 2318906425344.0,
623, 144893, 27589, 432385, 396729, 2318716370944.0,
624, 144589, 27695, 432423, 396652, 2318847442944.0,
625, 144810, 27711, 432431, 396651, 2318966718464.0,
626, 144650, 27654, 432498, 396610, 2318723448832.0,
627, 144443, 27673, 432385, 396667, 2318457372672.0,
628, 144696, 27672, 432377, 396752, 2318308999168.0,
629, 144790, 27657, 432333, 396676, 2317863616512.0,
630, 144550, 27653, 432480, 396715, 2318107672576.0,
631, 144475, 27711, 432494, 396550, 2317976469504.0,
632, 144481, 27714, 432495, 396649, 2318073331712.0,
633, 144694, 27664, 432386, 396686, 2318041481216.0,
634, 144663, 27646, 432346, 396735, 2318050263040.0,
635, 144664, 27625, 432365, 396664, 2317594394624.0,
636, 144809, 27648, 432545, 396709, 2317902020608.0,
637, 144871, 27635, 432483, 396578, 2317860864000.0,
638, 144740, 27702, 432325, 396563, 2317757186048.0,
639, 144669, 27656, 432338, 396522, 2317722451968.0,
640, 144910, 27668, 432513, 396511, 2317861650432.0,
641, 144907, 27637, 432318, 396409, 2317858766848.0,
642, 144828, 27639, 432271, 396411, 2318299168768.0,
643, 144852, 27675, 432423, 396388, 2318368243712.0,
644, 144569, 27647, 432445, 396367, 2318216593408.0,
645, 144821, 27636, 432431, 396409, 2318088667136.0,
646, 145122, 27666, 432219, 396387, 2318189854720.0,
647, 144784, 27632, 432430, 396416, 2317953138688.0,
648, 144904, 27694, 432334, 396430, 2317952090112.0,
649, 144854, 27598, 432327, 396450, 2317981581312.0,
650, 144566, 27619, 432425, 396568, 2317786284032.0,
651, 144765, 27661, 432338, 396550, 2317877116928.0,
652, 144841, 27679, 432456, 396500, 2317825605632.0,
653, 144856, 27680, 432353, 396481, 2317670416384.0,
654, 145047, 27647, 432228, 396369, 2317746044928.0,
655, 145197, 27663, 432362, 396512, 2318182514688.0,
656, 144830, 27682, 432305, 396483, 2317909884928.0,
657, 144592, 27716, 432340, 396564, 2317931118592.0,
658, 144570, 27758, 432374, 396559, 2318134018048.0,
659, 144612, 27758, 432494, 396528, 2318261813248.0,
660, 144538, 27713, 432662, 396462, 2318227996672.0,
661, 144563, 27720, 432411, 396412, 2318137556992.0,
662, 144435, 27747, 432590, 396531, 2318223933440.0,
663, 144587, 27604, 432567, 396572, 2318075297792.0,
664, 144603, 27656, 432546, 396493, 2318065598464.0,
665, 144529, 27690, 432592, 396574, 2318044626944.0,
666, 144822, 27746, 432466, 396488, 2318001111040.0,
667, 144892, 27574, 432386, 396465, 2318077526016.0,
668, 144888, 27557, 432416, 396521, 2318413070336.0,
669, 144851, 27593, 432509, 396482, 2318389084160.0,
670, 144833, 27608, 432298, 396508, 2318306115584.0,
671, 144785, 27654, 432385, 396669, 2318063894528.0,
672, 144623, 27667, 432437, 396598, 2318162329600.0,
673, 144585, 27678, 432494, 396675, 2318493548544.0,
674, 144793, 27674, 432409, 396615, 2318159052800.0,
675, 144618, 27641, 432333, 396743, 2318283177984.0,
676, 144699, 27742, 432429, 396618, 2318305329152.0,
677, 144624, 27740, 432528, 396629, 2318401798144.0,
678, 144566, 27683, 432439, 396651, 2318556069888.0,
679, 144497, 27630, 432454, 396710, 2318417264640.0,
680, 144814, 27658, 432399, 396625, 2318260895744.0,
681, 144690, 27635, 432436, 396630, 2317972799488.0,
682, 144683, 27638, 432477, 396643, 2317972013056.0,
683, 144870, 27676, 432345, 396629, 2318036893696.0,
684, 144966, 27727, 432408, 396579, 2317823377408.0,
685, 144914, 27639, 432422, 396536, 2318034665472.0,
686, 144858, 27620, 432444, 396546, 2318172946432.0,
687, 144929, 27637, 432285, 396506, 2318121959424.0,
688, 144883, 27708, 432218, 396554, 2317943308288.0,
689, 144785, 27635, 432276, 396502, 2318202044416.0,
690, 144866, 27646, 432277, 396545, 2318141620224.0,
691, 144703, 27638, 432315, 396384, 2318461435904.0,
692, 144938, 27598, 432335, 396352, 2318161936384.0,
693, 144981, 27656, 432232, 396352, 2317879738368.0,
694, 144821, 27633, 432250, 396374, 2317541048320.0,
695, 144842, 27708, 432119, 396430, 2317584957440.0,
696, 144620, 27717, 432341, 396562, 2317275627520.0,
697, 144865, 27682, 432340, 396563, 2317567131648.0,
698, 144857, 27657, 432339, 396424, 2317724942336.0,
699, 144681, 27724, 432408, 396474, 2317574340608.0,
700, 144504, 27687, 432624, 396575, 2317363052544.0,
701, 144650, 27698, 432519, 396563, 2317378125824.0,
702, 144744, 27613, 432338, 396526, 2317731233792.0,
703, 145031, 27572, 432330, 396461, 2317977387008.0,
704, 144853, 27594, 432406, 396451, 2317890748416.0,
705, 144877, 27614, 432260, 396436, 2317804109824.0,
706, 144841, 27668, 432421, 396486, 2317740802048.0,
707, 145025, 27664, 432327, 396363, 2317585874944.0,
708, 144707, 27709, 432463, 396503, 2317383630848.0,
709, 144679, 27683, 432414, 396613, 2317504086016.0,
710, 144442, 27718, 432420, 396703, 2317552189440.0,
711, 144657, 27748, 432501, 396697, 2317744865280.0,
712, 144575, 27695, 432351, 396603, 2317648527360.0,
713, 144663, 27717, 432312, 396572, 2317300137984.0,
714, 144421, 27703, 432599, 396686, 2317245087744.0,
715, 144407, 27640, 432636, 396544, 2317607895040.0,
716, 144656, 27691, 432341, 396555, 2317879345152.0,
717, 144515, 27669, 432461, 396563, 2318130872320.0,
718, 144313, 27708, 432481, 396690, 2318111473664.0,
719, 144505, 27721, 432692, 396645, 2317815644160.0,
