0, 1001365, 0, 0, 0, 0.0,
1, 991352, 10011, 2, 0, 0.0,
2, 931, 990246, 10185, 0, 5357185536.0,
3, 0, 983746, 17618, 0, 11525722112.0,
4, 0, 943555, 57809, 0, 28658927616.0,
5, 0, 850465, 150897, 2, 79733932032.0,
6, 0, 712345, 289002, 14, 188763455488.0,
7, 1, 555399, 445904, 59, 367387852800.0,
8, 1, 405877, 595291, 203, 611225436160.0,
9, 1, 280595, 720148, 582, 904590753792.0,
10, 2, 184948, 814779, 1546, 1227332386816.0,
11, 3, 117159, 880375, 3734, 1561002835968.0,
12, 5, 72206, 920854, 8271, 1887633211392.0,
13, 10, 44316, 940293, 16715, 2203617198080.0,
14, 19, 28582, 941986, 30798, 2484534247424.0,
15, 33, 21493, 927679, 52133, 2734551990272.0,
16, 51, 20844, 898877, 81604, 2939181727744.0,
17, 75, 25139, 857182, 118967, 3139567616000.0,
18, 101, 33409, 804973, 162805, 3254371876864.0,
19, 130, 44930, 745568, 210740, 3370837344256.0,
20, 161, 58801, 682817, 259594, 3404655493120.0,
21, 191, 73966, 621293, 305858, 3409964302336.0,
22, 216, 89492, 564978, 346629, 3394435678208.0,
23, 237, 104296, 517456, 379477, 3350011314176.0,
24, 257, 117253, 481018, 402839, 3265864269824.0,
25, 259, 127684, 457198, 416226, 3182803288064.0,
26, 263, 134924, 445961, 420193, 3124476641280.0,
27, 261, 138764, 446770, 415609, 3048493940736.0,
28, 253, 139249, 458133, 403839, 2972486860800.0,
29, 240, 136645, 478039, 386530, 2924487114752.0,
30, 230, 131213, 504431, 365589, 2899548176384.0,
31, 216, 123776, 535209, 342233, 2890466459648.0,
32, 203, 114792, 568372, 318113, 2895672115200.0,
33, 182, 104867, 602220, 294130, 2915387965440.0,
34, 173, 94654, 635249, 271296, 2952920563712.0,
35, 157, 84569, 666452, 250229, 3013751865344.0,
36, 147, 74969, 694944, 231317, 3087804006400.0,
37, 138, 66200, 720088, 214878, 3149819674624.0,
38, 128, 58441, 741735, 201022, 3216574644224.0,
39, 122, 51879, 759615, 189765, 3314212274176.0,
40, 114, 46465, 773821, 180968, 3394377351168.0,
41, 112, 42260, 784428, 174570, 3453126311936.0,
42, 110, 39194, 791673, 170404, 3542401024000.0,
43, 106, 37120, 795877, 168308, 3628912738304.0,
44, 105, 36053, 797219, 167992, 3677219192832.0,
45, 110, 35822, 796091, 169315, 3721909895168.0,
46, 109, 36290, 793039, 171928, 3784694693888.0,
47, 113, 37378, 788115, 175731, 3848021344256.0,
48, 115, 38992, 781804, 180450, 3890664570880.0,
49, 122, 40989, 774441, 185770, 3915265343488.0,
50, 123, 43266, 766261, 191691, 3929808961536.0,
51, 130, 45833, 757575, 197868, 3939082174464.0,
52, 133, 48409, 748585, 204182, 3944771223552.0,
53, 136, 51102, 739597, 210564, 3947194351616.0,
54, 140, 53763, 730726, 216759, 3946373709824.0,
55, 143, 56324, 722189, 222692, 3942772375552.0,
56, 146, 58866, 714052, 228326, 3936777797632.0,
57, 150, 61173, 706545, 233520, 3928726700032.0,
58, 155, 63394, 699729, 238100, 3918332035072.0,
59, 156, 65382, 693663, 242191, 3904990216192.0,
60, 157, 67158, 688395, 245694, 3888022028288.0,
61, 160, 68717, 683834, 248593, 3867224178688.0,
62, 160, 70015, 680249, 250925, 3842756706304.0,
63, 162, 71111, 677416, 252683, 3816736423936.0,
64, 163, 71911, 675404, 253828, 3790795440128.0,
65, 160, 72514, 674057, 254599, 3767118594048.0,
66, 164, 72960, 673396, 254781, 3746882256896.0,
67, 164, 73164, 673398, 254709, 3730312134656.0,
68, 162, 73171, 673909, 254158, 3717166268416.0,
69, 165, 73054, 674812, 253381, 3706907131904.0,
70, 160, 72785, 676100, 252319, 3698897977344.0,
71, 160, 72421, 677803, 250940, 3692939182080.0,
72, 159, 71929, 679784, 249552, 3688475656192.0,
73, 156, 71366, 681940, 247911, 3685271207936.0,
74, 154, 70814, 684163, 246268, 3683168026624.0,
75, 153, 70172, 686485, 244590, 3682229813248.0,
76, 155, 69518, 688865, 242906, 3682009088000.0,
77, 150, 68748, 691172, 241280, 3682932752384.0,
78, 154, 68115, 693408, 239724, 3684472324096.0,
79, 152, 67432, 695548, 238272, 3686728990720.0,
80, 151, 66794, 697610, 236889, 3689455419392.0,
81, 152, 66234, 699431, 235654, 3692740345856.0,
82, 151, 65634, 701070, 234514, 3696532258816.0,
83, 148, 65099, 702588, 233542, 3700793016320.0,
84, 149, 64665, 703901, 232559, 3705345671168.0,
85, 146, 64257, 705060, 231826, 3710255497216.0,
86, 151, 63899, 706089, 231248, 3715268083712.0,
87, 147, 63620, 706899, 230825, 3720521711616.0,
88, 147, 63311, 707465, 230417, 3725800636416.0,
89, 147, 63112, 707890, 230240, 3731145883648.0,
90, 149, 62981, 708169, 230071, 3736583012352.0,
91, 147, 62855, 708315, 230119, 3741615259648.0,
92, 149, 62845, 708238, 230128, 3746267529216.0,
93, 148, 62810, 708100, 230307, 3750237306880.0,
94, 146, 62871, 707884, 230493, 3754140893184.0,
95, 145, 62905, 707602, 230747, 3757414023168.0,
96, 149, 62959, 707259, 231014, 3760322904064.0,
97, 148, 63097, 706826, 231308, 3762469863424.0,
98, 151, 63229, 706388, 231665, 3764258078720.0,
99, 149, 63321, 706005, 231943, 3765609168896.0,
100, 150, 63474, 705483, 232312, 3766476472320.0,
101, 149, 63571, 704999, 232695, 3766818439168.0,
102, 149, 63705, 704455, 232979, 3766776758272.0,
103, 148, 63848, 703999, 233376, 3766619209728.0,
104, 150, 63984, 703543, 233650, 3766152855552.0,
105, 149, 64158, 703096, 233980, 3765484781568.0,
106, 152, 64302, 702656, 234265, 3764337377280.0,
107, 149, 64460, 702267, 234494, 3763113951232.0,
108, 151, 64552, 701915, 234680, 3761756569600.0,
109, 152, 64669, 701579, 234909, 3760293412864.0,
110, 150, 64802, 701298, 235137, 3758882291712.0,
111, 151, 64895, 701038, 235276, 3757331841024.0,
112, 150, 64948, 700850, 235485, 3755791613952.0,
113, 151, 65001, 700579, 235605, 3754280615936.0,
114, 149, 65077, 700505, 235680, 3752822046720.0,
115, 153, 65134, 700287, 235789, 3751510016000.0,
116, 149, 65212, 700141, 235856, 3750123143168.0,
117, 150, 65253, 700074, 235847, 3748860002304.0,
118, 153, 65256, 700074, 235887, 3747886268416.0,
119, 149, 65243, 700089, 235945, 3746785132544.0,
120, 151, 65239, 700057, 235909, 3745789247488.0,
121, 150, 65268, 700030, 235891, 3744914341888.0,
122, 151, 65306, 700055, 235907, 3744222019584.0,
123, 151, 65299, 700064, 235795, 3743565742080.0,
124, 151, 65275, 700164, 235786, 3743108300800.0,
125, 150, 65268, 700213, 235722, 3742672355328.0,
126, 149, 65231, 700321, 235651, 3742316625920.0,
127, 151, 65199, 700371, 235602, 3741936910336.0,
128, 150, 65209, 700315, 235614, 3741559816192.0,
129, 151, 65190, 700422, 235536, 3741397024768.0,
130, 151, 65163, 700532, 235473, 3741399384064.0,
131, 148, 65119, 700697, 235428, 3741303046144.0,
132, 152, 65121, 700757, 235353, 3741210902528.0,
133, 152, 65098, 700856, 235349, 3741275127808.0,
134, 152, 65090, 700835, 235356, 3741376315392.0,
135, 150, 65046, 700915, 235243, 3741536354304.0,
136, 147, 65019, 701051, 235180, 3741685514240.0,
137, 151, 64972, 701199, 235119, 3741985931264.0,
138, 150, 64982, 701222, 235027, 3742321213440.0,
139, 150, 64961, 701347, 234972, 3742550982656.0,
140, 151, 64891, 701342, 234914, 3742756765696.0,
141, 153, 64919, 701415, 234947, 3743088771072.0,
142, 150, 64861, 701482, 234846, 3743365201920.0,
143, 152, 64850, 701472, 234836, 3743637438464.0,
144, 148, 64810, 701533, 234809, 3743882412032.0,
145, 154, 64830, 701653, 234836, 3744130531328.0,
146, 150, 64833, 701596, 234827, 3744589414400.0,
147, 151, 64839, 701531, 234815, 3744810532864.0,
148, 149, 64853, 701563, 234818, 3745058652160.0,
149, 150, 64837, 701582, 234711, 3745210040320.0,
150, 149, 64830, 701639, 234752, 3745355923456.0,
151, 151, 64820, 701615, 234772, 3745680457728.0,
152, 153, 64785, 701654, 234745, 3746033958912.0,
153, 149, 64767, 701538, 234791, 3746113519616.0,
154, 149, 64835, 701583, 234781, 3746078654464.0,
155, 149, 64821, 701541, 234803, 3746230829056.0,
156, 151, 64795, 701563, 234819, 3746239873024.0,
157, 150, 64833, 701607, 234718, 3746386018304.0,
158, 151, 64817, 701617, 234757, 3746465054720.0,
159, 147, 64804, 701593, 234787, 3746429796352.0,
160, 153, 64825, 701545, 234777, 3746433728512.0,
161, 151, 64837, 701539, 234810, 3746493235200.0,
162, 151, 64837, 701441, 234899, 3746546057216.0,
163, 150, 64836, 701458, 234926, 3746451554304.0,
164, 152, 64827, 701475, 234947, 3746525478912.0,
165, 149, 64839, 701455, 234901, 3746519973888.0,
166, 152, 64867, 701407, 234944, 3746339618816.0,
167, 150, 64861, 701398, 234955, 3746457190400.0,
168, 150, 64864, 701297, 234961, 3746355085312.0,
169, 150, 64891, 701327, 234919, 3746396897280.0,
170, 149, 64869, 701323, 234971, 3746214707200.0,
171, 152, 64859, 701354, 234949, 3746037497856.0,
172, 151, 64868, 701322, 234975, 3745909178368.0,
173, 151, 64892, 701290, 234982, 3745795670016.0,
174, 150, 64855, 701328, 234985, 3745681899520.0,
175, 148, 64863, 701368, 235033, 3745569832960.0,
176, 151, 64915, 701362, 234929, 3745610727424.0,
177, 150, 64898, 701364, 234966, 3745647296512.0,
178, 151, 64905, 701324, 235010, 3745644806144.0,
179, 148, 64905, 701437, 234960, 3745665777664.0,
180, 151, 64922, 701413, 234921, 3745646379008.0,
181, 151, 64877, 701447, 234908, 3745654898688.0,
182, 150, 64864, 701435, 234913, 3745709424640.0,
183, 151, 64889, 701337, 234923, 3745697497088.0,
184, 152, 64888, 701313, 235036, 3745699594240.0,
185, 153, 64897, 701339, 234952, 3745715060736.0,
186, 152, 64904, 701338, 234990, 3745650180096.0,
187, 151, 64905, 701286, 235055, 3745652801536.0,
188, 152, 64940, 701338, 235013, 3745633009664.0,
189, 147, 64917, 701291, 235002, 3745661976576.0,
190, 150, 64903, 701345, 234966, 3745674035200.0,
191, 152, 64918, 701366, 234914, 3745709162496.0,
192, 150, 64877, 701421, 234901, 3745725546496.0,
193, 149, 64877, 701437, 234903, 3745721745408.0,
194, 153, 64910, 701377, 234874, 3745718075392.0,
195, 151, 64887, 701373, 234918, 3745722531840.0,
196, 151, 64903, 701313, 234946, 3745760673792.0,
197, 150, 64916, 701317, 234950, 3745726201856.0,
198, 148, 64930, 701292, 235013, 3745690419200.0,
199, 150, 64924, 701340, 234974, 3745608761344.0,
200, 151, 64886, 701340, 235069, 3745582809088.0,
201, 150, 64892, 701233, 235084, 3745559347200.0,
202, 151, 64926, 701243, 234993, 3745450950656.0,
203, 150, 64906, 701257, 235044, 3745384628224.0,
204, 149, 64920, 701241, 235044, 3745332854784.0,
205, 152, 64939, 701311, 235038, 3745285144576.0,
206, 149, 64922, 701281, 234985, 3745235468288.0,
207, 150, 64922, 701335, 234985, 3745269153792.0,
208, 150, 64892, 701376, 234940, 3745369292800.0,
209, 151, 64892, 701394, 234954, 3745528152064.0,
210, 152, 64859, 701381, 234998, 3745431420928.0,
211, 152, 64866, 701303, 235045, 3745370865664.0,
212, 151, 64846, 701361, 235002, 3745322500096.0,
213, 153, 64911, 701360, 234969, 3745264828416.0,
214, 150, 64882, 701429, 234932, 3745201389568.0,
215, 151, 64904, 701469, 234888, 3745352908800.0,
216, 153, 64848, 701454, 234855, 3745361428480.0,
217, 150, 64893, 701463, 234892, 3745518059520.0,
218, 149, 64910, 701363, 234828, 3745639563264.0,
219, 152, 64877, 701390, 234895, 3745810612224.0,
220, 151, 64842, 701370, 234958, 3745707458560.0,
221, 153, 64856, 701425, 234925, 3745686224896.0,
222, 148, 64886, 701391, 234932, 3745763295232.0,
223, 151, 64871, 701399, 234888, 3745827389440.0,
224, 154, 64871, 701400, 234963, 3745888075776.0,
225, 149, 64896, 701488, 234853, 3745889517568.0,
226, 151, 64915, 701410, 234884, 3745851113472.0,
227, 150, 64875, 701471, 234926, 3745993457664.0,
228, 147, 64908, 701372, 234941, 3745929363456.0,
229, 151, 64892, 701429, 234887, 3745840889856.0,
230, 151, 64886, 701413, 234971, 3745880473600.0,
231, 150, 64879, 701401, 234927, 3745851506688.0,
232, 151, 64879, 701379, 234943, 3745819525120.0,
233, 150, 64876, 701363, 234936, 3745597620224.0,
234, 152, 64846, 701358, 235005, 3745801437184.0,
235, 150, 64885, 701349, 235002, 3745807073280.0,
236, 150, 64873, 701439, 234994, 3745811660800.0,
237, 149, 64873, 701366, 234982, 3745760804864.0,
238, 153, 64875, 701378, 234941, 3745692778496.0,
239, 150, 64883, 701365, 234967, 3745604304896.0,
240, 153, 64901, 701315, 235002, 3745443479552.0,
241, 151, 64920, 701311, 235020, 3745324466176.0,
242, 149, 64906, 701224, 235061, 3745350156288.0,
243, 150, 64866, 701231, 235048, 3745189199872.0,
244, 151, 64888, 701345, 234989, 3745250279424.0,
245, 152, 64844, 701369, 234984, 3745249361920.0,
246, 153, 64865, 701379, 234997, 3745441251328.0,
247, 147, 64872, 701394, 234956, 3745401143296.0,
248, 151, 64845, 701417, 234982, 3745453178880.0,
249, 150, 64845, 701362, 234976, 3745431814144.0,
250, 152, 64897, 701346, 234959, 3745456062464.0,
251, 151, 64873, 701424, 234934, 3745606270976.0,
252, 151, 64901, 701329, 234930, 3745627373568.0,
253, 147, 64864, 701438, 234892, 3745459339264.0,
254, 154, 64861, 701359, 234937, 3745498660864.0,
255, 153, 64924, 701405, 234878, 3745520943104.0,
256, 149, 64873, 701387, 234911, 3745488175104.0,
257, 150, 64839, 701408, 234914, 3745699856384.0,
258, 153, 64895, 701489, 234906, 3745891876864.0,
259, 152, 64869, 701461, 234911, 3746003156992.0,
260, 151, 64832, 701504, 234912, 3745956495360.0,
261, 148, 64866, 701467, 234917, 3745866448896.0,
262, 151, 64857, 701453, 234925, 3746089009152.0,
263, 151, 64889, 701420, 234964, 3745968553984.0,
264, 150, 64879, 701393, 234960, 3745972617216.0,
265, 150, 64884, 701377, 234917, 3746055716864.0,
266, 151, 64917, 701322, 234941, 3746029371392.0,
267, 149, 64892, 701296, 235006, 3745947189248.0,
268, 152, 64866, 701239, 235070, 3745824112640.0,
269, 148, 64915, 701226, 235050, 3745586741248.0,
270, 149, 64864, 701330, 235077, 3745621999616.0,
271, 151, 64848, 701295, 235007, 3745649917952.0,
272, 149, 64862, 701304, 235053, 3745710211072.0,
273, 151, 64885, 701292, 235054, 3745723842560.0,
274, 150, 64847, 701241, 235084, 3745504296960.0,
275, 149, 64880, 701328, 235025, 3745395113984.0,
276, 151, 64913, 701308, 235010, 3745413201920.0,
277, 151, 64950, 701291, 234967, 3745432862720.0,
278, 153, 64928, 701294, 234933, 3745313718272.0,
279, 149, 64858, 701375, 234940, 3745358020608.0,
280, 152, 64895, 701363, 234989, 3745500233728.0,
281, 150, 64919, 701342, 234959, 3745319747584.0,
282, 151, 64911, 701384, 234922, 3745194311680.0,
283, 150, 64933, 701370, 234932, 3745313587200.0,
284, 149, 64903, 701340, 234990, 3745351467008.0,
285, 148, 64899, 701350, 234965, 3745339408384.0,
286, 150, 64920, 701400, 234940, 3745411497984.0,
287, 149, 64896, 701320, 234926, 3745520812032.0,
288, 152, 64893, 701365, 234937, 3745676263424.0,
289, 149, 64881, 701388, 234939, 3745776140288.0,
290, 152, 64882, 701390, 234974, 3745757921280.0,
291, 151, 64856, 701368, 234997, 3745832108032.0,
292, 152, 64859, 701395, 234977, 3745720827904.0,
293, 150, 64851, 701425, 234969, 3745772470272.0,
294, 152, 64864, 701385, 234968, 3745850458112.0,
295, 151, 64856, 701377, 234933, 3745744551936.0,
296, 152, 64850, 701450, 234852, 3745740488704.0,
297, 146, 64840, 701491, 234913, 3745676132352.0,
298, 149, 64849, 701453, 234958, 3745812054016.0,
299, 148, 64861, 701440, 234955, 3745845084160.0,
300, 151, 64839, 701386, 234919, 3745846132736.0,
301, 151, 64875, 701420, 234986, 3745741012992.0,
302, 152, 64811, 701411, 234943, 3745817821184.0,
303, 151, 64865, 701405, 234918, 3745803927552.0,
304, 150, 64846, 701426, 234924, 3745837875200.0,
305, 149, 64881, 701343, 234963, 3745874837504.0,
306, 150, 64886, 701362, 234939, 3745886240768.0,
307, 150, 64912, 701308, 235015, 3745966718976.0,
308, 152, 64890, 701318, 234970, 3745657782272.0,
309, 152, 64908, 701288, 234980, 3745613086720.0,
310, 153, 64936, 701315, 234996, 3745577959424.0,
311, 151, 64912, 701291, 234953, 3745578614784.0,
312, 150, 64902, 701312, 234952, 3745674428416.0,
313, 150, 64947, 701313, 234933, 3745741144064.0,
314, 151, 64913, 701333, 234977, 3745692516352.0,
315, 150, 64873, 701358, 234994, 3745495646208.0,
316, 151, 64873, 701387, 234981, 3745649524736.0,
317, 149, 64839, 701418, 234955, 3745736294400.0,
318, 151, 64869, 701419, 234913, 3745694744576.0,
319, 153, 64871, 701415, 234943, 3745736163328.0,
320, 150, 64871, 701317, 234946, 3745673641984.0,
321, 151, 64892, 701346, 234973, 3745588183040.0,
322, 150, 64862, 701357, 234960, 3745619640320.0,
323, 149, 64895, 701287, 235000, 3745565638656.0,
324, 149, 64903, 701286, 234997, 3745579008000.0,
325, 149, 64906, 701344, 234974, 3745540341760.0,
326, 151, 64906, 701360, 234909, 3745582153728.0,
327, 150, 64907, 701375, 234938, 3745607712768.0,
328, 151, 64871, 701399, 234960, 3745542701056.0,
329, 151, 64843, 701440, 234975, 3745458683904.0,
330, 149, 64850, 701409, 234947, 3745483849728.0,
331, 151, 64895, 701385, 234919, 3745495252992.0,
332, 150, 64924, 701428, 234846, 3745566556160.0,
333, 153, 64886, 701429, 234862, 3745636286464.0,
334, 150, 64903, 701405, 234917, 3745560264704.0,
335, 150, 64865, 701312, 234980, 3745679802368.0,
336, 150, 64815, 701363, 234998, 3745934213120.0,
337, 150, 64860, 701332, 235021, 3745720565760.0,
338, 153, 64864, 701320, 235048, 3745785184256.0,
339, 148, 64883, 701341, 235014, 3745540472832.0,
340, 146, 64940, 701292, 234943, 3745420148736.0,
341, 152, 64921, 701346, 234924, 3745347272704.0,
342, 150, 64920, 701361, 234988, 3745345044480.0,
343, 150, 64919, 701366, 234957, 3745429979136.0,
344, 151, 64900, 701428, 234913, 3745475067904.0,
345, 152, 64886, 701401, 234915, 3745609547776.0,
346, 150, 64881, 701385, 234921, 3745662238720.0,
347, 151, 64882, 701345, 235001, 3745606008832.0,
348, 151, 64880, 701344, 234930, 3745575600128.0,
349, 149, 64861, 701347, 234982, 3745626062848.0,
350, 150, 64883, 701376, 234913, 3745521729536.0,
351, 150, 64918, 701385, 234930, 3745498398720.0,
352, 151, 64902, 701395, 234929, 3745562361856.0,
353, 152, 64900, 701334, 234964, 3745604567040.0,
354, 153, 64901, 701228, 235019, 3745512685568.0,
355, 151, 64882, 701323, 234988, 3745510064128.0,
356, 151, 64867, 701347, 235050, 3745574289408.0,
357, 149, 64873, 701328, 234980, 3745543880704.0,
358, 148, 64874, 701377, 234955, 3745520943104.0,
359, 151, 64836, 701395, 234978, 3745520156672.0,
360, 153, 64855, 701435, 234926, 3745500233728.0,
361, 150, 64871, 701464, 234860, 3745504952320.0,
362, 152, 64867, 701446, 234915, 3745471004672.0,
363, 149, 64907, 701406, 234909, 3745623965696.0,
364, 150, 64921, 701484, 234867, 3745800650752.0,
365, 150, 64893, 701490, 234879, 3745831321600.0,
366, 151, 64892, 701446, 234895, 3745839448064.0,
367, 151, 64889, 701436, 234898, 3745855176704.0,
368, 150, 64899, 701458, 234891, 3745719123968.0,
369, 147, 64900, 701437, 234918, 3745743634432.0,
370, 152, 64877, 701378, 234923, 3745998176256.0,
371, 149, 64866, 701366, 234963, 3745882701824.0,
372, 151, 64837, 701361, 234992, 3745888600064.0,
373, 148, 64877, 701307, 235038, 3745816117248.0,
374, 151, 64851, 701266, 235017, 3745680326656.0,
375, 147, 64859, 701253, 235024, 3745508098048.0,
376, 151, 64910, 701210, 235024, 3745556201472.0,
377, 151, 64875, 701302, 235025, 3745445052416.0,
378, 150, 64833, 701331, 235013, 3745385021440.0,
379, 152, 64898, 701311, 235014, 3745353957376.0,
380, 153, 64895, 701282, 235070, 3745369554944.0,
381, 149, 64898, 701326, 235012, 3745433780224.0,
382, 152, 64915, 701356, 234955, 3745498267648.0,
383, 150, 64925, 701329, 234930, 3745436925952.0,
384, 150, 64870, 701375, 234961, 3745559478272.0,
385, 153, 64882, 701312, 235012, 3745511112704.0,
386, 149, 64924, 701305, 234933, 3745551613952.0,
387, 150, 64902, 701326, 234935, 3745383055360.0,
388, 149, 64924, 701365, 234961, 3745400225792.0,
389, 150, 64918, 701435, 234928, 3745501675520.0,
390, 147, 64904, 701310, 234984, 3745528807424.0,
391, 152, 64892, 701343, 234998, 3745540341760.0,
392, 151, 64882, 701402, 235007, 3745613479936.0,
393, 152, 64891, 701402, 234894, 3745565769728.0,
394, 152, 64846, 701445, 234899, 3745589231616.0,
395, 150, 64881, 701480, 234897, 3745581891584.0,
396, 150, 64814, 701502, 234923, 3745786888192.0,
397, 151, 64868, 701462, 234898, 3745678229504.0,
398, 152, 64892, 701397, 234897, 3745688190976.0,
399, 152, 64913, 701463, 234915, 3745762246656.0,
400, 149, 64908, 701436, 234886, 3745694482432.0,
401, 151, 64893, 701464, 234903, 3745752023040.0,
402, 151, 64879, 701460, 234881, 3745663025152.0,
403, 151, 64895, 701381, 234900, 3745632223232.0,
404, 149, 64888, 701358, 234957, 3745715716096.0,
405, 152, 64883, 701356, 234981, 3745732493312.0,
406, 150, 64893, 701323, 234972, 3745660928000.0,
407, 151, 64867, 701340, 234948, 3745813757952.0,
408, 148, 64872, 701443, 234917, 3745785839616.0,
409, 152, 64851, 701365, 235039, 3745698676736.0,
410, 149, 64896, 701299, 235054, 3745726857216.0,
411, 151, 64913, 701267, 235069, 3745546895360.0,
412, 147, 64864, 701287, 235021, 3745500495872.0,
413, 151, 64871, 701304, 235083, 3745392885760.0,
414, 150, 64841, 701325, 235017, 3745321975808.0,
415, 150, 64896, 701306, 235038, 3745303101440.0,
416, 149, 64880, 701332, 235002, 3745261289472.0,
417, 152, 64888, 701372, 234976, 3745383972864.0,
418, 149, 64894, 701398, 234987, 3745445969920.0,
419, 152, 64910, 701365, 234961, 3745620819968.0,
420, 152, 64913, 701428, 234922, 3745525137408.0,
421, 151, 64898, 701449, 234898, 3745525923840.0,
422, 151, 64860, 701431, 234946, 3745628553216.0,
423, 149, 64881, 701348, 234972, 3745781514240.0,
424, 151, 64870, 701335, 235000, 3745762377728.0,
425, 150, 64896, 701339, 234987, 3745597882368.0,
426, 152, 64919, 701292, 234977, 3745556856832.0,
427, 152, 64878, 701280, 234945, 3745581891584.0,
428, 153, 64899, 701329, 234970, 3745777319936.0,
429, 150, 64884, 701441, 234887, 3745745731584.0,
430, 148, 64881, 701392, 234942, 3745691336704.0,
431, 151, 64849, 701417, 234921, 3745660010496.0,
432, 149, 64891, 701339, 234970, 3745681768448.0,
433, 152, 64902, 701368, 234954, 3745548730368.0,
434, 151, 64890, 701365, 234974, 3745444003840.0,
435, 150, 64904, 701349, 234950, 3745503379456.0,
436, 147, 64913, 701333, 234979, 3745489092608.0,
437, 150, 64872, 701350, 234972, 3745496825856.0,
438, 148, 64905, 701342, 234991, 3745620819968.0,
439, 152, 64872, 701345, 235029, 3745812447232.0,
440, 151, 64893, 701417, 234988, 3745706934272.0,
441, 150, 64837, 701372, 234988, 3745535098880.0,
442, 149, 64861, 701459, 234948, 3745365622784.0,
443, 151, 64872, 701351, 234973, 3745466286080.0,
444, 150, 64866, 701382, 234966, 3745530511360.0,
445, 153, 64890, 701429, 234980, 3745437188096.0,
446, 152, 64887, 701431, 234868, 3745446494208.0,
447, 150, 64869, 701425, 234910, 3745509539840.0,
448, 153, 64845, 701446, 234921, 3745623834624.0,
449, 152, 64879, 701423, 234971, 3745670496256.0,
450, 151, 64906, 701319, 234966, 3745678491648.0,
451, 150, 64916, 701361, 234940, 3745457635328.0,
452, 150, 64888, 701412, 234931, 3745491058688.0,
453, 148, 64912, 701361, 234952, 3745566949376.0,
454, 150, 64897, 701317, 234943, 3745654898688.0,
455, 150, 64882, 701251, 234979, 3745581891584.0,
456, 151, 64874, 701352, 234930, 3745575337984.0,
457, 147, 64859, 701329, 234983, 3745435484160.0,
458, 151, 64879, 701437, 234947, 3745495121920.0,
459, 150, 64918, 701409, 234925, 3745431814144.0,
460, 151, 64932, 701373, 234974, 3745495908352.0,
461, 153, 64900, 701359, 235012, 3745576517632.0,
462, 148, 64902, 701412, 234944, 3745643233280.0,
463, 150, 64934, 701431, 234995, 3745645199360.0,
464, 149, 64855, 701367, 234988, 3745652932608.0,
465, 149, 64853, 701372, 234983, 3745623965696.0,
466, 151, 64866, 701353, 235000, 3745622261760.0,
467, 151, 64863, 701261, 235041, 3745644806144.0,
468, 152, 64873, 701307, 234933, 3745710735360.0,
469, 150, 64849, 701329, 235009, 3745747566592.0,
470, 151, 64856, 701351, 234995, 3745632878592.0,
471, 151, 64904, 701338, 234968, 3745537851392.0,
472, 148, 64914, 701424, 235008, 3745482670080.0,
473, 149, 64906, 701393, 234945, 3745417789440.0,
474, 149, 64888, 701477, 234928, 3745404813312.0,
475, 149, 64883, 701419, 234982, 3745517273088.0,
476, 148, 64849, 701366, 234945, 3745493811200.0,
477, 151, 64829, 701401, 234966, 3745557905408.0,
478, 153, 64863, 701379, 234973, 3745636810752.0,
479, 150, 64889, 701301, 235008, 3745579139072.0,
480, 151, 64918, 701273, 235010, 3745547943936.0,
481, 149, 64929, 701294, 235058, 3745642971136.0,
482, 149, 64920, 701334, 234997, 3745593950208.0,
483, 147, 64900, 701379, 234995, 3745593425920.0,
484, 147, 64925, 701442, 234908, 3745407827968.0,
485, 152, 64920, 701415, 234892, 3745362477056.0,
486, 152, 64861, 701419, 234914, 3745478737920.0,
487, 152, 64882, 701404, 234835, 3745623703552.0,
488, 151, 64904, 701389, 234921, 3745760018432.0,
489, 149, 64906, 701413, 234926, 3745774305280.0,
490, 151, 64907, 701373, 234966, 3745540866048.0,
491, 152, 64899, 701363, 234994, 3745507573760.0,
492, 149, 64880, 701395, 234994, 3745550696448.0,
493, 155, 64895, 701301, 234927, 3745683210240.0,
494, 150, 64876, 701390, 234963, 3745761067008.0,
495, 148, 64911, 701347, 235048, 3745682292736.0,
496, 150, 64860, 701318, 234945, 3745618198528.0,
497, 148, 64840, 701365, 234937, 3745554104320.0,
498, 152, 64852, 701373, 234889, 3745516617728.0,
499, 149, 64847, 701419, 234939, 3745519108096.0,
500, 148, 64853, 701429, 234893, 3745582415872.0,
501, 152, 64863, 701444, 234945, 3745705230336.0,
502, 151, 64881, 701453, 234922, 3745683865600.0,
503, 152, 64879, 701376, 234924, 3745667219456.0,
504, 148, 64859, 701360, 234966, 3745659092992.0,
505, 150, 64856, 701349, 235009, 3745803796480.0,
506, 150, 64892, 701347, 234956, 3745807597568.0,
507, 152, 64861, 701372, 234951, 3745904590848.0,
508, 148, 64932, 701309, 235001, 3745835646976.0,
509, 151, 64867, 701277, 235034, 3745735639040.0,
510, 151, 64906, 701365, 234979, 3745589493760.0,
511, 152, 64904, 701329, 235026, 3745531166720.0,
512, 151, 64894, 701235, 235052, 3745490403328.0,
513, 151, 64919, 701291, 235003, 3745378598912.0,
514, 152, 64909, 701274, 235046, 3745365360640.0,
515, 152, 64899, 701333, 235011, 3745389477888.0,
516, 150, 64938, 701386, 234980, 3745413726208.0,
517, 153, 64906, 701367, 234941, 3745461829632.0,
518, 151, 64861, 701387, 234934, 3745377550336.0,
519, 150, 64832, 701518, 234901, 3745382793216.0,
520, 151, 64827, 701385, 234978, 3745406648320.0,
521, 151, 64811, 701400, 234952, 3745707196416.0,
522, 151, 64831, 701504, 234984, 3745628684288.0,
523, 151, 64832, 701421, 234967, 3745512030208.0,
524, 151, 64826, 701427, 234944, 3745650180096.0,
525, 151, 64803, 701341, 235003, 3745728823296.0,
526, 153, 64884, 701439, 234927, 3745773387776.0,
527, 152, 64919, 701486, 234858, 3745721352192.0,
528, 151, 64881, 701452, 234806, 3745694089216.0,
529, 151, 64897, 701472, 234858, 3745781514240.0,
530, 152, 64945, 701499, 234834, 3745728561152.0,
531, 149, 64937, 701468, 234839, 3745714012160.0,
532, 150, 64939, 701434, 234843, 3745762508800.0,
533, 150, 64927, 701360, 234926, 3745870118912.0,
534, 153, 64947, 701315, 234952, 3745932378112.0,
535, 152, 64893, 701339, 234960, 3745764212736.0,
536, 152, 64956, 701356, 234941, 3745806548992.0,
537, 150, 64912, 701350, 234952, 3745766572032.0,
538, 149, 64896, 701272, 235024, 3745542832128.0,
539, 148, 64846, 701260, 234996, 3745534705664.0,
540, 151, 64844, 701231, 235037, 3745529462784.0,
541, 147, 64883, 701349, 235083, 3745568260096.0,
542, 150, 64865, 701376, 235018, 3745555939328.0,
543, 150, 64856, 701208, 235051, 3745523695616.0,
544, 150, 64887, 701309, 234984, 3745427881984.0,
545, 153, 64848, 701272, 235058, 3745424605184.0,
546, 149, 64846, 701328, 235065, 3745342291968.0,
547, 149, 64853, 701290, 235036, 3745277149184.0,
548, 153, 64888, 701341, 234952, 3745339408384.0,
549, 151, 64809, 701418, 234943, 3745288028160.0,
550, 150, 64819, 701408, 234922, 3745513603072.0,
551, 151, 64844, 701392, 234956, 3745555283968.0,
552, 150, 64878, 701406, 234942, 3745677312000.0,
553, 151, 64841, 701379, 235020, 3745708507136.0,
554, 150, 64904, 701437, 234977, 3745772601344.0,
555, 153, 64884, 701407, 234965, 3745749532672.0,
556, 150, 64891, 701410, 234962, 3745843380224.0,
557, 150, 64916, 701356, 234927, 3745820049408.0,
558, 150, 64918, 701329, 234951, 3745835778048.0,
559, 150, 64904, 701388, 234916, 3745691860992.0,
560, 149, 64904, 701401, 234847, 3745720041472.0,
561, 152, 64917, 701484, 234839, 3745701953536.0,
562, 151, 64878, 701484, 234932, 3745862516736.0,
563, 149, 64850, 701384, 234896, 3745809039360.0,
564, 153, 64909, 701366, 234958, 3745731444736.0,
565, 152, 64889, 701439, 234920, 3745730134016.0,
566, 149, 64867, 701382, 234997, 3745712439296.0,
567, 150, 64882, 701343, 234986, 3745693958144.0,
568, 151, 64901, 701321, 234999, 3745689239552.0,
569, 149, 64916, 701352, 234980, 3745654767616.0,
570, 151, 64923, 701296, 234939, 3745671020544.0,
571, 148, 64927, 701376, 234947, 3745688715264.0,
572, 150, 64907, 701375, 234977, 3745633927168.0,
573, 149, 64881, 701400, 234942, 3745534836736.0,
574, 151, 64886, 701391, 234954, 3745542963200.0,
575, 149, 64902, 701411, 234983, 3745603387392.0,
576, 151, 64890, 701414, 234963, 3745463795712.0,
577, 150, 64873, 701391, 234907, 3745552924672.0,
578, 152, 64869, 701407, 234916, 3745494990848.0,
579, 150, 64909, 701354, 234957, 3745531691008.0,
580, 147, 64899, 701355, 234994, 3745349894144.0,
581, 149, 64932, 701422, 235008, 3745351860224.0,
582, 154, 64904, 701353, 234924, 3745438498816.0,
583, 149, 64906, 701356, 234941, 3745536671744.0,
584, 152, 64817, 701265, 235063, 3745714536448.0,
585, 154, 64899, 701331, 234941, 3745641660416.0,
586, 150, 64910, 701375, 234905, 3745737605120.0,
587, 149, 64905, 701393, 234956, 3745828831232.0,
588, 151, 64929, 701295, 234958, 3745884930048.0,
589, 149, 64938, 701340, 234984, 3745709031424.0,
590, 150, 64900, 701369, 235007, 3745749794816.0,
591, 149, 64890, 701369, 234971, 3745662763008.0,
592, 151, 64844, 701378, 235027, 3745566687232.0,
593, 153, 64841, 701433, 234965, 3745556463616.0,
594, 149, 64840, 701390, 234971, 3745498660864.0,
595, 150, 64836, 701377, 234974, 3745501675520.0,
596, 153, 64823, 701312, 234986, 3745517273088.0,
597, 149, 64892, 701390, 234919, 3745596833792.0,
598, 149, 64888, 701362, 234914, 3745564327936.0,
599, 152, 64906, 701367, 234945, 3745549123584.0,
600, 150, 64889, 701320, 234934, 3745587003392.0,
601, 151, 64871, 701339, 235010, 3745534312448.0,
602, 151, 64917, 701337, 234992, 3745518583808.0,
603, 151, 64904, 701365, 234955, 3745514389504.0,
604, 152, 64871, 701342, 234975, 3745729609728.0,
605, 151, 64859, 701467, 234874, 3745729871872.0,
606, 152, 64846, 701390, 234949, 3745614004224.0,
607, 151, 64921, 701436, 234903, 3745699987456.0,
608, 152, 64891, 701443, 234914, 3745745076224.0,
609, 150, 64841, 701443, 234939, 3745790427136.0,
610, 150, 64839, 701454, 234947, 3745773125632.0,
611, 152, 64878, 701441, 234949, 3745837875200.0,
612, 150, 64901, 701476, 234905, 3745957281792.0,
613, 150, 64860, 701513, 234891, 3746027929600.0,
614, 148, 64840, 701457, 234895, 3745982709760.0,
615, 151, 64866, 701371, 234927, 3745962786816.0,
616, 151, 64890, 701363, 234898, 3745978515456.0,
617, 151, 64921, 701385, 234928, 3746050736128.0,
618, 152, 64918, 701419, 234965, 3745876672512.0,
619, 151, 64896, 701283, 234946, 3745753726976.0,
620, 150, 64926, 701296, 235021, 3745614659584.0,
621, 151, 64897, 701315, 235053, 3745587658752.0,
622, 150, 64932, 701276, 235020, 3745639956480.0,
623, 151, 64955, 701277, 235053, 3745557643264.0,
624, 150, 64965, 701241, 235065, 3745517797376.0,
625, 149, 64930, 701240, 235018, 3745530773504.0,
626, 151, 64945, 701225, 235048, 3745588051968.0,
627, 151, 64910, 701299, 235012, 3745596440576.0,
628, 149, 64912, 701307, 235060, 3745535492096.0,
629, 152, 64881, 701341, 234953, 3745502199808.0,
630, 151, 64900, 701379, 234991, 3745482014720.0,
631, 151, 64920, 701350, 235003, 3745617805312.0,
632, 150, 64884, 701355, 234982, 3745541521408.0,
633, 149, 64864, 701300, 235011, 3745553842176.0,
634, 149, 64852, 701364, 234923, 3745562755072.0,
635, 151, 64895, 701402, 234897, 3745498791936.0,
636, 148, 64889, 701420, 234958, 3745472315392.0,
637, 150, 64913, 701357, 234913, 3745445707776.0,
638, 150, 64924, 701374, 234920, 3745470742528.0,
639, 151, 64896, 701420, 234902, 3745526448128.0,
640, 151, 64900, 701483, 234833, 3745659355136.0,
641, 147, 64857, 701516, 234884, 3745698414592.0,
642, 149, 64857, 701504, 234921, 3745848885248.0,
643, 149, 64850, 701473, 234922, 3745896857600.0,
644, 150, 64789, 701446, 234915, 3745810087936.0,
645, 150, 64788, 701458, 234911, 3745937358848.0,
646, 149, 64817, 701472, 234872, 3745938407424.0,
647, 152, 64884, 701397, 234895, 3746007613440.0,
648, 150, 64876, 701411, 234970, 3746085470208.0,
649, 151, 64851, 701426, 234989, 3746112339968.0,
650, 147, 64864, 701360, 234982, 3746059124736.0,
651, 152, 64884, 701359, 235065, 3745871691776.0,
652, 149, 64848, 701355, 235011, 3745857798144.0,
653, 150, 64886, 701283, 235028, 3745743765504.0,
654, 148, 64874, 701324, 235054, 3745722400768.0,
655, 152, 64887, 701311, 235039, 3745582153728.0,
656, 151, 64909, 701321, 234999, 3745385807872.0,
657, 150, 64895, 701285, 235000, 3745327742976.0,
658, 148, 64932, 701259, 234989, 3745437974528.0,
659, 150, 64936, 701312, 234942, 3745467465728.0,
660, 151, 64971, 701242, 234970, 3745535361024.0,
661, 152, 64907, 701280, 235009, 3745375977472.0,
662, 152, 64912, 701306, 235029, 3745200603136.0,
663, 153, 64894, 701277, 234899, 3744979746816.0,
664, 152, 64893, 701347, 234864, 3745084997632.0,
665, 150, 64911, 701303, 234914, 3745131003904.0,
666, 149, 64891, 701335, 234976, 3745464844288.0,
667, 150, 64886, 701392, 235001, 3745532346368.0,
668, 150, 64869, 701363, 235014, 3745565900800.0,
669, 154, 64820, 701389, 234950, 3745528020992.0,
670, 150, 64883, 701466, 234859, 3745559478272.0,
671, 152, 64876, 701386, 234908, 3745496170496.0,
672, 150, 64883, 701358, 234950, 3745514127360.0,
673, 151, 64896, 701440, 234869, 3745663942656.0,
674, 149, 64939, 701382, 234918, 3745637859328.0,
675, 150, 64887, 701424, 234923, 3745875099648.0,
676, 150, 64858, 701430, 234936, 3746006171648.0,
677, 149, 64833, 701423, 234952, 3745924382720.0,
678, 149, 64859, 701367, 234911, 3745785577472.0,
679, 152, 64889, 701448, 234934, 3745730789376.0,
680, 152, 64872, 701357, 234982, 3745878900736.0,
681, 150, 64843, 701279, 235004, 3745873395712.0,
682, 151, 64867, 701285, 234948, 3745824899072.0,
683, 151, 64895, 701296, 234971, 3745660928000.0,
684, 149, 64918, 701278, 235056, 3745742585856.0,
685, 150, 64886, 701230, 235025, 3745523957760.0,
686, 154, 64922, 701326, 234942, 3745410056192.0,
687, 151, 64917, 701335, 234963, 3745625800704.0,
688, 152, 64825, 701324, 234974, 3745664466944.0,
689, 151, 64879, 701330, 234981, 3745649262592.0,
690, 151, 64879, 701328, 235023, 3745496825856.0,
691, 150, 64909, 701348, 234974, 3745467858944.0,
692, 148, 64881, 701381, 235016, 3745386594304.0,
693, 151, 64869, 701299, 235016, 3745412546560.0,
694, 152, 64893, 701324, 235012, 3745530642432.0,
695, 149, 64902, 701335, 234870, 3745563672576.0,
696, 151, 64908, 701417, 234938, 3745544798208.0,
697, 151, 64898, 701311, 234981, 3745526710272.0,
698, 151, 64894, 701399, 234913, 3745409400832.0,
699, 152, 64871, 701488, 234959, 3745535885312.0,
700, 151, 64864, 701396, 234997, 3745662631936.0,
701, 149, 64838, 701425, 234948, 3745599062016.0,
702, 151, 64898, 701429, 234968, 3745650966528.0,
703, 148, 64855, 701374, 234989, 3745615708160.0,
704, 152, 64843, 701378, 234949, 3745632616448.0,
705, 151, 64883, 701407, 234898, 3745569832960.0,
706, 152, 64877, 701367, 234995, 3745579925504.0,
707, 151, 64879, 701405, 235007, 3745581105152.0,
708, 151, 64892, 701354, 234923, 3745653981184.0,
709, 149, 64915, 701297, 234973, 3745571930112.0,
710, 152, 64912, 701342, 235014, 3745609416704.0,
711, 151, 64929, 701332, 234965, 3745756086272.0,
712, 152, 64927, 701312, 234973, 3745805762560.0,
713, 151, 64898, 701316, 234999, 3745687928832.0,
714, 150, 64868, 701343, 234953, 3745693171712.0,
715, 151, 64875, 701383, 234943, 3745850195968.0,
716, 151, 64880, 701371, 234957, 3745766440960.0,
717, 150, 64882, 701392, 234924, 3745555415040.0,
718, 150, 64878, 701414, 234922, 3745445314560.0,
719, 152, 64890, 701394, 234948, 3745608105984.0,
