0, 1001365, 0, 0, 0, 0.0,
1, 991352, 10011, 2, 0, 0.0,
2, 877, 990303, 10187, 0, 5357233664.0,
3, 0, 983751, 17612, 0, 11523706368.0,
4, 0, 943585, 57779, 0, 28644775936.0,
5, 0, 850605, 150758, 2, 79691800576.0,
6, 0, 712438, 288912, 13, 188670894080.0,
7, 0, 555430, 445871, 62, 367274999808.0,
8, 1, 405945, 595189, 218, 611035512832.0,
9, 1, 280501, 720229, 649, 904306622464.0,
10, 1, 184707, 814918, 1723, 1227121950720.0,
11, 1, 116753, 880383, 4206, 1560889393152.0,
12, 2, 71259, 920685, 9388, 1887630458880.0,
13, 2, 42332, 939842, 19160, 2203472363520.0,
14, 2, 24694, 940806, 35848, 2483784122368.0,
15, 4, 14523, 925100, 61692, 2732558254080.0,
16, 5, 9041, 893830, 98471, 2935681843200.0,
17, 9, 6474, 848017, 146846, 3134982848512.0,
18, 12, 5773, 789546, 206039, 3237104189440.0,
19, 17, 6216, 720789, 274377, 3346281005056.0,
20, 21, 7414, 645352, 348616, 3377607737344.0,
21, 26, 9037, 566930, 425373, 3365370200064.0,
22, 32, 10878, 489409, 501035, 3304152629248.0,
23, 35, 12722, 416175, 572463, 3199418892288.0,
24, 38, 14453, 349882, 637018, 3104115654656.0,
25, 43, 15921, 292175, 693229, 2947303866368.0,
26, 48, 17004, 244284, 740038, 2810420396032.0,
27, 48, 17755, 205921, 777695, 2640538894336.0,
28, 51, 18060, 176776, 806534, 2480194322432.0,
29, 52, 17964, 156042, 827286, 2324479344640.0,
30, 53, 17496, 142494, 841344, 2168905072640.0,
31, 51, 16746, 134771, 849788, 2024957018112.0,
32, 54, 15755, 131878, 853711, 1893504385024.0,
33, 54, 14603, 132530, 854232, 1775774597120.0,
34, 55, 13343, 135814, 852143, 1671641300992.0,
35, 55, 12087, 140942, 848298, 1577317564416.0,
36, 55, 10831, 147180, 843302, 1495657480192.0,
37, 54, 9656, 154043, 837635, 1428559757312.0,
38, 55, 8593, 161044, 831626, 1368791580672.0,
39, 56, 7645, 168009, 825611, 1320541224960.0,
40, 56, 6846, 174638, 819807, 1280785776640.0,
41, 56, 6210, 180804, 814334, 1247500107776.0,
42, 56, 5700, 186339, 809281, 1220988370944.0,
43, 56, 5325, 191221, 804783, 1200276635648.0,
44, 56, 5093, 195401, 800838, 1184047890432.0,
45, 57, 4955, 198858, 797505, 1171389218816.0,
46, 58, 4926, 201596, 794775, 1161656795136.0,
47, 60, 5002, 203726, 792616, 1154117271552.0,
48, 63, 5142, 205143, 791048, 1148309667840.0,
49, 60, 5341, 205983, 789999, 1143661461504.0,
50, 63, 5591, 206253, 789464, 1139859980288.0,
51, 62, 5886, 206046, 789379, 1136443523072.0,
52, 64, 6213, 205373, 789729, 1133031653376.0,
53, 66, 6551, 204274, 790455, 1129475932160.0,
54, 67, 6872, 202913, 791516, 1125636898816.0,
55, 69, 7229, 201247, 792826, 1121433419776.0,
56, 70, 7559, 199387, 794334, 1116603088896.0,
57, 72, 7899, 197441, 795947, 1111266689024.0,
58, 73, 8208, 195390, 797725, 1105372184576.0,
59, 75, 8476, 193222, 799613, 1098949132288.0,
60, 75, 8728, 191071, 801480, 1092009426944.0,
61, 76, 8945, 188997, 803327, 1084689776640.0,
62, 78, 9143, 186962, 805190, 1076974682112.0,
63, 79, 9288, 185069, 806909, 1069051052032.0,
64, 80, 9436, 183322, 808534, 1060945985536.0,
65, 82, 9539, 181712, 810023, 1052657352704.0,
66, 83, 9633, 180249, 811374, 1044298104832.0,
67, 82, 9674, 179025, 812578, 1036123701248.0,
68, 82, 9708, 177910, 813640, 1028150558720.0,
69, 86, 9713, 177002, 814567, 1020560179200.0,
70, 86, 9702, 176306, 815261, 1013175287808.0,
71, 87, 9668, 175758, 815819, 1006177091584.0,
72, 86, 9623, 175379, 816267, 999616675840.0,
73, 87, 9576, 175129, 816552, 993564852224.0,
74, 88, 9495, 175032, 816761, 987969486848.0,
75, 90, 9420, 175064, 816772, 983000711168.0,
76, 91, 9355, 175237, 816713, 978527551488.0,
77, 91, 9261, 175533, 816522, 974634188800.0,
78, 94, 9178, 175814, 816265, 971357749248.0,
79, 93, 9082, 176234, 815896, 968591507456.0,
80, 93, 9006, 176706, 815565, 966393528320.0,
81, 92, 8926, 177209, 815166, 964639686656.0,
82, 94, 8843, 177682, 814753, 963314876416.0,
83, 94, 8788, 178251, 814268, 962401435648.0,
84, 96, 8711, 178732, 813822, 961807712256.0,
85, 98, 8644, 179268, 813329, 961541046272.0,
86, 97, 8597, 179788, 812841, 961573715968.0,
87, 98, 8551, 180286, 812420, 961961361408.0,
88, 97, 8511, 180790, 811985, 962509504512.0,
89, 99, 8474, 181195, 811577, 963285975040.0,
90, 101, 8452, 181555, 811239, 964163731456.0,
91, 98, 8442, 181956, 810828, 965219483648.0,
92, 101, 8432, 182277, 810530, 966269009920.0,
93, 101, 8427, 182628, 810231, 967444463616.0,
94, 102, 8425, 182885, 809963, 968624340992.0,
95, 100, 8405, 183095, 809779, 969842327552.0,
96, 104, 8415, 183254, 809611, 970978328576.0,
97, 103, 8419, 183431, 809408, 972194938880.0,
98, 106, 8444, 183534, 809311, 973377634304.0,
99, 102, 8444, 183636, 809198, 974472708096.0,
100, 103, 8460, 183611, 809172, 975436120064.0,
101, 105, 8484, 183677, 809137, 976362176512.0,
102, 108, 8498, 183612, 809161, 977243832320.0,
103, 108, 8509, 183593, 809114, 977954111488.0,
104, 107, 8530, 183561, 809167, 978586632192.0,
105, 108, 8543, 183513, 809197, 979105808384.0,
106, 108, 8561, 183448, 809233, 979552534528.0,
107, 110, 8582, 183380, 809293, 979856392192.0,
108, 110, 8607, 183263, 809382, 980076101632.0,
109, 110, 8625, 183167, 809454, 980204093440.0,
110, 111, 8632, 183070, 809590, 980297580544.0,
111, 110, 8666, 182965, 809630, 980398112768.0,
112, 112, 8664, 182854, 809728, 980411187200.0,
113, 111, 8683, 182757, 809822, 980354564096.0,
114, 112, 8687, 182605, 809944, 980182106112.0,
115, 115, 8685, 182510, 810048, 979987988480.0,
116, 114, 8708, 182379, 810112, 979814744064.0,
117, 115, 8738, 182278, 810245, 979519569920.0,
118, 116, 8730, 182192, 810297, 979178946560.0,
119, 114, 8735, 182140, 810369, 978894618624.0,
120, 114, 8735, 182071, 810403, 978719014912.0,
121, 115, 8725, 181973, 810523, 978333270016.0,
122, 116, 8736, 181960, 810552, 978128470016.0,
123, 118, 8739, 181931, 810586, 977813995520.0,
124, 117, 8764, 181865, 810619, 977541201920.0,
125, 117, 8754, 181890, 810607, 977274470400.0,
126, 117, 8739, 181788, 810672, 976938827776.0,
127, 120, 8747, 181757, 810665, 976618094592.0,
128, 121, 8739, 181756, 810707, 976410411008.0,
129, 117, 8751, 181753, 810744, 976198664192.0,
130, 119, 8741, 181760, 810740, 975984066560.0,
131, 120, 8724, 181752, 810718, 975837069312.0,
132, 121, 8746, 181750, 810764, 975715565568.0,
133, 121, 8733, 181768, 810754, 975568863232.0,
134, 120, 8738, 181742, 810762, 975400304640.0,
135, 122, 8720, 181757, 810792, 975272148992.0,
136, 123, 8718, 181748, 810762, 975250784256.0,
137, 122, 8705, 181797, 810743, 975158968320.0,
138, 124, 8705, 181821, 810777, 975071019008.0,
139, 124, 8702, 181794, 810786, 975030845440.0,
140, 122, 8695, 181840, 810713, 975034515456.0,
141, 124, 8690, 181877, 810684, 975020392448.0,
142, 126, 8690, 181925, 810654, 974992244736.0,
143, 125, 8687, 181939, 810663, 975042936832.0,
144, 124, 8681, 182007, 810606, 975027372032.0,
145, 122, 8693, 181975, 810597, 975019114496.0,
146, 124, 8679, 181974, 810558, 975103590400.0,
147, 128, 8688, 181986, 810520, 975153332224.0,
148, 125, 8696, 181965, 810533, 975187509248.0,
149, 124, 8709, 181949, 810578, 975301509120.0,
150, 125, 8702, 181986, 810563, 975327035392.0,
151, 125, 8712, 181958, 810541, 975422193664.0,
152, 126, 8707, 182039, 810484, 975442116608.0,
153, 130, 8690, 182064, 810505, 975417638912.0,
154, 128, 8680, 182074, 810477, 975335030784.0,
155, 128, 8696, 182047, 810467, 975274803200.0,
156, 126, 8682, 182098, 810479, 975296757760.0,
157, 132, 8689, 182091, 810452, 975442542592.0,
158, 129, 8698, 182065, 810449, 975475703808.0,
159, 126, 8696, 182073, 810456, 975570370560.0,
160, 128, 8706, 182081, 810459, 975521644544.0,
161, 127, 8702, 182101, 810466, 975709700096.0,
162, 130, 8718, 182103, 810424, 975785132032.0,
163, 131, 8691, 182084, 810442, 975782772736.0,
164, 130, 8690, 182129, 810385, 975784968192.0,
165, 130, 8678, 182130, 810404, 975820324864.0,
166, 131, 8676, 182158, 810418, 975834021888.0,
167, 130, 8673, 182084, 810463, 975866003456.0,
168, 131, 8702, 182117, 810445, 975869247488.0,
169, 131, 8704, 182035, 810469, 975949004800.0,
170, 131, 8698, 182096, 810426, 976033251328.0,
171, 134, 8689, 182090, 810448, 976022011904.0,
172, 132, 8707, 182129, 810418, 976041345024.0,
173, 132, 8718, 182100, 810450, 976062119936.0,
174, 132, 8701, 182086, 810458, 976164651008.0,
175, 132, 8704, 182104, 810424, 976193716224.0,
176, 133, 8714, 182103, 810444, 976199319552.0,
177, 134, 8729, 182062, 810455, 976145842176.0,
178, 135, 8720, 182101, 810401, 976066838528.0,
179, 134, 8704, 182109, 810434, 976077651968.0,
180, 133, 8713, 182150, 810385, 976125067264.0,
181, 133, 8721, 182128, 810399, 976115040256.0,
182, 134, 8710, 182177, 810365, 976048750592.0,
183, 135, 8704, 182073, 810430, 976008118272.0,
184, 137, 8711, 182038, 810476, 976040853504.0,
185, 133, 8706, 182050, 810478, 975987867648.0,
186, 136, 8709, 182006, 810471, 975971647488.0,
187, 135, 8717, 182039, 810463, 975966830592.0,
188, 135, 8703, 182088, 810423, 975982231552.0,
189, 137, 8708, 182059, 810456, 975937798144.0,
190, 134, 8714, 182120, 810402, 975892807680.0,
191, 136, 8701, 182106, 810474, 975869509632.0,
192, 136, 8716, 182108, 810462, 975893889024.0,
193, 140, 8709, 182058, 810480, 975909421056.0,
194, 136, 8703, 182079, 810445, 975980953600.0,
195, 135, 8701, 182102, 810456, 975938158592.0,
196, 135, 8711, 182052, 810466, 975984656384.0,
197, 137, 8709, 182056, 810453, 976041771008.0,
198, 136, 8709, 182086, 810450, 976041082880.0,
199, 137, 8709, 182105, 810430, 976011493376.0,
200, 136, 8710, 182116, 810384, 975984295936.0,
201, 139, 8710, 182117, 810400, 975923609600.0,
202, 139, 8718, 182130, 810393, 975976890368.0,
203, 137, 8708, 182123, 810411, 976041082880.0,
204, 139, 8718, 182066, 810434, 975905193984.0,
205, 138, 8714, 182062, 810432, 975987671040.0,
206, 138, 8709, 182023, 810508, 976045244416.0,
207, 137, 8699, 182048, 810483, 976042328064.0,
208, 141, 8703, 182035, 810484, 976060186624.0,
209, 139, 8699, 182023, 810481, 976033349632.0,
210, 137, 8709, 182103, 810398, 975967420416.0,
211, 139, 8708, 182025, 810496, 975964471296.0,
212, 140, 8695, 182057, 810437, 975943106560.0,
213, 141, 8708, 182039, 810444, 975912960000.0,
214, 140, 8694, 182049, 810484, 975888351232.0,
215, 142, 8708, 182040, 810460, 975856861184.0,
216, 142, 8725, 182015, 810506, 975867019264.0,
217, 139, 8714, 181999, 810497, 975880060928.0,
218, 144, 8711, 181982, 810474, 975806300160.0,
219, 138, 8732, 181998, 810471, 975841853440.0,
220, 140, 8719, 182032, 810505, 975740076032.0,
221, 142, 8712, 182055, 810472, 975793422336.0,
222, 139, 8716, 182114, 810423, 975690203136.0,
223, 141, 8709, 182093, 810419, 975710060544.0,
224, 140, 8708, 182122, 810422, 975757836288.0,
225, 142, 8719, 182101, 810405, 975859974144.0,
226, 141, 8710, 182078, 810436, 975882682368.0,
227, 143, 8710, 182106, 810399, 975849259008.0,
228, 143, 8737, 182098, 810402, 975819833344.0,
229, 143, 8732, 182110, 810391, 975815147520.0,
230, 138, 8725, 182106, 810394, 975836348416.0,
231, 146, 8727, 182104, 810398, 975856402432.0,
232, 143, 8725, 182104, 810382, 975902113792.0,
233, 143, 8714, 182109, 810390, 975931506688.0,
234, 141, 8715, 182094, 810423, 976023715840.0,
235, 142, 8705, 182077, 810434, 975989669888.0,
236, 139, 8689, 182072, 810427, 976026337280.0,
237, 144, 8686, 182135, 810436, 976033021952.0,
238, 142, 8690, 182102, 810417, 976090431488.0,
239, 139, 8688, 182091, 810440, 976137224192.0,
240, 143, 8703, 182106, 810409, 976191750144.0,
241, 141, 8706, 182081, 810417, 976177561600.0,
242, 143, 8710, 182103, 810407, 976140500992.0,
243, 145, 8733, 182057, 810415, 976097443840.0,
244, 142, 8714, 182077, 810454, 975976071168.0,
245, 146, 8723, 182040, 810469, 976004382720.0,
246, 146, 8715, 182067, 810419, 975974400000.0,
247, 142, 8707, 182087, 810411, 976080076800.0,
248, 144, 8702, 182100, 810458, 975989014528.0,
249, 143, 8704, 182080, 810461, 975894937600.0,
250, 141, 8687, 182072, 810478, 975871574016.0,
251, 147, 8687, 182100, 810437, 975900344320.0,
252, 145, 8695, 182136, 810385, 975903850496.0,
253, 142, 8703, 182086, 810413, 975829532672.0,
254, 145, 8711, 182048, 810445, 975777497088.0,
255, 145, 8732, 182077, 810409, 975827927040.0,
256, 146, 8724, 182068, 810451, 975847489536.0,
257, 142, 8710, 182048, 810435, 975841165312.0,
258, 142, 8719, 182050, 810435, 975808364544.0,
259, 143, 8726, 182079, 810410, 975794503680.0,
260, 144, 8721, 182036, 810455, 975802269696.0,
261, 144, 8719, 182052, 810470, 975790374912.0,
262, 145, 8712, 182044, 810462, 975895166976.0,
263, 143, 8707, 182089, 810437, 975890612224.0,
264, 145, 8729, 182050, 810467, 975887499264.0,
265, 143, 8730, 182035, 810433, 975904800768.0,
266, 144, 8752, 182047, 810435, 975863250944.0,
267, 146, 8723, 182040, 810484, 975871115264.0,
268, 144, 8731, 182065, 810408, 975880814592.0,
269, 147, 8732, 182056, 810426, 975834578944.0,
270, 144, 8723, 182013, 810470, 975895429120.0,
271, 143, 8726, 182049, 810457, 975878782976.0,
272, 146, 8728, 182041, 810420, 975953231872.0,
273, 146, 8745, 182068, 810390, 975977742336.0,
274, 146, 8716, 182079, 810367, 975930818560.0,
275, 145, 8715, 182087, 810403, 975951691776.0,
276, 145, 8706, 182092, 810426, 975989473280.0,
277, 145, 8718, 182069, 810427, 976018833408.0,
278, 145, 8716, 182079, 810410, 975993995264.0,
279, 145, 8727, 182096, 810373, 976062251008.0,
280, 144, 8719, 182077, 810402, 976095281152.0,
281, 145, 8726, 182099, 810404, 976125493248.0,
282, 145, 8721, 182079, 810416, 976171466752.0,
283, 148, 8729, 182045, 810419, 976178446336.0,
284, 147, 8727, 182054, 810434, 976087121920.0,
285, 144, 8711, 182060, 810476, 976083255296.0,
286, 148, 8710, 182093, 810412, 975962177536.0,
287, 146, 8714, 182057, 810441, 976025354240.0,
288, 146, 8711, 182048, 810475, 975941828608.0,
289, 146, 8705, 182099, 810430, 975932719104.0,
290, 146, 8712, 182086, 810435, 975925903360.0,
291, 146, 8713, 182073, 810441, 975922626560.0,
292, 147, 8725, 182053, 810460, 975882715136.0,
293, 143, 8712, 182088, 810431, 975897985024.0,
294, 143, 8709, 182060, 810459, 975942254592.0,
295, 147, 8704, 182044, 810483, 975958671360.0,
296, 147, 8701, 182073, 810438, 975964078080.0,
297, 144, 8695, 182092, 810450, 975922200576.0,
298, 147, 8697, 182105, 810422, 975908306944.0,
299, 147, 8721, 182082, 810416, 975882092544.0,
300, 148, 8732, 182053, 810445, 975824977920.0,
301, 146, 8723, 182104, 810354, 975801778176.0,
302, 149, 8722, 182124, 810363, 975771205632.0,
303, 149, 8717, 182131, 810398, 975911845888.0,
304, 148, 8712, 182132, 810338, 975940616192.0,
305, 147, 8719, 182071, 810415, 976017653760.0,
306, 145, 8724, 182029, 810428, 976033316864.0,
307, 148, 8742, 182092, 810425, 975993896960.0,
308, 144, 8740, 182083, 810411, 975975284736.0,
309, 149, 8725, 182143, 810352, 976042622976.0,
310, 148, 8714, 182097, 810388, 976052584448.0,
311, 148, 8717, 182093, 810417, 976085614592.0,
312, 146, 8738, 182108, 810406, 976089317376.0,
313, 146, 8723, 182079, 810411, 976163471360.0,
314, 149, 8728, 182074, 810403, 976095969280.0,
315, 148, 8720, 182041, 810444, 976012705792.0,
316, 145, 8718, 182038, 810432, 976032956416.0,
317, 151, 8719, 182065, 810427, 976021487616.0,
318, 146, 8722, 182079, 810411, 975975383040.0,
319, 147, 8726, 182056, 810427, 975903981568.0,
320, 151, 8732, 182068, 810454, 975854010368.0,
321, 149, 8736, 182065, 810408, 975757672448.0,
322, 148, 8713, 182018, 810455, 975906144256.0,
323, 147, 8721, 182002, 810480, 975933865984.0,
324, 145, 8727, 182114, 810421, 975924822016.0,
325, 147, 8716, 182103, 810402, 975827501056.0,
326, 147, 8724, 182092, 810430, 975990751232.0,
327, 148, 8721, 182056, 810438, 975822716928.0,
328, 150, 8721, 182067, 810403, 975775498240.0,
329, 150, 8709, 182047, 810419, 975786475520.0,
330, 147, 8728, 182065, 810384, 975754887168.0,
331, 147, 8719, 182089, 810448, 975823437824.0,
332, 153, 8705, 182104, 810364, 975890677760.0,
333, 147, 8710, 182076, 810382, 976003268608.0,
334, 150, 8725, 182097, 810405, 976080175104.0,
335, 146, 8717, 182126, 810373, 976081125376.0,
336, 151, 8706, 182156, 810372, 976050126848.0,
337, 145, 8693, 182143, 810371, 976081518592.0,
338, 148, 8695, 182181, 810355, 976139878400.0,
339, 148, 8698, 182157, 810413, 976177299456.0,
340, 148, 8701, 182169, 810370, 976221470720.0,
341, 146, 8721, 182110, 810395, 976262955008.0,
342, 148, 8715, 182068, 810514, 976217866240.0,
343, 150, 8725, 182021, 810476, 976036134912.0,
344, 151, 8707, 182108, 810425, 976111239168.0,
345, 147, 8719, 182053, 810439, 976073719808.0,
346, 149, 8735, 182067, 810420, 976045768704.0,
347, 145, 8743, 182036, 810430, 975982362624.0,
348, 146, 8742, 182090, 810404, 975901491200.0,
349, 147, 8728, 182104, 810382, 975961948160.0,
350, 145, 8707, 182105, 810406, 975979970560.0,
351, 148, 8716, 182077, 810462, 976021880832.0,
352, 148, 8710, 182020, 810459, 976015327232.0,
353, 146, 8726, 182027, 810481, 975999631360.0,
354, 148, 8717, 182023, 810492, 975985311744.0,
355, 147, 8709, 182042, 810454, 975929573376.0,
356, 150, 8713, 182048, 810466, 975963619328.0,
357, 150, 8720, 182021, 810494, 975865380864.0,
358, 150, 8729, 182004, 810499, 975950643200.0,
359, 149, 8726, 182000, 810492, 975915057152.0,
360, 149, 8707, 182049, 810455, 975792275456.0,
361, 150, 8719, 182038, 810472, 975813902336.0,
362, 149, 8728, 182012, 810494, 975835299840.0,
363, 149, 8717, 182004, 810471, 975774351360.0,
364, 148, 8716, 181971, 810491, 975786082304.0,
365, 146, 8723, 182034, 810454, 975717466112.0,
366, 150, 8730, 182048, 810428, 975649800192.0,
367, 150, 8723, 182049, 810418, 975692759040.0,
368, 149, 8717, 182088, 810406, 975721627648.0,
369, 150, 8730, 182139, 810365, 975798304768.0,
370, 150, 8721, 182170, 810326, 975888121856.0,
371, 149, 8730, 182146, 810338, 975915024384.0,
372, 149, 8730, 182074, 810347, 975947956224.0,
373, 150, 8719, 182153, 810344, 975999238144.0,
374, 149, 8717, 182102, 810393, 976074244096.0,
375, 152, 8709, 182084, 810401, 976139190272.0,
376, 147, 8715, 182127, 810376, 976138862592.0,
377, 147, 8713, 182039, 810465, 976117891072.0,
378, 146, 8711, 182093, 810419, 976158031872.0,
379, 150, 8699, 182120, 810423, 976113926144.0,
380, 150, 8698, 182084, 810433, 976047177728.0,
381, 147, 8703, 182096, 810402, 976022929408.0,
382, 149, 8711, 182071, 810463, 975997272064.0,
383, 150, 8712, 182070, 810378, 975910764544.0,
384, 151, 8707, 182113, 810408, 975840378880.0,
385, 150, 8708, 182048, 810460, 975819210752.0,
386, 150, 8721, 182070, 810471, 975805874176.0,
387, 152, 8732, 182048, 810432, 975805186048.0,
388, 150, 8717, 182080, 810426, 975797157888.0,
389, 148, 8726, 182072, 810411, 975815114752.0,
390, 151, 8719, 182098, 810374, 975927377920.0,
391, 147, 8720, 182095, 810387, 975972597760.0,
392, 151, 8719, 182078, 810413, 975952019456.0,
393, 151, 8718, 182033, 810448, 976025026560.0,
394, 152, 8727, 182035, 810416, 976017588224.0,
395, 149, 8743, 182060, 810418, 976005922816.0,
396, 150, 8724, 182067, 810366, 976029908992.0,
397, 149, 8712, 182100, 810386, 976054779904.0,
398, 149, 8720, 182067, 810426, 976046522368.0,
399, 153, 8730, 182043, 810455, 976003629056.0,
400, 149, 8724, 182076, 810407, 976005988352.0,
401, 151, 8721, 182107, 810384, 975936356352.0,
402, 145, 8725, 182091, 810363, 975951986688.0,
403, 151, 8729, 182093, 810423, 975953231872.0,
404, 150, 8741, 182057, 810375, 975985868800.0,
405, 150, 8726, 182038, 810434, 975902441472.0,
406, 150, 8732, 182078, 810438, 975944777728.0,
407, 147, 8718, 182094, 810428, 976005660672.0,
408, 150, 8707, 182072, 810456, 975942713344.0,
409, 148, 8734, 182120, 810443, 975948480512.0,
410, 149, 8719, 182032, 810495, 975913549824.0,
411, 149, 8728, 182043, 810489, 975950839808.0,
412, 149, 8723, 182087, 810427, 975887368192.0,
413, 150, 8738, 182096, 810449, 975952969728.0,
414, 148, 8724, 182070, 810435, 975950610432.0,
415, 150, 8719, 182044, 810482, 975869444096.0,
416, 148, 8722, 182060, 810419, 975889891328.0,
417, 151, 8708, 182026, 810456, 975855681536.0,
418, 150, 8718, 182054, 810439, 975786999808.0,
419, 149, 8734, 182033, 810468, 975717498880.0,
420, 150, 8725, 182084, 810402, 975688564736.0,
421, 148, 8721, 182078, 810401, 975700688896.0,
422, 151, 8716, 182073, 810418, 975835889664.0,
423, 151, 8707, 182090, 810411, 975893823488.0,
424, 151, 8720, 182081, 810431, 975930163200.0,
425, 149, 8716, 182107, 810387, 975892971520.0,
426, 151, 8732, 182140, 810366, 975932784640.0,
427, 151, 8734, 182114, 810331, 975826911232.0,
428, 148, 8717, 182105, 810384, 975859351552.0,
429, 151, 8724, 182103, 810378, 975940485120.0,
430, 149, 8724, 182056, 810397, 976027025408.0,
431, 150, 8733, 182077, 810357, 975954444288.0,
432, 153, 8725, 182083, 810383, 975994945536.0,
433, 150, 8733, 182027, 810414, 976013099008.0,
434, 153, 8735, 182076, 810418, 976033382400.0,
435, 147, 8734, 182064, 810431, 976024698880.0,
436, 150, 8724, 182081, 810342, 976055926784.0,
437, 149, 8731, 182094, 810351, 976027516928.0,
438, 151, 8735, 182094, 810383, 976069885952.0,
439, 150, 8740, 182112, 810366, 976172744704.0,
440, 151, 8733, 182130, 810370, 976198991872.0,
441, 150, 8725, 182099, 810354, 976212361216.0,
442, 148, 8728, 182111, 810431, 976155148288.0,
443, 153, 8718, 182116, 810411, 976194928640.0,
444, 153, 8700, 182027, 810486, 976092725248.0,
445, 148, 8703, 182086, 810419, 975996321792.0,
446, 150, 8705, 182047, 810453, 976019914752.0,
447, 149, 8710, 182051, 810446, 976075161600.0,
448, 149, 8725, 182075, 810407, 976018898944.0,
449, 150, 8702, 182058, 810461, 975962603520.0,
450, 152, 8715, 182020, 810462, 976032169984.0,
451, 153, 8717, 182011, 810446, 976000647168.0,
452, 149, 8717, 182034, 810464, 975994028032.0,
453, 149, 8706, 182044, 810423, 976002023424.0,
454, 151, 8722, 182068, 810431, 976018538496.0,
455, 148, 8715, 182089, 810416, 975996387328.0,
456, 150, 8718, 182064, 810448, 975960670208.0,
457, 152, 8715, 182066, 810458, 975934947328.0,
458, 152, 8718, 182062, 810423, 975993274368.0,
459, 149, 8741, 182053, 810436, 975918596096.0,
460, 149, 8712, 182038, 810484, 975868985344.0,
461, 151, 8707, 182085, 810427, 975776514048.0,
462, 152, 8725, 182077, 810391, 975732899840.0,
463, 149, 8742, 182044, 810414, 975746072576.0,
464, 153, 8746, 182060, 810438, 975736143872.0,
465, 149, 8747, 182076, 810420, 975818752000.0,
466, 148, 8736, 182066, 810427, 975845588992.0,
467, 152, 8723, 182081, 810391, 975839494144.0,
468, 148, 8745, 182090, 810398, 975934521344.0,
469, 151, 8735, 182060, 810371, 976014245888.0,
470, 149, 8746, 182087, 810389, 975898673152.0,
471, 150, 8744, 182074, 810395, 975880847360.0,
472, 150, 8742, 182106, 810373, 975839035392.0,
473, 147, 8753, 182093, 810360, 975861612544.0,
474, 150, 8741, 182142, 810335, 975840313344.0,
475, 153, 8740, 182120, 810355, 975966470144.0,
476, 152, 8726, 182132, 810346, 976022470656.0,
477, 149, 8715, 182177, 810340, 976067919872.0,
478, 149, 8710, 182183, 810320, 976044195840.0,
479, 152, 8703, 182178, 810324, 976066347008.0,
480, 151, 8720, 182185, 810326, 976122445824.0,
481, 151, 8697, 182146, 810404, 976150528000.0,
482, 149, 8697, 182084, 810440, 976027910144.0,
483, 151, 8705, 182065, 810447, 976044261376.0,
484, 150, 8700, 182037, 810462, 975856173056.0,
485, 148, 8714, 182039, 810486, 975835889664.0,
486, 150, 8725, 182074, 810486, 975765471232.0,
487, 150, 8732, 182063, 810474, 975743123456.0,
488, 153, 8745, 182107, 810416, 975815114752.0,
489, 150, 8713, 182050, 810431, 975900999680.0,
490, 151, 8712, 182095, 810422, 975880552448.0,
491, 150, 8720, 182031, 810453, 975910109184.0,
492, 149, 8720, 181997, 810508, 975890317312.0,
493, 152, 8687, 182005, 810496, 975892938752.0,
494, 153, 8721, 181950, 810495, 975850373120.0,
495, 151, 8730, 182013, 810501, 975775465472.0,
496, 152, 8723, 182072, 810426, 975747121152.0,
497, 152, 8738, 182044, 810446, 975768649728.0,
498, 153, 8733, 182045, 810389, 975849553920.0,
499, 150, 8720, 182047, 810423, 975811772416.0,
500, 150, 8717, 182023, 810499, 975859089408.0,
501, 152, 8715, 182063, 810463, 975885795328.0,
502, 150, 8714, 182064, 810428, 975920496640.0,
503, 149, 8711, 182064, 810418, 975895265280.0,
504, 151, 8696, 182093, 810401, 975923314688.0,
505, 152, 8709, 182111, 810407, 975970697216.0,
506, 151, 8718, 182131, 810392, 975980363776.0,
507, 149, 8712, 182162, 810362, 975982886912.0,
508, 148, 8716, 182135, 810344, 975999598592.0,
509, 151, 8710, 182159, 810323, 976019816448.0,
510, 151, 8724, 182160, 810365, 976165928960.0,
511, 151, 8709, 182174, 810305, 976192536576.0,
512, 150, 8721, 182105, 810377, 976157376512.0,
513, 149, 8708, 182108, 810382, 976050651136.0,
514, 148, 8716, 182108, 810383, 976036724736.0,
515, 150, 8730, 182064, 810405, 975960047616.0,
516, 148, 8716, 182128, 810390, 975871541248.0,
517, 152, 8718, 182092, 810400, 975867707392.0,
518, 152, 8738, 182028, 810414, 975879471104.0,
519, 150, 8720, 182036, 810419, 975981379584.0,
520, 150, 8733, 182079, 810416, 976073359360.0,
521, 152, 8736, 182112, 810352, 976035479552.0,
522, 151, 8713, 182085, 810389, 975905849344.0,
523, 149, 8724, 182074, 810432, 975981674496.0,
524, 148, 8725, 182030, 810452, 975962013696.0,
525, 153, 8731, 182047, 810465, 975860105216.0,
526, 151, 8737, 182031, 810461, 975933308928.0,
527, 149, 8732, 182028, 810463, 975905259520.0,
528, 149, 8742, 182048, 810433, 975858171904.0,
529, 148, 8727, 182116, 810402, 975868297216.0,
530, 149, 8718, 182101, 810396, 975870885888.0,
531, 151, 8702, 182042, 810412, 975896182784.0,
532, 149, 8711, 182076, 810414, 975886778368.0,
533, 153, 8708, 182065, 810425, 975915319296.0,
534, 153, 8692, 182100, 810409, 975929114624.0,
535, 149, 8694, 182036, 810480, 976072769536.0,
536, 146, 8700, 182044, 810461, 976077160448.0,
537, 149, 8708, 182060, 810425, 976052387840.0,
538, 151, 8720, 182096, 810375, 976075948032.0,
539, 150, 8714, 182110, 810399, 976053567488.0,
540, 152, 8726, 182077, 810454, 976026271744.0,
541, 152, 8738, 182071, 810425, 976016736256.0,
542, 150, 8728, 182057, 810421, 975921184768.0,
543, 150, 8723, 182048, 810413, 975856664576.0,
544, 150, 8734, 182049, 810419, 975863545856.0,
545, 152, 8741, 182076, 810396, 975870918656.0,
546, 150, 8735, 182081, 810382, 975891202048.0,
547, 152, 8715, 182074, 810395, 975858663424.0,
548, 150, 8714, 182063, 810427, 975809478656.0,
549, 149, 8721, 182062, 810432, 975844868096.0,
550, 152, 8726, 182083, 810416, 975926034432.0,
551, 151, 8728, 182108, 810381, 975905718272.0,
552, 149, 8733, 182142, 810393, 976000647168.0,
553, 152, 8730, 182119, 810386, 976039903232.0,
554, 151, 8725, 182113, 810408, 976074932224.0,
555, 151, 8727, 182138, 810371, 976156459008.0,
556, 151, 8710, 182151, 810352, 976112058368.0,
557, 149, 8715, 182159, 810362, 976071524352.0,
558, 152, 8708, 182175, 810322, 976157802496.0,
559, 148, 8719, 182130, 810368, 976232939520.0,
560, 151, 8707, 182105, 810393, 976176185344.0,
561, 149, 8704, 182099, 810412, 976110845952.0,
562, 151, 8703, 182096, 810408, 976096493568.0,
563, 148, 8729, 182054, 810432, 976120381440.0,
564, 150, 8726, 182020, 810466, 976122576896.0,
565, 150, 8725, 182053, 810452, 976076210176.0,
566, 151, 8718, 182026, 810468, 976016146432.0,
567, 152, 8724, 182054, 810404, 975912173568.0,
568, 149, 8737, 182042, 810442, 975858302976.0,
569, 148, 8721, 182050, 810451, 975808331776.0,
570, 150, 8736, 182025, 810457, 975889989632.0,
571, 147, 8732, 182065, 810424, 975949135872.0,
572, 152, 8722, 182113, 810381, 975974727680.0,
573, 150, 8722, 182109, 810409, 975967846400.0,
574, 149, 8725, 182120, 810361, 975997665280.0,
575, 152, 8707, 182090, 810420, 976094363648.0,
576, 151, 8726, 182072, 810424, 976107634688.0,
577, 149, 8708, 182087, 810372, 976087416832.0,
578, 149, 8735, 182115, 810386, 976067264512.0,
579, 151, 8732, 182098, 810386, 976002940928.0,
580, 150, 8744, 182146, 810345, 975969943552.0,
581, 153, 8733, 182134, 810374, 976078438400.0,
582, 152, 8707, 182107, 810380, 976078012416.0,
583, 149, 8714, 182128, 810391, 976044785664.0,
584, 150, 8718, 182148, 810367, 976074178560.0,
585, 152, 8734, 182118, 810380, 976133914624.0,
586, 153, 8749, 182140, 810372, 976196141056.0,
587, 149, 8730, 182091, 810397, 976176414720.0,
588, 150, 8728, 182112, 810408, 976141156352.0,
589, 151, 8714, 182121, 810405, 976078405632.0,
590, 151, 8709, 182112, 810399, 976134602752.0,
591, 150, 8718, 182083, 810407, 976143286272.0,
592, 153, 8722, 182059, 810412, 976034299904.0,
593, 151, 8711, 182078, 810412, 975924854784.0,
594, 148, 8720, 182057, 810458, 975967780864.0,
595, 149, 8726, 182027, 810460, 975987212288.0,
596, 152, 8699, 182051, 810467, 975986917376.0,
597, 150, 8720, 182028, 810482, 975936684032.0,
598, 150, 8709, 182056, 810466, 975943860224.0,
599, 148, 8725, 182042, 810427, 975886450688.0,
600, 149, 8724, 182067, 810390, 975929671680.0,
601, 151, 8726, 182063, 810408, 975918825472.0,
602, 149, 8714, 182087, 810413, 975954247680.0,
603, 150, 8704, 182079, 810476, 975959359488.0,
604, 150, 8711, 182022, 810491, 975977218048.0,
605, 152, 8709, 182016, 810463, 975883534336.0,
606, 152, 8723, 182052, 810454, 976002678784.0,
607, 150, 8726, 182078, 810430, 975946416128.0,
608, 152, 8725, 182071, 810416, 975871410176.0,
609, 152, 8733, 182094, 810439, 975793717248.0,
610, 154, 8721, 182083, 810446, 975810297856.0,
611, 151, 8733, 182044, 810431, 975822880768.0,
612, 150, 8743, 181998, 810458, 975856697344.0,
613, 149, 8723, 182036, 810457, 975855484928.0,
614, 152, 8722, 182038, 810434, 975893168128.0,
615, 149, 8724, 182076, 810378, 975957458944.0,
616, 149, 8726, 182083, 810382, 975962112000.0,
617, 150, 8713, 182128, 810362, 976053960704.0,
618, 152, 8740, 182112, 810346, 976156819456.0,
619, 152, 8741, 182145, 810336, 976164847616.0,
620, 149, 8736, 182135, 810347, 976143286272.0,
621, 149, 8725, 182158, 810385, 976182935552.0,
622, 151, 8718, 182187, 810337, 976178446336.0,
623, 152, 8719, 182154, 810331, 976217440256.0,
624, 150, 8705, 182198, 810318, 976228876288.0,
625, 152, 8700, 182152, 810353, 976276488192.0,
626, 150, 8725, 182165, 810360, 976277995520.0,
627, 152, 8714, 182151, 810359, 976197091328.0,
628, 148, 8714, 182121, 810366, 976156098560.0,
629, 149, 8714, 182100, 810378, 976155869184.0,
630, 152, 8717, 182094, 810421, 976093478912.0,
631, 149, 8730, 182099, 810368, 976142008320.0,
632, 151, 8723, 182109, 810411, 976094855168.0,
633, 151, 8727, 182080, 810377, 976058646528.0,
634, 150, 8722, 182089, 810387, 976042328064.0,
635, 152, 8704, 182050, 810426, 976062513152.0,
636, 152, 8717, 182072, 810404, 976035414016.0,
637, 151, 8715, 182072, 810423, 976083386368.0,
638, 151, 8719, 182070, 810418, 976168091648.0,
639, 151, 8708, 182035, 810438, 976105832448.0,
640, 154, 8719, 182020, 810460, 976048783360.0,
641, 151, 8713, 182085, 810446, 976079421440.0,
642, 152, 8709, 182076, 810407, 975970336768.0,
643, 152, 8721, 182061, 810408, 975968501760.0,
644, 150, 8706, 182117, 810388, 975993831424.0,
645, 151, 8716, 182081, 810422, 976036462592.0,
646, 152, 8705, 182059, 810480, 976020570112.0,
647, 151, 8719, 182083, 810442, 975899918336.0,
648, 152, 8719, 182062, 810444, 975992520704.0,
649, 154, 8717, 182086, 810435, 975927738368.0,
650, 153, 8726, 182070, 810447, 975957688320.0,
651, 151, 8734, 182078, 810392, 976042622976.0,
652, 152, 8739, 182041, 810419, 976001728512.0,
653, 148, 8730, 182039, 810439, 976034463744.0,
654, 153, 8724, 182005, 810475, 975963717632.0,
655, 153, 8720, 182086, 810423, 975929016320.0,
656, 151, 8718, 182054, 810439, 975851028480.0,
657, 152, 8726, 182034, 810454, 975887761408.0,
658, 152, 8714, 182062, 810443, 975963160576.0,
659, 150, 8714, 182068, 810425, 975949627392.0,
660, 148, 8711, 182097, 810396, 975962931200.0,
661, 151, 8732, 182143, 810380, 976011427840.0,
662, 152, 8729, 182113, 810410, 975921250304.0,
663, 151, 8724, 182039, 810448, 975913713664.0,
664, 151, 8749, 182024, 810435, 975899983872.0,
665, 151, 8741, 182047, 810447, 975928459264.0,
666, 150, 8755, 182058, 810400, 975909552128.0,
667, 150, 8732, 182103, 810364, 975841361920.0,
668, 151, 8718, 182108, 810382, 975865085952.0,
669, 150, 8740, 182077, 810393, 975924199424.0,
670, 148, 8734, 182111, 810388, 975893266432.0,
671, 150, 8705, 182066, 810420, 975946547200.0,
672, 151, 8705, 182130, 810387, 975961423872.0,
673, 149, 8714, 182094, 810368, 975939403776.0,
674, 152, 8721, 182123, 810401, 975874916352.0,
675, 149, 8720, 182097, 810382, 975887728640.0,
676, 147, 8720, 182048, 810416, 975985147904.0,
677, 153, 8733, 182053, 810427, 976054681600.0,
678, 148, 8739, 182081, 810407, 976044949504.0,
679, 153, 8719, 182044, 810397, 975975448576.0,
680, 151, 8719, 182097, 810373, 975948414976.0,
681, 149, 8703, 182129, 810421, 975970926592.0,
682, 149, 8710, 182067, 810438, 975981314048.0,
683, 150, 8699, 182102, 810396, 975935111168.0,
684, 149, 8697, 182129, 810394, 975905423360.0,
685, 152, 8700, 182157, 810363, 975932850176.0,
686, 150, 8706, 182095, 810401, 975974662144.0,
687, 151, 8713, 182068, 810421, 976019390464.0,
688, 152, 8719, 182108, 810371, 976027287552.0,
689, 153, 8704, 182104, 810411, 976102686720.0,
690, 150, 8709, 182059, 810450, 976097738752.0,
691, 152, 8711, 182077, 810454, 975965978624.0,
692, 150, 8724, 182072, 810443, 975911714816.0,
693, 153, 8735, 182083, 810457, 975913320448.0,
694, 149, 8729, 182053, 810449, 975906603008.0,
695, 151, 8742, 182034, 810417, 975823470592.0,
696, 150, 8744, 182034, 810423, 975887663104.0,
697, 150, 8745, 182015, 810433, 975835627520.0,
698, 148, 8740, 182077, 810390, 975782379520.0,
699, 151, 8741, 182059, 810414, 975740928000.0,
700, 153, 8733, 182104, 810362, 975777464320.0,
701, 150, 8734, 182072, 810413, 975845588992.0,
702, 150, 8733, 182043, 810408, 975983050752.0,
703, 151, 8723, 182059, 810449, 975969091584.0,
704, 153, 8716, 182105, 810412, 975889629184.0,
705, 151, 8703, 182098, 810451, 975847292928.0,
706, 147, 8709, 182079, 810411, 975911550976.0,
707, 151, 8715, 182098, 810429, 975901655040.0,
708, 152, 8732, 182071, 810418, 975871737856.0,
709, 151, 8730, 182066, 810450, 975843524608.0,
710, 152, 8737, 182057, 810461, 975766454272.0,
711, 148, 8726, 182053, 810436, 975849062400.0,
712, 153, 8721, 182069, 810430, 975903981568.0,
713, 153, 8731, 182081, 810452, 975943368704.0,
714, 147, 8722, 182060, 810447, 975946448896.0,
715, 151, 8725, 182059, 810415, 975925215232.0,
716, 152, 8711, 182088, 810371, 975911026688.0,
717, 149, 8706, 182149, 810372, 975935700992.0,
718, 151, 8688, 182102, 810389, 975954608128.0,
719, 151, 8710, 182102, 810407, 975993044992.0,
