0, 1001365, 0, 0, 0, 0.0,
1, 991352, 10011, 2, 0, 0.0,
2, 920, 990254, 10183, 0, 5357248256.0,
3, 0, 983756, 17609, 0, 11526414848.0,
4, 0, 943549, 57815, 0, 28670424064.0,
5, 0, 850594, 150769, 2, 79717851136.0,
6, 0, 712365, 288981, 13, 188746432512.0,
7, 1, 555426, 445868, 63, 367376039936.0,
8, 0, 405898, 595245, 216, 611263709184.0,
9, 9, 280449, 720270, 641, 904724283392.0,
10, 1, 184722, 814967, 1677, 1227448582144.0,
11, 3, 116784, 880435, 4104, 1561146818560.0,
12, 2, 71399, 920726, 9150, 1887823986688.0,
13, 3, 42744, 939968, 18668, 2203680768000.0,
14, 6, 25533, 941025, 34799, 2484381679616.0,
15, 9, 15952, 925697, 59720, 2733272858624.0,
16, 16, 11455, 894937, 94927, 2936474697728.0,
17, 24, 10316, 850175, 140825, 3136220954624.0,
18, 33, 11502, 793106, 196762, 3241065316352.0,
19, 44, 14309, 726624, 260383, 3352498012160.0,
20, 54, 18232, 654294, 328792, 3385105317888.0,
21, 65, 22836, 580212, 398230, 3378383945728.0,
22, 77, 27752, 508194, 465348, 3330526150656.0,
23, 90, 32581, 441725, 527037, 3232149536768.0,
24, 97, 36955, 383539, 580760, 3141180456960.0,
25, 106, 40666, 335429, 625164, 3015540473856.0,
26, 110, 43439, 298125, 659773, 2884714889216.0,
27, 116, 45130, 271549, 684558, 2746026164224.0,
28, 117, 45754, 255096, 700488, 2615450402816.0,
29, 119, 45339, 247495, 708417, 2485807480832.0,
30, 119, 44058, 247400, 709772, 2369122467840.0,
31, 118, 42063, 253338, 705827, 2266584317952.0,
32, 119, 39411, 263878, 697955, 2178921463808.0,
33, 117, 36425, 277698, 687125, 2105798754304.0,
34, 116, 33200, 293497, 674552, 2048480575488.0,
35, 113, 29954, 310384, 660930, 2004633321472.0,
36, 114, 26825, 327555, 646918, 1975518363648.0,
37, 108, 23882, 344342, 633046, 1958499909632.0,
38, 106, 21212, 360302, 619730, 1951544049664.0,
39, 106, 18872, 375154, 607268, 1953563279360.0,
40, 104, 16871, 388557, 595842, 1962850975744.0,
41, 106, 15282, 400375, 585568, 1977877069824.0,
42, 102, 14066, 410544, 576606, 1997552943104.0,
43, 103, 13179, 419100, 568998, 2020261888000.0,
44, 103, 12620, 425897, 562716, 2044915548160.0,
45, 106, 12339, 431149, 557734, 2070238330880.0,
46, 104, 12331, 434902, 553966, 2095359197184.0,
47, 107, 12558, 437172, 551524, 2119454883840.0,
48, 107, 12969, 438155, 550170, 2142211735552.0,
49, 109, 13495, 437861, 549876, 2163051200512.0,
50, 111, 14161, 436679, 550381, 2181292949504.0,
51, 111, 14931, 434488, 551794, 2196662976512.0,
52, 112, 15760, 431562, 553925, 2208974110720.0,
53, 116, 16596, 428011, 556645, 2218403430400.0,
54, 113, 17466, 424009, 559785, 2224916004864.0,
55, 119, 18308, 419660, 563313, 2228633337856.0,
56, 121, 19163, 415055, 567056, 2229498413056.0,
57, 117, 19968, 410342, 570952, 2227725139968.0,
58, 124, 20724, 405671, 574846, 2223709487104.0,
59, 124, 21403, 401032, 578758, 2217520529408.0,
60, 124, 22042, 396561, 582680, 2209610727424.0,
61, 125, 22601, 392361, 586349, 2199830134784.0,
62, 129, 23090, 388353, 589799, 2188962562048.0,
63, 131, 23462, 384735, 592984, 2177061486592.0,
64, 132, 23841, 381631, 595868, 2164728397824.0,
65, 133, 24101, 378773, 598364, 2151961133056.0,
66, 134, 24252, 376434, 600602, 2139011612672.0,
67, 137, 24380, 374465, 602415, 2126345404416.0,
68, 137, 24446, 372973, 603928, 2114123071488.0,
69, 136, 24462, 371744, 605002, 2102379806720.0,
70, 138, 24393, 370971, 605869, 2091200479232.0,
71, 139, 24281, 370531, 606384, 2080724746240.0,
72, 141, 24183, 370359, 606642, 2071209050112.0,
73, 136, 24007, 370526, 606669, 2062494859264.0,
74, 136, 23823, 370899, 606529, 2054869745664.0,
75, 141, 23669, 371525, 606085, 2048289210368.0,
76, 137, 23441, 372274, 605537, 2042869710848.0,
77, 142, 23221, 373202, 604792, 2038364372992.0,
78, 142, 22974, 374244, 603996, 2034907742208.0,
79, 141, 22792, 375369, 603081, 2032227516416.0,
80, 141, 22573, 376638, 602003, 2030643183616.0,
81, 142, 22352, 377860, 601009, 2029752090624.0,
82, 139, 22139, 378997, 600094, 2029674889216.0,
83, 140, 21940, 380226, 599047, 2030209662976.0,
84, 139, 21795, 381420, 598029, 2031292645376.0,
85, 144, 21655, 382473, 597078, 2032910794752.0,
86, 143, 21539, 383515, 596134, 2034832441344.0,
87, 141, 21416, 384521, 595240, 2037206548480.0,
88, 142, 21320, 385416, 594473, 2039772086272.0,
89, 141, 21267, 386278, 593670, 2042576896000.0,
90, 145, 21188, 386977, 593045, 2045479682048.0,
91, 141, 21160, 387568, 592513, 2048567148544.0,
92, 143, 21107, 388106, 592020, 2051801022464.0,
93, 145, 21102, 388465, 591641, 2054777470976.0,
94, 143, 21086, 388824, 591363, 2057610919936.0,
95, 142, 21077, 389078, 591085, 2060250644480.0,
96, 144, 21106, 389215, 590849, 2062578221056.0,
97, 143, 21139, 389316, 590699, 2065093951488.0,
98, 145, 21163, 389408, 590678, 2067238617088.0,
99, 142, 21227, 389419, 590621, 2069197619200.0,
100, 143, 21263, 389288, 590677, 2070873178112.0,
101, 144, 21300, 389118, 590759, 2072446042112.0,
102, 146, 21348, 388975, 590913, 2073773735936.0,
103, 145, 21404, 388822, 591012, 2074901151744.0,
104, 145, 21419, 388637, 591151, 2075811381248.0,
105, 146, 21471, 388479, 591327, 2076413329408.0,
106, 145, 21514, 388225, 591482, 2076986114048.0,
107, 144, 21559, 387926, 591778, 2077263069184.0,
108, 142, 21589, 387717, 591953, 2077419634688.0,
109, 147, 21609, 387435, 592158, 2077320151040.0,
110, 145, 21679, 387261, 592322, 2077242163200.0,
111, 145, 21708, 386991, 592480, 2077043458048.0,
112, 143, 21760, 386799, 592678, 2076668526592.0,
113, 148, 21754, 386590, 592835, 2076378136576.0,
114, 145, 21776, 386442, 592953, 2075987869696.0,
115, 146, 21796, 386247, 593190, 2075472232448.0,
116, 149, 21827, 386045, 593359, 2075040350208.0,
117, 150, 21831, 385845, 593558, 2074294157312.0,
118, 146, 21846, 385710, 593708, 2073829638144.0,
119, 147, 21881, 385602, 593763, 2073176768512.0,
120, 150, 21897, 385421, 593917, 2072427954176.0,
121, 147, 21906, 385335, 594063, 2071729274880.0,
122, 148, 21891, 385200, 594163, 2071090233344.0,
123, 148, 21898, 385161, 594162, 2070453682176.0,
124, 147, 21871, 385137, 594270, 2069874802688.0,
125, 148, 21864, 384986, 594327, 2069147222016.0,
126, 149, 21870, 384899, 594441, 2068428816384.0,
127, 149, 21887, 384954, 594413, 2068004208640.0,
128, 147, 21857, 384925, 594469, 2067404881920.0,
129, 151, 21843, 384929, 594453, 2067098173440.0,
130, 148, 21876, 384961, 594399, 2066643419136.0,
131, 149, 21863, 384944, 594389, 2066353946624.0,
132, 149, 21879, 384989, 594393, 2065974099968.0,
133, 148, 21882, 384996, 594366, 2065730502656.0,
134, 151, 21846, 385082, 594275, 2065529110528.0,
135, 149, 21821, 385126, 594241, 2065450205184.0,
136, 150, 21816, 385220, 594145, 2065443979264.0,
137, 151, 21816, 385206, 594178, 2065415864320.0,
138, 150, 21798, 385223, 594140, 2065529438208.0,
139, 150, 21796, 385290, 594125, 2065507876864.0,
140, 148, 21786, 385381, 594021, 2065492738048.0,
141, 151, 21769, 385418, 593991, 2065425235968.0,
142, 150, 21784, 385442, 594032, 2065431855104.0,
143, 151, 21758, 385486, 593962, 2065519476736.0,
144, 152, 21729, 385564, 593912, 2065702977536.0,
145, 151, 21751, 385630, 593850, 2065940873216.0,
146, 151, 21737, 385695, 593839, 2066031968256.0,
147, 149, 21735, 385766, 593745, 2066119852032.0,
148, 150, 21733, 385822, 593706, 2066263244800.0,
149, 149, 21711, 385821, 593693, 2066485673984.0,
150, 149, 21727, 385848, 593691, 2066784124928.0,
151, 151, 21741, 385868, 593575, 2066986434560.0,
152, 150, 21736, 385822, 593657, 2067097190400.0,
153, 149, 21742, 385896, 593563, 2067255984128.0,
154, 147, 21730, 385946, 593605, 2067318702080.0,
155, 152, 21752, 385925, 593528, 2067538378752.0,
156, 149, 21722, 385871, 593592, 2067652804608.0,
157, 149, 21746, 385918, 593619, 2067786825728.0,
158, 149, 21730, 385966, 593590, 2067839647744.0,
159, 151, 21720, 385931, 593619, 2067885981696.0,
160, 151, 21764, 385844, 593668, 2067984547840.0,
161, 149, 21754, 385879, 593663, 2067922747392.0,
162, 149, 21742, 385804, 593683, 2067933102080.0,
163, 148, 21729, 385827, 593673, 2067959250944.0,
164, 150, 21726, 385867, 593583, 2068044054528.0,
165, 150, 21711, 385910, 593620, 2067995754496.0,
166, 150, 21731, 385795, 593659, 2068140720128.0,
167, 149, 21731, 385807, 593631, 2068136919040.0,
168, 153, 21757, 385814, 593660, 2068212875264.0,
169, 151, 21759, 385814, 593605, 2068211040256.0,
170, 148, 21763, 385819, 593628, 2068234960896.0,
171, 150, 21782, 385815, 593596, 2068156710912.0,
172, 150, 21760, 385826, 593628, 2068168376320.0,
173, 149, 21746, 385777, 593640, 2068138229760.0,
174, 149, 21751, 385817, 593675, 2068121518080.0,
175, 149, 21770, 385780, 593709, 2068121518080.0,
176, 148, 21759, 385764, 593757, 2068091109376.0,
177, 150, 21771, 385776, 593701, 2068111818752.0,
178, 153, 21756, 385776, 593644, 2068154351616.0,
179, 150, 21772, 385774, 593701, 2068115357696.0,
180, 152, 21763, 385727, 593723, 2067977142272.0,
181, 151, 21788, 385752, 593712, 2067792986112.0,
182, 150, 21768, 385724, 593729, 2067782500352.0,
183, 151, 21766, 385680, 593775, 2067776995328.0,
184, 151, 21771, 385716, 593824, 2067832963072.0,
185, 149, 21743, 385732, 593813, 2067832307712.0,
186, 150, 21762, 385654, 593840, 2067841810432.0,
187, 146, 21761, 385646, 593816, 2067692191744.0,
188, 150, 21737, 385669, 593823, 2067447283712.0,
189, 150, 21740, 385677, 593769, 2067466878976.0,
190, 151, 21737, 385657, 593864, 2067373228032.0,
191, 149, 21750, 385653, 593807, 2067376046080.0,
192, 152, 21756, 385714, 593765, 2067325517824.0,
193, 150, 21782, 385644, 593787, 2067357499392.0,
194, 148, 21745, 385696, 593750, 2067409141760.0,
195, 149, 21763, 385737, 593666, 2067415695360.0,
196, 150, 21752, 385759, 593666, 2067464847360.0,
197, 150, 21745, 385782, 593659, 2067442761728.0,
198, 153, 21768, 385774, 593659, 2067555680256.0,
199, 151, 21781, 385780, 593702, 2067446169600.0,
200, 152, 21734, 385774, 593693, 2067511443456.0,
201, 153, 21757, 385756, 593663, 2067604176896.0,
202, 152, 21780, 385802, 593705, 2067678232576.0,
203, 153, 21760, 385744, 593679, 2067741605888.0,
204, 153, 21761, 385734, 593738, 2067759628288.0,
205, 150, 21754, 385742, 593702, 2067723780096.0,
206, 151, 21762, 385795, 593687, 2067594477568.0,
207, 152, 21745, 385796, 593627, 2067661389824.0,
208, 150, 21738, 385827, 593661, 2067654836224.0,
209, 151, 21765, 385813, 593664, 2067645464576.0,
210, 151, 21749, 385740, 593693, 2067717226496.0,
211, 151, 21737, 385819, 593649, 2067672268800.0,
212, 151, 21745, 385773, 593686, 2067790954496.0,
213, 149, 21741, 385793, 593689, 2067863830528.0,
214, 148, 21752, 385766, 593675, 2067825819648.0,
215, 149, 21757, 385670, 593786, 2067759300608.0,
216, 151, 21755, 385711, 593769, 2067845087232.0,
217, 149, 21775, 385665, 593780, 2067772211200.0,
218, 148, 21780, 385700, 593788, 2067714277376.0,
219, 151, 21779, 385671, 593748, 2067675938816.0,
220, 150, 21774, 385725, 593733, 2067717095424.0,
221, 148, 21739, 385719, 593729, 2067684982784.0,
222, 150, 21748, 385760, 593730, 2067645923328.0,
223, 151, 21753, 385725, 593798, 2067694026752.0,
224, 150, 21745, 385721, 593760, 2067687800832.0,
225, 147, 21742, 385732, 593758, 2067688849408.0,
226, 150, 21737, 385653, 593803, 2067643301888.0,
227, 149, 21747, 385671, 593772, 2067572785152.0,
228, 150, 21748, 385653, 593785, 2067569180672.0,
229, 149, 21749, 385638, 593853, 2067529662464.0,
230, 150, 21735, 385716, 593801, 2067533135872.0,
231, 150, 21784, 385647, 593788, 2067476381696.0,
232, 152, 21752, 385644, 593759, 2067357696000.0,
233, 153, 21771, 385709, 593775, 2067396296704.0,
234, 148, 21775, 385671, 593781, 2067331219456.0,
235, 154, 21763, 385777, 593723, 2067183042560.0,
236, 153, 21772, 385780, 593687, 2067196805120.0,
237, 152, 21756, 385848, 593660, 2067377029120.0,
238, 151, 21762, 385857, 593704, 2067447218176.0,
239, 151, 21774, 385754, 593700, 2067527434240.0,
240, 153, 21774, 385714, 593735, 2067525730304.0,
241, 152, 21764, 385765, 593682, 2067498074112.0,
242, 151, 21762, 385730, 593698, 2067521994752.0,
243, 150, 21768, 385747, 593708, 2067683540992.0,
244, 151, 21779, 385745, 593704, 2067622330368.0,
245, 151, 21755, 385732, 593699, 2067527630848.0,
246, 151, 21752, 385759, 593680, 2067587792896.0,
247, 149, 21755, 385716, 593729, 2067695206400.0,
248, 151, 21756, 385764, 593672, 2067663224832.0,
249, 151, 21771, 385703, 593710, 2067752353792.0,
250, 150, 21761, 385708, 593760, 2067787808768.0,
251, 152, 21750, 385761, 593685, 2067820380160.0,
252, 149, 21757, 385792, 593669, 2067731972096.0,
253, 151, 21773, 385708, 593796, 2067736428544.0,
254, 148, 21790, 385675, 593783, 2067665846272.0,
255, 148, 21776, 385704, 593735, 2067691208704.0,
256, 151, 21757, 385697, 593788, 2067599589376.0,
257, 149, 21780, 385763, 593754, 2067549913088.0,
258, 149, 21778, 385668, 593746, 2067616956416.0,
259, 152, 21767, 385686, 593795, 2067735445504.0,
260, 149, 21744, 385706, 593823, 2067664273408.0,
261, 152, 21762, 385745, 593751, 2067588579328.0,
262, 151, 21739, 385730, 593714, 2067663421440.0,
263, 150, 21731, 385758, 593777, 2067728629760.0,
264, 149, 21735, 385738, 593772, 2067650576384.0,
265, 147, 21727, 385715, 593852, 2067625672704.0,
266, 150, 21748, 385685, 593785, 2067470745600.0,
267, 148, 21750, 385702, 593760, 2067401342976.0,
268, 150, 21743, 385730, 593706, 2067468582912.0,
269, 150, 21765, 385740, 593702, 2067528679424.0,
270, 152, 21780, 385776, 593687, 2067588251648.0,
271, 150, 21754, 385761, 593694, 2067594280960.0,
272, 150, 21774, 385730, 593691, 2067670499328.0,
273, 148, 21782, 385747, 593720, 2067699400704.0,
274, 154, 21790, 385768, 593682, 2067777716224.0,
275, 151, 21792, 385792, 593666, 2067724500992.0,
276, 150, 21773, 385740, 593710, 2067751960576.0,
277, 152, 21746, 385726, 593676, 2067803471872.0,
278, 154, 21791, 385715, 593691, 2067709689856.0,
279, 154, 21790, 385711, 593689, 2067597688832.0,
280, 150, 21784, 385724, 593685, 2067552075776.0,
281, 150, 21754, 385750, 593637, 2067486605312.0,
282, 154, 21753, 385771, 593636, 2067498074112.0,
283, 151, 21758, 385776, 593669, 2067618988032.0,
284, 147, 21751, 385743, 593712, 2067663945728.0,
285, 151, 21736, 385765, 593755, 2067647889408.0,
286, 150, 21773, 385748, 593759, 2067662372864.0,
287, 151, 21761, 385693, 593725, 2067570294784.0,
288, 151, 21748, 385728, 593673, 2067734921216.0,
289, 151, 21767, 385800, 593639, 2067853737984.0,
290, 150, 21781, 385744, 593672, 2067784007680.0,
291, 153, 21782, 385714, 593740, 2067773259776.0,
292, 149, 21751, 385764, 593702, 2067763167232.0,
293, 148, 21748, 385797, 593692, 2067656146944.0,
294, 151, 21751, 385688, 593740, 2067686162432.0,
295, 150, 21744, 385711, 593727, 2067689111552.0,
296, 149, 21736, 385817, 593723, 2067762970624.0,
297, 149, 21736, 385797, 593651, 2067794231296.0,
298, 150, 21724, 385708, 593737, 2067687211008.0,
299, 153, 21719, 385672, 593814, 2067563610112.0,
300, 153, 21735, 385712, 593798, 2067568001024.0,
301, 152, 21746, 385594, 593878, 2067644153856.0,
302, 151, 21747, 385628, 593835, 2067573768192.0,
303, 152, 21759, 385684, 593766, 2067521667072.0,
304, 151, 21754, 385627, 593741, 2067453902848.0,
305, 151, 21780, 385627, 593824, 2067398524928.0,
306, 148, 21766, 385723, 593709, 2067482017792.0,
307, 150, 21762, 385696, 593764, 2067560005632.0,
308, 152, 21762, 385720, 593737, 2067418578944.0,
309, 151, 21756, 385726, 593700, 2067392167936.0,
310, 148, 21767, 385714, 593764, 2067537657856.0,
311, 151, 21757, 385680, 593764, 2067498860544.0,
312, 151, 21788, 385706, 593727, 2067608305664.0,
313, 149, 21762, 385728, 593753, 2067510067200.0,
314, 151, 21777, 385707, 593763, 2067511050240.0,
315, 147, 21757, 385712, 593746, 2067521011712.0,
316, 152, 21778, 385758, 593691, 2067427033088.0,
317, 148, 21778, 385842, 593658, 2067376766976.0,
318, 150, 21763, 385798, 593664, 2067289014272.0,
319, 152, 21780, 385787, 593680, 2067296747520.0,
320, 150, 21745, 385763, 593665, 2067504037888.0,
321, 153, 21761, 385729, 593689, 2067551813632.0,
322, 149, 21758, 385798, 593678, 2067606863872.0,
323, 154, 21747, 385825, 593616, 2067670368256.0,
324, 151, 21766, 385808, 593681, 2067757531136.0,
325, 149, 21752, 385806, 593632, 2067854721024.0,
326, 148, 21756, 385844, 593596, 2067918618624.0,
327, 152, 21759, 385774, 593680, 2067980353536.0,
328, 154, 21767, 385737, 593736, 2067974062080.0,
329, 152, 21763, 385725, 593710, 2067967836160.0,
330, 152, 21770, 385723, 593715, 2067954270208.0,
331, 151, 21791, 385775, 593731, 2067888209920.0,
332, 151, 21787, 385737, 593698, 2067867959296.0,
333, 147, 21761, 385696, 593734, 2067725156352.0,
334, 152, 21778, 385706, 593735, 2067737214976.0,
335, 150, 21767, 385722, 593748, 2067786170368.0,
336, 147, 21750, 385694, 593800, 2067801505792.0,
337, 151, 21743, 385697, 593735, 2067710410752.0,
338, 151, 21762, 385713, 593719, 2067781582848.0,
339, 151, 21752, 385644, 593787, 2067768082432.0,
340, 150, 21740, 385713, 593772, 2067745865728.0,
341, 149, 21750, 385710, 593777, 2067648086016.0,
342, 154, 21766, 385715, 593681, 2067562299392.0,
343, 149, 21740, 385809, 593742, 2067714473984.0,
344, 151, 21753, 385774, 593767, 2067586547712.0,
345, 150, 21746, 385682, 593772, 2067589890048.0,
346, 149, 21782, 385656, 593734, 2067627507712.0,
347, 150, 21791, 385696, 593725, 2067728039936.0,
348, 151, 21761, 385728, 593746, 2067673317376.0,
349, 150, 21739, 385741, 593697, 2067717160960.0,
350, 149, 21777, 385753, 593738, 2067584974848.0,
351, 147, 21763, 385685, 593773, 2067579207680.0,
352, 152, 21792, 385710, 593762, 2067480248320.0,
353, 152, 21786, 385679, 593768, 2067407175680.0,
354, 149, 21790, 385735, 593732, 2067274858496.0,
355, 149, 21767, 385755, 593761, 2067339411456.0,
356, 152, 21749, 385728, 593749, 2067339214848.0,
357, 153, 21760, 385727, 593672, 2067437780992.0,
358, 150, 21740, 385795, 593672, 2067363594240.0,
359, 152, 21761, 385773, 593674, 2067420479488.0,
360, 148, 21771, 385787, 593685, 2067549716480.0,
361, 151, 21771, 385732, 593726, 2067640483840.0,
362, 149, 21758, 385789, 593730, 2067752288256.0,
363, 149, 21755, 385720, 593730, 2067830603776.0,
364, 149, 21770, 385815, 593664, 2067841613824.0,
365, 148, 21770, 385821, 593612, 2067922550784.0,
366, 151, 21772, 385861, 593578, 2067980091392.0,
367, 151, 21740, 385786, 593666, 2068026032128.0,
368, 151, 21741, 385800, 593682, 2068059389952.0,
369, 148, 21730, 385758, 593674, 2067913048064.0,
370, 149, 21715, 385765, 593670, 2067954204672.0,
371, 151, 21752, 385804, 593640, 2068137574400.0,
372, 153, 21734, 385827, 593605, 2068182007808.0,
373, 153, 21767, 385812, 593666, 2068255145984.0,
374, 150, 21791, 385825, 593697, 2068144652288.0,
375, 150, 21756, 385759, 593671, 2068050149376.0,
376, 150, 21749, 385769, 593697, 2067996672000.0,
377, 153, 21782, 385713, 593758, 2067934085120.0,
378, 150, 21782, 385743, 593770, 2067857604608.0,
379, 151, 21750, 385673, 593749, 2067870056448.0,
380, 151, 21776, 385698, 593758, 2067796328448.0,
381, 146, 21756, 385754, 593708, 2067713556480.0,
382, 150, 21744, 385789, 593685, 2067650838528.0,
383, 154, 21744, 385726, 593761, 2067626393600.0,
384, 151, 21753, 385787, 593677, 2067632291840.0,
385, 150, 21774, 385773, 593681, 2067680460800.0,
386, 150, 21797, 385789, 593689, 2067642515456.0,
387, 149, 21807, 385717, 593650, 2067618988032.0,
388, 152, 21769, 385744, 593727, 2067519963136.0,
389, 153, 21783, 385737, 593732, 2067552534528.0,
390, 150, 21763, 385798, 593673, 2067532414976.0,
391, 154, 21753, 385818, 593664, 2067623378944.0,
392, 150, 21743, 385762, 593714, 2067779878912.0,
393, 150, 21736, 385758, 593713, 2067820969984.0,
394, 149, 21744, 385784, 593697, 2067736100864.0,
395, 148, 21728, 385712, 593764, 2067727319040.0,
396, 148, 21733, 385700, 593724, 2067694616576.0,
397, 150, 21790, 385679, 593736, 2067549978624.0,
398, 148, 21771, 385712, 593771, 2067632816128.0,
399, 151, 21791, 385655, 593816, 2067628097536.0,
400, 150, 21790, 385681, 593784, 2067593363456.0,
401, 150, 21749, 385759, 593686, 2067541262336.0,
402, 151, 21767, 385721, 593758, 2067581698048.0,
403, 153, 21766, 385710, 593759, 2067691208704.0,
404, 149, 21786, 385676, 593774, 2067667091456.0,
405, 147, 21778, 385705, 593754, 2067602931712.0,
406, 150, 21791, 385685, 593746, 2067579076608.0,
407, 153, 21796, 385677, 593736, 2067546374144.0,
408, 150, 21776, 385691, 593715, 2067616694272.0,
409, 150, 21778, 385748, 593711, 2067633471488.0,
410, 150, 21771, 385810, 593651, 2067646251008.0,
411, 148, 21756, 385798, 593688, 2067674234880.0,
412, 148, 21751, 385793, 593710, 2067622461440.0,
413, 149, 21739, 385697, 593786, 2067613810688.0,
414, 149, 21740, 385769, 593665, 2067603128320.0,
415, 148, 21722, 385802, 593722, 2067601162240.0,
416, 150, 21748, 385792, 593640, 2067542245376.0,
417, 148, 21776, 385783, 593657, 2067518914560.0,
418, 152, 21776, 385729, 593686, 2067572588544.0,
419, 151, 21783, 385747, 593662, 2067767951360.0,
420, 150, 21764, 385725, 593740, 2067658964992.0,
421, 151, 21755, 385724, 593783, 2067734200320.0,
422, 151, 21760, 385754, 593713, 2067676921856.0,
423, 149, 21748, 385730, 593720, 2067666698240.0,
424, 151, 21748, 385772, 593713, 2067629342720.0,
425, 149, 21746, 385790, 593690, 2067626655744.0,
426, 151, 21755, 385712, 593715, 2067642974208.0,
427, 152, 21781, 385747, 593691, 2067691143168.0,
428, 149, 21779, 385746, 593687, 2067630194688.0,
429, 151, 21771, 385723, 593677, 2067610730496.0,
430, 151, 21775, 385805, 593673, 2067651756032.0,
431, 151, 21760, 385827, 593663, 2067619315712.0,
432, 150, 21753, 385756, 593670, 2067602735104.0,
433, 149, 21750, 385713, 593769, 2067767951360.0,
434, 150, 21754, 385791, 593646, 2067751305216.0,
435, 148, 21764, 385753, 593724, 2067865272320.0,
436, 151, 21734, 385794, 593726, 2067906887680.0,
437, 152, 21769, 385814, 593670, 2067841744896.0,
438, 149, 21759, 385783, 593685, 2067846594560.0,
439, 154, 21776, 385732, 593701, 2067678232576.0,
440, 151, 21763, 385678, 593767, 2067696713728.0,
441, 150, 21784, 385678, 593831, 2067757137920.0,
442, 150, 21774, 385720, 593780, 2067808845824.0,
443, 148, 21795, 385702, 593724, 2067781648384.0,
444, 152, 21789, 385748, 593714, 2067734003712.0,
445, 150, 21798, 385650, 593755, 2067719192576.0,
446, 151, 21773, 385658, 593735, 2067636027392.0,
447, 150, 21761, 385692, 593760, 2067680919552.0,
448, 150, 21736, 385698, 593809, 2067663945728.0,
449, 151, 21740, 385676, 593787, 2067667812352.0,
450, 152, 21768, 385664, 593815, 2067582484480.0,
451, 149, 21792, 385722, 593772, 2067607715840.0,
452, 151, 21737, 385714, 593750, 2067513409536.0,
453, 153, 21732, 385748, 593771, 2067583008768.0,
454, 150, 21744, 385701, 593816, 2067500695552.0,
455, 151, 21759, 385748, 593737, 2067513475072.0,
456, 151, 21751, 385697, 593778, 2067604045824.0,
457, 149, 21754, 385793, 593694, 2067709558784.0,
458, 149, 21754, 385734, 593733, 2067653263360.0,
459, 149, 21745, 385773, 593703, 2067600965632.0,
460, 149, 21753, 385807, 593625, 2067566100480.0,
461, 149, 21767, 385783, 593595, 2067528941568.0,
462, 153, 21768, 385772, 593694, 2067720372224.0,
463, 150, 21763, 385762, 593703, 2067754057728.0,
464, 149, 21766, 385735, 593722, 2067865600000.0,
465, 151, 21765, 385741, 593788, 2067824377856.0,
466, 149, 21762, 385797, 593722, 2067706544128.0,
467, 153, 21772, 385721, 593728, 2067718930432.0,
468, 153, 21762, 385717, 593706, 2067689570304.0,
469, 149, 21797, 385686, 593730, 2067703136256.0,
470, 150, 21775, 385737, 593733, 2067730006016.0,
471, 151, 21756, 385716, 593769, 2067666436096.0,
472, 150, 21762, 385718, 593718, 2067690749952.0,
473, 151, 21747, 385722, 593736, 2067669319680.0,
474, 152, 21758, 385758, 593731, 2067478085632.0,
475, 151, 21777, 385709, 593749, 2067556466688.0,
476, 149, 21776, 385715, 593762, 2067643564032.0,
477, 149, 21763, 385705, 593748, 2067499778048.0,
478, 153, 21760, 385740, 593740, 2067449118720.0,
479, 152, 21763, 385747, 593735, 2067450953728.0,
480, 148, 21776, 385774, 593750, 2067570098176.0,
481, 149, 21767, 385737, 593717, 2067557711872.0,
482, 149, 21767, 385748, 593745, 2067558629376.0,
483, 150, 21771, 385751, 593713, 2067621609472.0,
484, 151, 21777, 385762, 593675, 2067648020480.0,
485, 148, 21770, 385755, 593687, 2067672399872.0,
486, 148, 21784, 385774, 593684, 2067746521088.0,
487, 153, 21775, 385833, 593616, 2067687342080.0,
488, 150, 21770, 385855, 593608, 2067760349184.0,
489, 149, 21767, 385869, 593625, 2067806027776.0,
490, 151, 21754, 385859, 593596, 2067797049344.0,
491, 152, 21766, 385807, 593670, 2067974979584.0,
492, 150, 21759, 385731, 593725, 2068007878656.0,
493, 150, 21754, 385742, 593720, 2067935592448.0,
494, 150, 21765, 385786, 593661, 2067851575296.0,
495, 153, 21744, 385695, 593747, 2067906363392.0,
496, 148, 21727, 385760, 593766, 2067873202176.0,
497, 152, 21765, 385739, 593759, 2067990577152.0,
498, 148, 21742, 385755, 593725, 2067984613376.0,
499, 153, 21779, 385778, 593700, 2067904135168.0,
500, 151, 21745, 385783, 593658, 2067837419520.0,
501, 149, 21762, 385709, 593721, 2067828310016.0,
502, 148, 21765, 385703, 593747, 2067804913664.0,
503, 149, 21754, 385683, 593803, 2067773456384.0,
504, 151, 21745, 385630, 593808, 2067682951168.0,
505, 155, 21757, 385677, 593806, 2067659161600.0,
506, 149, 21741, 385719, 593724, 2067605422080.0,
507, 151, 21749, 385727, 593685, 2067579469824.0,
508, 152, 21765, 385747, 593667, 2067591266304.0,
509, 150, 21770, 385687, 593772, 2067618660352.0,
510, 150, 21770, 385689, 593745, 2067581566976.0,
511, 151, 21762, 385685, 593725, 2067474939904.0,
512, 148, 21747, 385703, 593744, 2067461373952.0,
513, 151, 21750, 385738, 593764, 2067495190528.0,
514, 149, 21756, 385736, 593750, 2067477823488.0,
515, 151, 21735, 385743, 593811, 2067492241408.0,
516, 150, 21756, 385720, 593734, 2067589300224.0,
517, 151, 21760, 385621, 593829, 2067464585216.0,
518, 152, 21756, 385714, 593774, 2067511312384.0,
519, 149, 21769, 385696, 593761, 2067546636288.0,
520, 151, 21781, 385719, 593756, 2067615449088.0,
521, 151, 21787, 385760, 593653, 2067601883136.0,
522, 149, 21774, 385759, 593679, 2067702415360.0,
523, 150, 21776, 385809, 593652, 2067722797056.0,
524, 150, 21772, 385775, 593670, 2067804782592.0,
525, 151, 21770, 385718, 593671, 2067778371584.0,
526, 153, 21778, 385800, 593639, 2067828047872.0,
527, 151, 21765, 385748, 593696, 2067792986112.0,
528, 150, 21778, 385754, 593724, 2067722862592.0,
529, 151, 21783, 385726, 593709, 2067629801472.0,
530, 152, 21791, 385757, 593669, 2067616432128.0,
531, 154, 21783, 385686, 593717, 2067707723776.0,
532, 150, 21780, 385758, 593666, 2067733872640.0,
533, 150, 21775, 385753, 593658, 2067616694272.0,
534, 149, 21732, 385780, 593680, 2067726598144.0,
535, 151, 21730, 385842, 593635, 2067848036352.0,
536, 150, 21737, 385840, 593581, 2067810156544.0,
537, 149, 21760, 385794, 593649, 2067857735680.0,
538, 149, 21722, 385721, 593694, 2067841024000.0,
539, 151, 21739, 385788, 593675, 2067834011648.0,
540, 152, 21723, 385779, 593707, 2067682230272.0,
541, 152, 21746, 385700, 593757, 2067734069248.0,
542, 150, 21734, 385713, 593732, 2067740098560.0,
543, 151, 21759, 385661, 593752, 2067697041408.0,
544, 148, 21771, 385707, 593731, 2067633537024.0,
545, 154, 21790, 385711, 593693, 2067596509184.0,
546, 150, 21804, 385721, 593715, 2067635437568.0,
547, 152, 21769, 385732, 593687, 2067627573248.0,
548, 151, 21784, 385737, 593695, 2067645399040.0,
549, 147, 21771, 385752, 593680, 2067840630784.0,
550, 150, 21753, 385797, 593639, 2067972292608.0,
551, 148, 21773, 385793, 593674, 2067985530880.0,
552, 153, 21773, 385735, 593689, 2067997523968.0,
553, 151, 21798, 385729, 593707, 2067964166144.0,
554, 149, 21785, 385727, 593722, 2067902496768.0,
555, 153, 21782, 385784, 593671, 2067954270208.0,
556, 148, 21770, 385762, 593695, 2068044513280.0,
557, 150, 21758, 385734, 593732, 2068125646848.0,
558, 151, 21760, 385781, 593689, 2067971571712.0,
559, 151, 21764, 385785, 593694, 2067809239040.0,
560, 147, 21760, 385716, 593749, 2067658637312.0,
561, 152, 21773, 385735, 593670, 2067654967296.0,
562, 149, 21777, 385734, 593711, 2067706740736.0,
563, 152, 21761, 385731, 593674, 2067704250368.0,
564, 147, 21761, 385762, 593675, 2067654246400.0,
565, 149, 21749, 385773, 593682, 2067596836864.0,
566, 149, 21750, 385806, 593672, 2067609288704.0,
567, 149, 21765, 385801, 593595, 2067629604864.0,
568, 153, 21759, 385865, 593630, 2067645005824.0,
569, 151, 21744, 385825, 593680, 2067683016704.0,
570, 154, 21768, 385744, 593709, 2067849936896.0,
571, 150, 21763, 385732, 593686, 2067859963904.0,
572, 149, 21729, 385786, 593703, 2067915079680.0,
573, 151, 21720, 385797, 593715, 2067748683776.0,
574, 152, 21745, 385664, 593766, 2067784531968.0,
575, 154, 21751, 385668, 593775, 2067748814848.0,
576, 153, 21755, 385632, 593814, 2067687800832.0,
577, 148, 21755, 385727, 593693, 2067682295808.0,
578, 149, 21786, 385702, 593819, 2067515965440.0,
579, 151, 21753, 385799, 593720, 2067527041024.0,
580, 148, 21757, 385725, 593728, 2067484639232.0,
581, 151, 21759, 385741, 593671, 2067539886080.0,
582, 152, 21764, 385728, 593736, 2067622068224.0,
583, 149, 21736, 385754, 593744, 2067646382080.0,
584, 148, 21749, 385739, 593741, 2067731972096.0,
585, 151, 21789, 385684, 593710, 2067735379968.0,
586, 151, 21777, 385700, 593775, 2067738984448.0,
587, 152, 21763, 385725, 593713, 2067679543296.0,
588, 150, 21780, 385702, 593690, 2067626000384.0,
589, 150, 21777, 385749, 593668, 2067640221696.0,
590, 151, 21734, 385786, 593699, 2067681574912.0,
591, 151, 21748, 385757, 593746, 2067752943616.0,
592, 150, 21764, 385757, 593681, 2067691536384.0,
593, 152, 21767, 385784, 593656, 2067832897536.0,
594, 151, 21752, 385785, 593688, 2067842007040.0,
595, 150, 21745, 385788, 593681, 2067846856704.0,
596, 151, 21754, 385749, 593717, 2067806420992.0,
597, 148, 21773, 385766, 593645, 2067717816320.0,
598, 151, 21771, 385763, 593739, 2067883360256.0,
599, 151, 21764, 385653, 593791, 2067863764992.0,
600, 150, 21784, 385679, 593775, 2067732037632.0,
601, 148, 21767, 385691, 593779, 2067653722112.0,
602, 150, 21766, 385626, 593819, 2067674497024.0,
603, 151, 21770, 385711, 593743, 2067639828480.0,
604, 152, 21737, 385632, 593779, 2067656933376.0,
605, 150, 21723, 385668, 593772, 2067645202432.0,
606, 150, 21729, 385798, 593709, 2067616169984.0,
607, 153, 21741, 385730, 593682, 2067582877696.0,
608, 149, 21772, 385730, 593702, 2067441516544.0,
609, 152, 21756, 385788, 593719, 2067288621056.0,
610, 150, 21767, 385748, 593730, 2067324403712.0,
611, 151, 21744, 385770, 593713, 2067451019264.0,
612, 150, 21755, 385802, 593659, 2067470417920.0,
613, 149, 21786, 385752, 593656, 2067513475072.0,
614, 150, 21781, 385768, 593631, 2067652411392.0,
615, 152, 21780, 385789, 593621, 2067603259392.0,
616, 150, 21781, 385808, 593615, 2067735183360.0,
617, 148, 21763, 385811, 593657, 2067850985472.0,
618, 151, 21756, 385757, 593693, 2067830341632.0,
619, 151, 21750, 385882, 593632, 2067851313152.0,
620, 150, 21755, 385814, 593671, 2067773325312.0,
621, 152, 21781, 385755, 593694, 2067875168256.0,
622, 153, 21761, 385791, 593660, 2067858194432.0,
623, 150, 21733, 385755, 593711, 2067966984192.0,
624, 151, 21747, 385719, 593667, 2067969540096.0,
625, 150, 21742, 385739, 593690, 2067863109632.0,
626, 152, 21749, 385751, 593666, 2067696386048.0,
627, 153, 21745, 385794, 593675, 2067835912192.0,
628, 152, 21750, 385717, 593733, 2067817693184.0,
629, 149, 21749, 385771, 593692, 2067716243456.0,
630, 153, 21762, 385700, 593733, 2067758841856.0,
631, 152, 21785, 385695, 593733, 2067850985472.0,
632, 148, 21767, 385687, 593714, 2067932577792.0,
633, 152, 21752, 385791, 593689, 2067820511232.0,
634, 149, 21761, 385710, 593712, 2067792855040.0,
635, 151, 21748, 385684, 593812, 2067629867008.0,
636, 151, 21768, 385688, 593768, 2067563413504.0,
637, 149, 21755, 385742, 593723, 2067515310080.0,
638, 152, 21799, 385676, 593777, 2067486277632.0,
639, 153, 21762, 385725, 593718, 2067511377920.0,
640, 149, 21801, 385725, 593695, 2067605422080.0,
641, 152, 21758, 385729, 593706, 2067711918080.0,
642, 149, 21750, 385762, 593678, 2067820249088.0,
643, 151, 21727, 385788, 593649, 2067840696320.0,
644, 149, 21730, 385729, 593718, 2067896205312.0,
645, 151, 21752, 385749, 593736, 2067835060224.0,
646, 150, 21748, 385791, 593616, 2067867172864.0,
647, 153, 21729, 385724, 593646, 2067601227776.0,
648, 148, 21764, 385758, 593683, 2067670564864.0,
649, 150, 21757, 385792, 593654, 2067732496384.0,
650, 152, 21760, 385835, 593617, 2067810418688.0,
651, 152, 21763, 385769, 593756, 2067904266240.0,
652, 151, 21753, 385733, 593718, 2067851837440.0,
653, 148, 21760, 385771, 593724, 2067787546624.0,
654, 150, 21760, 385852, 593649, 2067796393984.0,
655, 153, 21775, 385786, 593686, 2067781844992.0,
656, 150, 21758, 385757, 593740, 2067837353984.0,
657, 148, 21779, 385758, 593704, 2067771162624.0,
658, 152, 21763, 385761, 593669, 2067892273152.0,
659, 150, 21732, 385774, 593682, 2067987038208.0,
660, 150, 21745, 385760, 593693, 2067856556032.0,
661, 151, 21737, 385787, 593676, 2067782828032.0,
662, 150, 21749, 385822, 593585, 2067797049344.0,
663, 150, 21748, 385800, 593631, 2067924385792.0,
664, 150, 21731, 385830, 593673, 2068030291968.0,
665, 150, 21738, 385781, 593695, 2068135477248.0,
666, 152, 21745, 385701, 593753, 2068034158592.0,
667, 148, 21764, 385632, 593829, 2067939983360.0,
668, 149, 21754, 385644, 593797, 2067834404864.0,
669, 151, 21774, 385654, 593791, 2067789316096.0,
670, 153, 21805, 385630, 593779, 2067755433984.0,
671, 152, 21797, 385646, 593794, 2067737804800.0,
672, 148, 21781, 385620, 593798, 2067669909504.0,
673, 151, 21792, 385660, 593762, 2067681116160.0,
674, 150, 21780, 385690, 593764, 2067671810048.0,
675, 150, 21772, 385781, 593714, 2067612237824.0,
676, 149, 21768, 385710, 593738, 2067476971520.0,
677, 152, 21763, 385746, 593669, 2067573637120.0,
678, 148, 21770, 385714, 593749, 2067497549824.0,
679, 149, 21787, 385712, 593718, 2067501023232.0,
680, 151, 21759, 385711, 593762, 2067598082048.0,
681, 150, 21778, 385793, 593689, 2067643891712.0,
682, 148, 21767, 385760, 593729, 2067601686528.0,
683, 149, 21776, 385715, 593746, 2067620036608.0,
684, 152, 21765, 385707, 593743, 2067607519232.0,
685, 150, 21757, 385763, 593734, 2067633274880.0,
686, 152, 21741, 385777, 593716, 2067593953280.0,
687, 151, 21757, 385765, 593719, 2067567804416.0,
688, 151, 21778, 385740, 593720, 2067661586432.0,
689, 154, 21757, 385731, 593671, 2067733676032.0,
690, 151, 21761, 385832, 593668, 2067678429184.0,
691, 153, 21756, 385819, 593679, 2067712180224.0,
692, 150, 21738, 385711, 593684, 2067715850240.0,
693, 153, 21750, 385838, 593616, 2067635306496.0,
694, 149, 21780, 385891, 593668, 2067718078464.0,
695, 153, 21735, 385830, 593687, 2067772276736.0,
696, 154, 21746, 385821, 593663, 2067805831168.0,
697, 151, 21732, 385808, 593715, 2067822280704.0,
698, 153, 21716, 385771, 593674, 2067859243008.0,
699, 148, 21744, 385780, 593681, 2067922550784.0,
700, 149, 21770, 385821, 593651, 2067864551424.0,
701, 149, 21750, 385829, 593615, 2067897843712.0,
702, 151, 21735, 385718, 593706, 2067889324032.0,
703, 151, 21776, 385755, 593704, 2067932774400.0,
704, 151, 21775, 385842, 593589, 2067968098304.0,
705, 150, 21781, 385830, 593611, 2067968753664.0,
706, 152, 21754, 385810, 593685, 2068098383872.0,
707, 150, 21756, 385766, 593642, 2068103168000.0,
708, 151, 21754, 385750, 593743, 2068087439360.0,
709, 150, 21751, 385668, 593766, 2067938738176.0,
710, 153, 21782, 385768, 593688, 2067890634752.0,
711, 151, 21773, 385721, 593717, 2067793575936.0,
712, 151, 21775, 385712, 593729, 2067863306240.0,
713, 151, 21767, 385757, 593709, 2067885654016.0,
714, 151, 21785, 385769, 593701, 2067924975616.0,
715, 150, 21793, 385759, 593659, 2067846529024.0,
716, 152, 21769, 385712, 593769, 2067779354624.0,
717, 150, 21772, 385688, 593745, 2067788595200.0,
718, 147, 21788, 385718, 593683, 2067857145856.0,
719, 151, 21796, 385698, 593741, 2067720699904.0,
